"departamento","municipio","numero_del_predio","direccion","destino_economico","area_terreno","area_construida"
"68","307","000000010001000","LA HONDA VDA CARRIZAL","D","000000072647","001252"
"68","307","000000010002000","LA BELLEZA VDA CARRIZAL","D","000000120000","000455"
"68","307","000000010003000","EL POMARROSO VDA CARRIZAL","D","000000095448","003859"
"68","307","000000010004000","EL POMARROSO Y BETANIA","D","000000031300","002371"
"68","307","000000010005000","CLUB AGUILAS VDA CARRIZAL","D","000000050000","000614"
"68","307","000000010006801","C 68 32 09 LO 01 MZ A CONJ RES LA","S","000000000159","000000"
"68","307","000000010007803","K 31B 70 73 LO 1 MZ A ET 1 CONJ RE","S","000000000160","000000"
"68","307","000000010008000","EL CARRIZAL","D","000000210000","000150"
"68","307","000000010009000","VILLA JULIA VDA CARRIZAL","D","000000104966","000388"
"68","307","000000010010000","EL CARMELO VDA CARRIZAL","D","000000155396","000000"
"68","307","000000010011000","ESCUELA","J","000000000870","000161"
"68","307","000000010012000","SAN ANTONIO","D","000000082500","000024"
"68","307","000000010015000","LA LAGUNA","D","000000175000","000427"
"68","307","000000010016000","EL EDEN VDA CARRIZAL","D","000000061000","000196"
"68","307","000000010017000","SAN FRANCISCO VDA CARRIZAL","D","000000335000","003816"
"68","307","000000010020000","EL TRIUNFO LO 6 VDA EL CARRIZAL","D","000000250273","000000"
"68","307","000000010021000","SAN RAFAEL VDA EL CARRIZAL","D","000000228000","000226"
"68","307","000000010022000","EL PARAMITO VDA EL CARRIZAL","D","000000127000","000146"
"68","307","000000010024000","LA MEDIAGUA","D","000000040000","000202"
"68","307","000000010025000","LA AGUADA VDA CARRIZAL","D","000000259725","000214"
"68","307","000000010026000","LOTE 1 VDA CARRIZAL","D","000000118230","000080"
"68","307","000000010027000","EL BRAMITO","D","000000557000","000108"
"68","307","000000010028000","LAGUNETAS VDA EL CARRIZAL","D","000000099154","000186"
"68","307","000000010029000","LA PAILA VDA EL CARRIZAL","D","000000198374","000108"
"68","307","000000010030000","LA LAJA VDA CARRIZAL","D","000000030000","000040"
"68","307","000000010031000","TERRENO","D","000000022000","000095"
"68","307","000000010032000","EL ESCONDITE VDA CARRIZAL","D","000000041752","000030"
"68","307","000000010033000","PALONEGRO VDA EL CARRIZAL","D","000000165705","000273"
"68","307","000000010033001","RESTAURANTE BUMANGUES","D","000000000000","000448"
"68","307","000000010034000","HACIENDA CARRIZAL RIO DE ORO","D","000003497500","002666"
"68","307","000000010035000","BARRO BLANCO LO 2 SALDO VDA CARRIZ","D","000000057526","000099"
"68","307","000000010037000","LA ESPERANZA VDA CARRIZAL","D","000000066234","000280"
"68","307","000000010037001","RANCHERIA","D","000000000000","000259"
"68","307","000000010038000","MIRAFLORES VDA CARRIZAL","D","000000026700","000146"
"68","307","000000010039000","BUENAVISTA VDA EL CARRIZAL","D","000000038450","000000"
"68","307","000000010040000","LOTE","D","000000014000","000000"
"68","307","000000010043000","CATAY VDA CARRIZAL","D","000000047500","000542"
"68","307","000000010044000","SAN ANTONIO O LOS POMARROSOS VDA C","D","000000019275","000347"
"68","307","000000010046000","LOTE VDA CARRIZAL","D","000000026000","000000"
"68","307","000000010047000","BETANIA VDA CARRIZAL","D","000000095000","000976"
"68","307","000000010057000","EL CONTENTO","D","000000030000","000000"
"68","307","000000010058000","EL CONTENTO VDA CARRIZAL","D","000000045000","000000"
"68","307","000000010059000","HACIENDA EL PARAISO VDA EL CARRIZA","D","000000087383","000000"
"68","307","000000010060000","BALSORA","D","000000079976","001466"
"68","307","000000010065000","LOTE DE TERRENO VDA CARRIZAL","D","000000002891","000000"
"68","307","000000010083000","LO 1 VDA CARRIZAL","D","000000009407","000329"
"68","307","000000010084000","LA PALMITA VDA CARRIZAL","D","000000057500","000902"
"68","307","000000010085000","LO 4 SALDO VDA CARRIZAL","D","000000018286","000898"
"68","307","000000010086000","LA PALMITA","D","000000160000","000252"
"68","307","000000010093000","VILLA SANDRA VDA CARRIZAL","D","000000036041","000483"
"68","307","000000010098000","LA ESPERANZA VDA CARRIZAL","D","000000079032","000027"
"68","307","000000010100000","BUENOS AIRES VDA CARRIZAL","D","000000109671","000081"
"68","307","000000010101000","LOTE VDA EL CARRIZAL","D","000000030000","000883"
"68","307","000000010102000","EL CARRIZAL VDA CARRIZAL","D","000000052900","000000"
"68","307","000000010104000","LAS MINAS LO 2 VDA CARRIZAL","D","000000075978","000000"
"68","307","000000010146000","LADRILLERA LT 1","D","000000036250","000000"
"68","307","000000010151000","LO 1 CLAUDIA MARGARITA VDA EL CARR","D","000000000643","000000"
"68","307","000000010157000","EL GRAN CHAPARRAL VDA CARRIZAL","D","000000054000","000143"
"68","307","000000010158000","EL POMARROSO VDA CARRIZAL","D","000000005306","000024"
"68","307","000000010294000","RONSESVALLES","D","000000173000","000234"
"68","307","000000010324000","LOS NARANJOS VDA CARRIZAL","D","000000009304","000000"
"68","307","000000010325000","VILLA SANDRA VDA CARRIZAL","D","000000019068","000000"
"68","307","000000010326000","VILLA SANDRA","D","000000003586","000139"
"68","307","000000010327000","SAN ANTONIO VDA CARRIZAL","D","000000006534","000000"
"68","307","000000010331000","REFUGIO UNO VDA CARRIZAL","D","000000001779","000000"
"68","307","000000010333000","LO","D","000000001725","000000"
"68","307","000000010334000","MOTEL LOS CHALETS VDA CARRIZAL","D","000000002485","000000"
"68","307","000000010335000","LO VDA CARRIZAL","D","000000003447","000000"
"68","307","000000010336000","LO VDA CARRIZAL","D","000000001532","000000"
"68","307","000000010342000","LA ESPERANZA VDA EL CARRIZAL","D","000000020000","000000"
"68","307","000000010343000","CARRIZAL NORTE","D","000000024229","000000"
"68","307","000000010344000","FINCA LA CORONA VDA CARRIZAL","D","000000547112","000517"
"68","307","000000010345000","SAN JOSE","D","000000020000","000000"
"68","307","000000010346000","MONTERREDONDO","D","000000059000","000000"
"68","307","000000010347000","LA PRIMAVERA","D","000000018000","000098"
"68","307","000000010350000","BRISAS DE PALONEGRO","D","000000005159","000193"
"68","307","000000010351000","VILLA MARCELA VDA CARRIZAL","D","000000015000","000039"
"68","307","000000010358000","LA TRINIDAD VDA CARRIZAL","D","000000077500","000000"
"68","307","000000010359000","OJO DE AGUA","D","000000030000","000104"
"68","307","000000010360000","LO CARRIZAL","D","000000019691","000000"
"68","307","000000010364000","LO CARRIZAL","D","000000087500","000096"
"68","307","000000010365000","LO VDA CARRIZAL","D","000000013750","000000"
"68","307","000000010366000","LOTE VDA CARRIZAL","D","000000030000","000000"
"68","307","000000010370000","VISTA HERMOSA","D","000000010000","000233"
"68","307","000000010371000","VILLA CRISTINA VDA CARRIZAL","D","000000013000","000040"
"68","307","000000010372000","EL MACANILLO","D","000000033000","000182"
"68","307","000000010373000","LO VDA CARRIZAL","A","000000000096","000025"
"68","307","000000010374000","LO VDA CARRIZAL","D","000000005304","000000"
"68","307","000000010376000","TERRENO VDA CARRIZAL","D","000000026065","000000"
"68","307","000000010381000","FINCA PALONEGRO VDA CARRIZAL","D","000001075000","000000"
"68","307","000000010384000","LO 2 EL MIRADOR VDA EL CARRIZAL","D","000000015000","000000"
"68","307","000000010385000","LO 11 EL CARRIZAL VDA CARRIZAL","D","000000001000","000000"
"68","307","000000010397000","LOTE VDA CARRIZAL","D","000000000298","000000"
"68","307","000000010403000","TERRENO VDA CARRIZAL","D","000000000340","000000"
"68","307","000000010408000","TERRENO VDA CARRIZAL","D","000000004325","000000"
"68","307","000000010409000","MIRADORES DE SAN ANTONIO VDA CARRI","D","000000003308","000000"
"68","307","000000010411000","LO VDA CARRIZAL","D","000000000112","000000"
"68","307","000000010414000","LO VDA CARRIZAL","D","000000000087","000000"
"68","307","000000010420000","TERRENO VDA CARRIZAL","D","000000082500","000537"
"68","307","000000010423000","LOTE VDA CARRIZAL","D","000000000053","000000"
"68","307","000000010425000","LO VDA CARRIZAL","D","000000000090","000058"
"68","307","000000010426000","LO VDA CARRIZAL","D","000000000084","000000"
"68","307","000000010427000","LO VDA CARRIZAL","D","000000000084","000000"
"68","307","000000010428000","LO VDA CARRIZAL","D","000000000072","000000"
"68","307","000000010433000","LO VDA CARRIZAL","D","000000000084","000084"
"68","307","000000010436000","LAS DELICIAS VDA CARRIZAL","D","000000001445","000000"
"68","307","000000010442000","LT VDA CARRIZAL","D","000000000047","000000"
"68","307","000000010445000","LOTE VDA CARRIZAL","D","000000028855","000118"
"68","307","000000010455000","LA PALMITA VDA CARRIZAL","D","000000000308","000000"
"68","307","000000010456000","TERRENO VDA CARRIZAL","D","000000000147","000000"
"68","307","000000010457000","TERRENO VDA CARRIZAL","D","000000000123","000000"
"68","307","000000010459000","TERRENO VDA CARRIZAL","D","000000000219","000000"
"68","307","000000010460000","TERRENO VDA CARRIZAL","D","000000000230","000000"
"68","307","000000010462000","TERRENO VDA CARRIZAL","D","000000000168","000000"
"68","307","000000010463000","TERRENO VDA CARRIZAL","D","000000000084","000000"
"68","307","000000010464000","TERRENO VDA CARRIZAL","D","000000000090","000090"
"68","307","000000010465000","TERRENO VDA CARRIZAL","D","000000000078","000000"
"68","307","000000010466000","TERRENO VDA CARRIZAL","D","000000000074","000000"
"68","307","000000010467000","TERRENO VDA CARRIZAL","D","000000000084","000000"
"68","307","000000010469000","C 43 33 21 CS 15","D","000000000090","000000"
"68","307","000000010470000","LO","D","000000000084","000000"
"68","307","000000010472000","LOTE VDA CARRIZAL","D","000000000352","000000"
"68","307","000000010474000","LO DE TERRENO VDA CARRIZAL","D","000000000080","000000"
"68","307","000000010476000","LO DE TERRENO VDA CARRIZAL","D","000000000084","000000"
"68","307","000000010478000","LO DE TERRENO VDA CARRIZAL","D","000000000289","000000"
"68","307","000000010486000","LO DE TERRENO VDA CARRIZAL","D","000000002538","000000"
"68","307","000000010506000","GAVILANES BELLAVISTA","D","000000156138","000294"
"68","307","000000010549000","LOTE VDA CARRIZAL","D","000000000072","000000"
"68","307","000000010557000","EL PRADO LO A VDA EL CARRIZAL","D","000000445564","000188"
"68","307","000000010558000","LOTE B VDA CARRIZAL","D","000000006200","000000"
"68","307","000000010571000","LOTE","D","000000000090","000000"
"68","307","000000010573000","LO DE TERRENO VDA CARRIZAL","A","000000000216","000349"
"68","307","000000010574000","LO DE TERRENO","D","000000000156","000000"
"68","307","000000010577000","LO VDA CARRIZAL","D","000000000084","000000"
"68","307","000000010578000","LOTE","D","000000000090","000000"
"68","307","000000010579000","LO VDA CARRIZAL","D","000000000067","000000"
"68","307","000000010590000","K 30 35 04 UR BELLAVISTA","D","000000000041","000000"
"68","307","000000010591000","LO CARRIZAL","P","000000000148","000000"
"68","307","000000010596000","LT 15 VDA CARRIZAL","D","000000000055","000000"
"68","307","000000010606000","LOTE VDA CARRIZAL","D","000000000072","000000"
"68","307","000000010608000","C 37 34 40 VDA CARRIZAL","D","000000000350","000000"
"68","307","000000010609000","LO A VDA CARRIZAL","D","000000017772","000000"
"68","307","000000010611000","LOS TRINITARIOS VDA CARRIZAL","A","000000000438","000141"
"68","307","000000010613000","LOTE VDA. CARRIZAL","D","000000000072","000000"
"68","307","000000010615000","LOTE VEREDA CARRIZAL","D","000000071597","000093"
"68","307","000000010616000","C 37A 30 21 LO 1 BR ALTOS DE BELLA","Q","000000000891","000000"
"68","307","000000010630000","ZONA DE VIAS","P","000000000700","000000"
"68","307","000000010631000","EL TOPACIO","D","000000047742","000055"
"68","307","000000010632000","VILLA MARIA VDA EL CARRIZAL","D","000000042258","000103"
"68","307","000000010739000","LOTE VDA CARRIZAL","D","000000001681","000000"
"68","307","000000010740000","LO 23 A","D","000000000085","000000"
"68","307","000000010741000","LO 1 MZ E VDA CARRIZAL","D","000000000072","000000"
"68","307","000000010742000","LO 2 MZ E VDA CARRIZAL","D","000000000072","000000"
"68","307","000000010743000","LO 9A VDA CARRIZAL","A","000000000072","000200"
"68","307","000000010744000","LT 10 MC VDA CARRIZAL","D","000000000084","000000"
"68","307","000000010745000","CARRIZAL 10 VDA CARRIZAL","D","000000003670","000000"
"68","307","000000010746000","LOTE 5 VDA EL CARRIZAL","D","000000000772","000000"
"68","307","000000010747000","LOTE 1 VDA EL CARRIZAL","D","000000001228","000000"
"68","307","000000010748000","LOTE VDA EL CARRIZAL","D","000000000150","000000"
"68","307","000000010749000","LOTE 4 VDA EL CARRIZAL","D","000000002242","000000"
"68","307","000000010750000","CASA 3 UR ALTOS DEL CARRIZAL","D","000000000244","000046"
"68","307","000000010753000","LOTE VDA EL CARRIZAL","D","000000000225","000000"
"68","307","000000010754000","CARRIZAL 11 VDA CARRIZAL","D","000000003015","000000"
"68","307","000000010756000","LA CABANA VDA CARRIZAL","D","000000010000","000000"
"68","307","000000010759000","LOTE 1B VDA CARRIZAL","D","000000013229","000000"
"68","307","000000010760000","LOTE 1C MOTEL 24 HORAS VDA CARRIZA","D","000000026649","001801"
"68","307","000000010770000","LO CARRIZAL","A","000000000072","000067"
"68","307","000000010771000","LO 26 VDA CARRIZAL","A","000000000102","000068"
"68","307","000000010772000","LO 28 CARRIZAL","A","000000000072","000054"
"68","307","000000010781000","LOTE VDA CARRIZAL","D","000000000054","000000"
"68","307","000000010783000","LT EL CARRIZAL No. 9","D","000000001125","000000"
"68","307","000000010787000","LA PALMITA LA HONDA EL CARRIZAL","D","000000041008","000190"
"68","307","000000010788000","LO CARRIZAL","A","000000000271","000050"
"68","307","000000010790000","LO MIRADORES DE SAN ANTONIO CARRIZ","A","000000000072","000128"
"68","307","000000010791000","LO MIRADORES DE SAN ANTONIO CARRIZ","A","000000000072","000068"
"68","307","000000010792000","LO MIRADORES DE SAN ANTONIO","A","000000000072","000150"
"68","307","000000010793000","LO MIRADORES DE SAN ANTONIO CARRIZ","A","000000000072","000066"
"68","307","000000010794000","EL TAMARINDO VDA EL CARRIZAL","A","000000000229","000048"
"68","307","000000010795000","LO ALTO DE LA PALMA CARRIZAL","A","000000000072","000144"
"68","307","000000010796000","LA FORTUNA CARRIZAL","R","000000000072","000000"
"68","307","000000010797000","LO MIRADORES DE SAN ANTONIO CARRIZ","A","000000000072","000056"
"68","307","000000010798000","LO ALTOS DE LA PALMA CARRIZAL","A","000000000072","000132"
"68","307","000000010799000","LO ALTOS DE LA PALMA CARRIZAL","A","000000000072","000090"
"68","307","000000010800000","LO ALTOS DE LA PALMA CARRIZAL","A","000000000072","000067"
"68","307","000000010801000","LO ALTOS DE LA PALMA CARRIZAL","A","000000000072","000069"
"68","307","000000010802000","LO MIRADORES DE SAN ANTONIO CARRIZ","A","000000000072","000063"
"68","307","000000010804000","LO 28 MIRADORES DE SAN ANTONIO CAR","A","000000000072","000138"
"68","307","000000010805000","MIRADORES DE SAN ANTONIO LO 20","A","000000000072","000060"
"68","307","000000010806000","ALTO DE LA PALMA LT 13 CARRIZAL","R","000000000072","000000"
"68","307","000000010807000","MIRADORES DE SAN ANTONIO CARRIZAL","R","000000000072","000000"
"68","307","000000010809000","LOTE 1 VDA CARRIZAL","D","000000130367","000000"
"68","307","000000010810000","LOTE 5 VDA CARRIZAL","D","000000050055","000000"
"68","307","000000010814000","MIRADORES DEL CARRIZAL VDA. CARRIZ","D","000000000330","000000"
"68","307","000000010815000","LOTE VDA CARRIZAL","D","000000000072","000000"
"68","307","000000010816000","LOTE VDA CARRIZAL","D","000000000072","000000"
"68","307","000000010817000","LOTE VDA CARRIZAL","D","000000000072","000000"
"68","307","000000010818000","LO VDA CARRIZAL","D","000000000125","000000"
"68","307","000000010821000","VILLA DELMA VDA CARRIZAL","D","000000002065","000067"
"68","307","000000010822000","LO VDA CARRIZAL","D","000000000072","000000"
"68","307","000000010851000","LOTE VDA. CARRIZAL","D","000000047000","000090"
"68","307","000000010854000","LA ESPERANZA VDA CARRIZAL","D","000000104600","000000"
"68","307","000000010856000","LO 1 VDA CARRIZAL","D","000000000638","000083"
"68","307","000000010860000","LO 2 VDA CARRIZAL","D","000000000280","000000"
"68","307","000000010861000","LO VDA CARRIZAL","D","000000000087","000000"
"68","307","000000010862000","LOTE VDA CARRIZAL","D","000000000060","000000"
"68","307","000000010863000","LO 3 VDA CARRIZAL","D","000000000056","000000"
"68","307","000000010864000","LO 1 CARRIZAL","A","000000001413","000053"
"68","307","000000010865000","LO 2 CARRIZAL","A","000000001404","000194"
"68","307","000000010866000","LO 3 CARRIZAL","A","000000001300","000142"
"68","307","000000010867000","LO 4 VIA CARRIZAL","R","000000001127","000000"
"68","307","000000010868000","LO CARRIZAL","A","000000000094","000089"
"68","307","000000010869000","LO 1 CARRIZAL","A","000000000081","000078"
"68","307","000000010870000","LO 2 CARRIZAL","A","000000000081","000078"
"68","307","000000010871000","LO CARRIZAL","R","000000000112","000000"
"68","307","000000010872000","LO CARRIZAL","R","000000000072","000000"
"68","307","000000010873000","LO CARRIZAL","A","000000000072","000053"
"68","307","000000010874000","LO CARRIZAL","A","000000000021","000121"
"68","307","000000010882000","LO VDA CARRIZAL","S","000000000091","000000"
"68","307","000000010883000","LO VDA CARRIZAL","D","000000000829","000000"
"68","307","000000010884000","LO VDA CARRIZAL","A","000000000083","000163"
"68","307","000000010888000","LO CARRIZAL","A","000000000072","000068"
"68","307","000000010889000","ALTOS DE LA PALMA CARRIZAL","A","000000000072","000142"
"68","307","000000010890000","SANDRA CARRIZAL","A","000000000072","000141"
"68","307","000000010892000","LO A MIRADORES DE SAN ANTONIO CARR","R","000000000863","000000"
"68","307","000000010897000","SAN CLEMENTE VDA CARRIZAL","R","000000002211","000000"
"68","307","000000010898000","LO VDA CARRIZAL","S","000000000090","000000"
"68","307","000000010899000","LO VDA CARRIZAL","S","000000000055","000000"
"68","307","000000010900000","LO CARRIZAL","A","000000000072","000150"
"68","307","000000010901000","LOTE DE TERRENO VDA CARRIZAL","D","000000000400","000000"
"68","307","000000010902000","LO VDA CARRIZAL","D","000000033000","000000"
"68","307","000000010908000","LO VDA CARRIZAL","A","000000000072","000203"
"68","307","000000010909000","LO SEC 3 VDA CARRIZAL","A","000000000072","000141"
"68","307","000000010910000","LO VDA CARRIZAL","A","000000000072","000144"
"68","307","000000010911000","LO VDA CARRIZAL","D","000000000072","000000"
"68","307","000000010912000","LO VDA CARRIZAL","D","000000000620","000000"
"68","307","000000010913000","LO VDA CARRIZAL","D","000000000285","000000"
"68","307","000000010915000","LO MIRADORES DE SAN ANTONIO","A","000000000072","000060"
"68","307","000000010916000","LO MIRADORES DE SAN ANTONIO CARRIZ","R","000000000144","000000"
"68","307","000000010917000","LO CARRIZAL","A","000000000072","000057"
"68","307","000000010936000","LO MIRADORES DE SAN ANTONIO CARRIZ","R","000000000144","000000"
"68","307","000000010939000","LA ESTRELLA VDA CARRIZAL","D","000000001710","000000"
"68","307","000000010941001","CS VDA CARRIZAL","A","000000000000","000060"
"68","307","000000010941002","CS VDA CARRIZAL","A","000000000000","000066"
"68","307","000000010941003","CS VDA CARRIZAL","A","000000000000","000028"
"68","307","000000010947000","LO MI VILLA UR MIRADORES DE SAN AN","A","000000000072","000060"
"68","307","000000011061000","DAYANNA LO CARRIZAL","A","000000000084","000035"
"68","307","000000011064000","LO A1 VDA CARRIZAL","D","000000000857","000000"
"68","307","000000011065000","PARCELA 4 VDA CARRIZAL","D","000000000553","000000"
"68","307","000000011066000","PARCELA 5 VDA CARRIZAL","D","000000020982","000000"
"68","307","000000011067000","AREA CESION PARA VIAS PEATONALES","D","000000001812","000000"
"68","307","000000011068000","LOTE AREA DE CESION PARA VIAS PEAT","D","000000000608","000000"
"68","307","000000011069000","PARCELA 1 MZ 4 SEC 2 VDA CARRIZAL","D","000000000072","000000"
"68","307","000000011070000","PARCELA 1 MZ 1 SEC 1 VDA CARRIZAL","D","000000000072","000000"
"68","307","000000011071000","PARCELA 2 MZ 1 SEC 1 VDA CARRIZA","D","000000000072","000000"
"68","307","000000011072000","PARCELA 3 MZ 1 SEC 1 VDA CARRIZAL","D","000000000072","000000"
"68","307","000000011073000","PARCELA 4 MZ 1 SEC 1 VDA CARRIZA","D","000000000072","000000"
"68","307","000000011074000","PARCELA 5 MZ 1 SEC 1 VDA CARRIZA","D","000000000072","000000"
"68","307","000000011075000","PARCELA 6 MZ 1 SEC 1 VDA CARRIZAL","D","000000000072","000030"
"68","307","000000011076000","PARCELA 7 MZ 1 SEC 1 VDA CARRIZA","D","000000000072","000000"
"68","307","000000011077000","PARCELA 8 MZ 1 SEC 1 VDA CARRIZAL","D","000000000072","000000"
"68","307","000000011078000","PARCELA 9 MZ 1A SEC 1 VDA CARRIZAL","D","000000000072","000000"
"68","307","000000011079000","PARCELA 10 MZ 1A SEC 1 VDA CARRIZA","D","000000000072","000000"
"68","307","000000011080000","PARCELA 11 MZ 1A SEC 1 VDA CARRIZA","D","000000000072","000000"
"68","307","000000011081000","PARCELA 12 MZ 1A SEC 1 VDA CARRIZA","D","000000000072","000000"
"68","307","000000011082000","PARCELA 13 MZ 1A SEC 1 VDA CARRIZA","D","000000000072","000000"
"68","307","000000011083000","PARCELA 14 MZ 1A SEC 1 VDA CARRIZA","D","000000000072","000000"
"68","307","000000011084000","PARCELA 15 MZ 1A SEC 1 VDA CARRIZA","D","000000000072","000000"
"68","307","000000011085000","PARCELA 16 MZ 1A SEC 1 VDA CARRIZA","D","000000000072","000000"
"68","307","000000011086000","PARCELA 1 MZ 2 SEC 1 VDA CARRIZAL","D","000000000072","000000"
"68","307","000000011087000","PARCELA 2 MZ 2 SEC 1 VDA CARRIZA","D","000000000072","000000"
"68","307","000000011088000","PARCELA 3 MZ 2 SEC 1 VDA CARRIZA","D","000000000072","000000"
"68","307","000000011089000","PARCELA 4 MZ 2 SEC 1 VDA CARRIZA","D","000000000072","000000"
"68","307","000000011090000","PARCELA 5 MZ 2 SEC 1 VDA CARRIZAL","D","000000000072","000000"
"68","307","000000011091000","PARCELA 6 MZ 2 SEC 1 VDA CARRIZAL","D","000000000072","000000"
"68","307","000000011092000","PARCELA 7 MZ 2 SEC 1 VDA CARRIZA","D","000000000072","000000"
"68","307","000000011093000","PARCELA 8 MZ 2 SEC 1 VDA CARRIZA","D","000000000072","000000"
"68","307","000000011094000","PARCELA 9 MZ 2 SEC 1 VDA CARRIZA","D","000000000072","000000"
"68","307","000000011095000","PARCELA 10 MZ 2 SEC 1 VDA CARRIZAL","D","000000000072","000000"
"68","307","000000011096000","PARCELA 11 MZ 2 SEC 1 VDA CARRIZA","D","000000000072","000000"
"68","307","000000011097000","PARCELA 12 MZ 2 SEC 1 VDA CARRIZA","D","000000000072","000000"
"68","307","000000011098000","PARCELA 13 MZ 2 SEC 1 VDA CARRIZAL","D","000000000072","000000"
"68","307","000000011099000","PARCELA 14 MZ 2 SEC 1 VDA CARRIZA","D","000000000072","000000"
"68","307","000000011100000","PARCELA 15 MZ 2A SEC 1 VDA CARRIZA","D","000000000072","000000"
"68","307","000000011101000","PARCELA 16 MZ 2A SEC 1 VDA CARRIZA","D","000000000072","000000"
"68","307","000000011102000","PARCELA 17 MZ 2A SEC 1 VDA CARRIZA","D","000000000072","000000"
"68","307","000000011103000","PARCELA 18 MZ 2A SEC 1 VDA CARRIZA","D","000000000072","000000"
"68","307","000000011104000","PARCELA 19 MZ 2A SEC 1 VDA CARRIZA","D","000000000072","000000"
"68","307","000000011105000","PARCELA 1 MZ 1 SEC 2 VDA CARRIZA","D","000000000072","000000"
"68","307","000000011106000","PARCELA 2 MZ 1 SEC 2 VDA CARRIZA","D","000000000072","000000"
"68","307","000000011107000","PARCELA 3 MZ 1 SEC 2 VDA CARRIZAL","D","000000000072","000000"
"68","307","000000011108000","PARCELA 4 MZ 1 SEC 2 VDA CARRIZA","D","000000000072","000000"
"68","307","000000011109000","PARCELA 5 MZ 1 SEC 2 VDA CARRIZA","D","000000000072","000000"
"68","307","000000011110000","PARCELA 7 MZ 1 SEC 2 VDA CARRIZAL","D","000000000072","000000"
"68","307","000000011111000","PARCELA 9 MZ 1 SEC 2 VDA CARRIZA","D","000000000072","000000"
"68","307","000000011112000","PARCELA 11 MZ 1 SEC 2 VDA CARRIZA","D","000000000072","000000"
"68","307","000000011113000","PARCELA 13 MZ 1 SEC 2 VDA CARRIZAL","D","000000000072","000000"
"68","307","000000011114000","PARCELA 15 MZ 1 SEC 2 VDA CARRIZA","D","000000000072","000000"
"68","307","000000011115000","PARCELA 17 MZ 1 SEC 2 VDA CARRIZAL","D","000000000072","000000"
"68","307","000000011116000","PARCELA 6 MZ 1 SEC 2 VDA CARRIZA","D","000000000072","000000"
"68","307","000000011117000","PARCELA 8 MZ 1 SEC 2 VDA CARRIZA","D","000000000072","000000"
"68","307","000000011118000","PARCELA 10 MZ 1 SEC 2 VDA CARRIZA","D","000000000072","000000"
"68","307","000000011119000","PARCELA 12 MZ 1 SEC 2 VDA CARRIZAL","D","000000000072","000000"
"68","307","000000011120000","PARCELA 14 MZ 1 SEC 2 VDA CARRIZA","D","000000000072","000000"
"68","307","000000011121000","PARCELA 16 MZ 1 SEC 2 VDA CARRIZA","D","000000000072","000000"
"68","307","000000011122000","PARCELA 18 MZ 1 SEC 2 VDA CARRIZA","D","000000000072","000000"
"68","307","000000011123000","PARCELA 1 MZ 2 SEC 2 VDA CARRIZA","D","000000000072","000000"
"68","307","000000011124000","PARCELA 3 MZ 2 SEC 2 VDA CARRIZA","D","000000000072","000000"
"68","307","000000011125000","PARCELA 5 MZ 2 SEC 2 VDA CARRIZAL","D","000000000072","000000"
"68","307","000000011126000","PARCELA 7 MZ 2 SEC 2 VDA CARRIZA","D","000000000072","000000"
"68","307","000000011127000","PARCELA 9 MZ 2 SEC 2 VDA CARRIZA","D","000000000072","000000"
"68","307","000000011128000","PARCELA 11 MZ 2 SEC 2 VDA CARRIZA","D","000000000072","000000"
"68","307","000000011129000","PARCELA 13 MZ 2 SEC 2 VDA CARRIZA","D","000000000072","000000"
"68","307","000000011130000","PARCELA 15 MZ 2 SEC 2 VDA CARRIZA","D","000000000072","000000"
"68","307","000000011131000","PARCELA 16 MZ 2 SEC 2 VDA CARRIZAL","D","000000000072","000000"
"68","307","000000011132000","PARCELA 14 MZ 2 SEC 2 VDA CARRIZA","D","000000000072","000000"
"68","307","000000011133000","PARCELA 12 MZ 2 SEC 2 VDA CARRIZA","D","000000000072","000000"
"68","307","000000011134000","PARCELA 10 MZ 2 SEC 2 VDA CARRIZA","D","000000000072","000000"
"68","307","000000011135000","PARCELA 8 MZ 2 SEC 2 VDA CARRIZA","D","000000000072","000000"
"68","307","000000011136000","PARCELA 6 MZ 2 SEC 2 VDA CARRIZAL","D","000000000072","000000"
"68","307","000000011137000","PARCELA 4 MZ 2 SEC 2 VDA CARRIZAL","D","000000000072","000000"
"68","307","000000011138000","PARCELA 2 MZ 2 SEC 2 VDA CARRIZA","D","000000000072","000000"
"68","307","000000011139000","PARCELA 1 MZ 3 SEC 2 VDA CARRIZA","D","000000000072","000000"
"68","307","000000011140000","PARCELA 3 MZ 3 SEC 2 VDA CARRIZAL","D","000000000072","000000"
"68","307","000000011141000","PARCELA 5 MZ 3 SEC 2 VDA CARRIZA","D","000000000072","000000"
"68","307","000000011142000","PARCELA 7 MZ 3 SEC 2 VDA CARRIZA","D","000000000072","000000"
"68","307","000000011143000","PARCELA 9 MZ 3 SEC 2 VDA CARRIZAL","D","000000000072","000000"
"68","307","000000011144000","PARCELA 11 MZ 3 SEC 2 VDA CARRIZA","D","000000000072","000000"
"68","307","000000011145000","PARCELA 13 MZ 3 SEC 2 VDA CARRIZA","D","000000000072","000000"
"68","307","000000011146000","PARCELA 14 MZ 3 SEC 2 VDA CARRIZA","D","000000000072","000000"
"68","307","000000011147000","PARCELA 12 MZ 3 SEC 2 VDA CARRIZAL","D","000000000072","000000"
"68","307","000000011148000","PARCELA 10 MZ 3 SEC 2 VDA CARRIZA","D","000000000072","000000"
"68","307","000000011149000","PARCELA 8 MZ 3 SEC 2 VDA CARRIZA","D","000000000072","000000"
"68","307","000000011150000","PARCELA 6 MZ 3 SEC 2 VDA CARRIZA","D","000000000072","000000"
"68","307","000000011151000","PARCELA 4 MZ 3 SEC 2 VDA CARRIZAL","D","000000000072","000000"
"68","307","000000011152000","PARCELA 2 MZ 3 SEC 2 VDA CARRIZA","D","000000000072","000000"
"68","307","000000011153000","PARCELA 2 MZ 4 SEC 2 VDA CARRIZA","D","000000000072","000000"
"68","307","000000011154000","PARCELA 3 MZ 4 SEC 2 VDA CARRIZA","D","000000000072","000000"
"68","307","000000011155000","PARCELA 4 MZ 4 SEC 2 VDA CARRIZAL","D","000000000072","000000"
"68","307","000000011156000","PARCELA 5 MZ 4 SEC 2 VDA CARRIZA","D","000000000072","000000"
"68","307","000000011157000","PARCELA 7 MZ 4 SEC 2 VDA CARRIZA","D","000000000072","000000"
"68","307","000000011158000","PARCELA 9 MZ 4 SEC 2 VDA CARRIZA","D","000000000072","000000"
"68","307","000000011159000","PARCELA 11 MZ 4 SEC 2 VDA CARRIZA","D","000000000072","000000"
"68","307","000000011160000","PARCELA 13 MZ 4 SEC 2 VDA CARRIZA","D","000000000072","000000"
"68","307","000000011161000","PARCELA 15 MZ 4 SEC 2 VDA CARRIZA","D","000000000072","000000"
"68","307","000000011162000","PARCELA 17 MZ 4 SEC 2 VDA CARRIZAL","D","000000000072","000000"
"68","307","000000011163000","PARCELA 19 MZ 4 SEC 2 VDA CARRIZA","D","000000000072","000000"
"68","307","000000011164000","PARCELA 20 MZ 4 SEC 2 VDA CARRIZA","D","000000000072","000000"
"68","307","000000011165000","PARCELA 18 MZ 4 SEC 2 VDA CARRIZA","D","000000000072","000000"
"68","307","000000011166000","PARCELA 16 MZ 4 SEC 2 VDA CARRIZA","D","000000000072","000000"
"68","307","000000011167000","PARCELA 14 MZ 4 SEC 2 VDA CARRIZA","D","000000000072","000000"
"68","307","000000011168000","PARCELA 12 MZ 4 SEC 2 VDA CARRIZA","D","000000000072","000000"
"68","307","000000011169000","PARCELA 10 MZ 4 SEC 2 VDA CARRIZA","D","000000000072","000000"
"68","307","000000011170000","PARCELA 8 MZ 4 SEC 2 VDA CARRIZA","D","000000000072","000000"
"68","307","000000011171000","PARCELA 6 MZ 4 SEC 2 VDA CARRIZAL","D","000000000072","000000"
"68","307","000000011172000","PARCELA 1 MZ 5 SEC 2 VDA CARRIZAL","D","000000000072","000000"
"68","307","000000011173000","PARCELA 2 MZ 5 SEC 2 VDA CARRIZA","D","000000000072","000000"
"68","307","000000011174000","PARCELA 3 MZ 5 SEC 2 VDA CARRIZA","D","000000000072","000000"
"68","307","000000011175000","PARCELA 4 MZ 5 SEC 2 VDA CARRIZAL","D","000000000072","000000"
"68","307","000000011176000","PARCELA 5 MZ 5 SEC 2 VDA CARRIZAL","D","000000000072","000000"
"68","307","000000011177000","PARCELA 6 MZ 5 SEC 2 VDA CARRIZA","D","000000000072","000000"
"68","307","000000011178000","PARCELA 7 MZ 5 SEC 2 VDA CARRIZA","D","000000000072","000000"
"68","307","000000011179000","PARCELA 8 MZ 5 SEC 2 VDA CARRIZAL","D","000000000072","000000"
"68","307","000000011180000","PARCELA 1 MZ 6 SEC 2 VDA CARRIZAL","D","000000000072","000000"
"68","307","000000011181000","PARCELA 2 MZ 6 SEC 2 VDA CARRIZAL","D","000000000072","000000"
"68","307","000000011182000","PARCELA 3 MZ 6 SEC 2 VDA CARRIZA","D","000000000072","000000"
"68","307","000000011183000","PARCELA 4 MZ 6 SEC 2 VDA CARRIZA","D","000000000072","000000"
"68","307","000000011184000","PARCELA 5 MZ 6 SEC 2 VDA CARRIZAL","D","000000000072","000000"
"68","307","000000011185000","PARCELA 6 MZ 6 SEC 2 VDA CARRIZA","D","000000000072","000000"
"68","307","000000011186000","LO CARRIZAL","A","000000000050","000103"
"68","307","000000011187000","LO CARRIZAL","A","000000000048","000093"
"68","307","000000011188000","LO CARRIZAL","R","000000000048","000000"
"68","307","000000011191000","LO VDA CARRIZAL","D","000000000160","000000"
"68","307","000000011192000","LO VDA CARRIZAL","D","000000000160","000000"
"68","307","000000011193000","LAS FLORES VDA CARRIZAL","D","000000000053","000053"
"68","307","000000011194000","LO VDA CARRIZAL","D","000000000144","000000"
"68","307","000000011195000","LO VDA CARRIZAL","D","000000001749","000000"
"68","307","000000011209000","LOTE VDA CARRIZAL","D","000000000130","000000"
"68","307","000000011210000","LO VDA CARRIZAL","A","000000000072","000195"
"68","307","000000011211000","LO SEC 3 VDA CARRIZAL","D","000000000074","000033"
"68","307","000000011212000","LOTE 2 VDA CARRIZAL","D","000000000178","000040"
"68","307","000000011213000","LOTE VDA CARRIZAL","D","000000017959","000000"
"68","307","000000011214000","EL RECREO VDA CARRIZAL","D","000000008248","000000"
"68","307","000000011225000","C 37 34 40 VDA CARRIZAL","A","000000000092","000092"
"68","307","000000011232000","LO B VDA CARRIZAL","D","000000035886","000000"
"68","307","000000011236005","CS 111E VDA CARRIZAL","A","000000000000","000039"
"68","307","000000011237005","CS 120 VDA CARRIZAL","A","000000000000","000032"
"68","307","000000011237006","CS 122 VDA CARRIZAL","A","000000000000","000038"
"68","307","000000011249000","C 42 34B 03 IN 1 P 1 BR EL PARAISO","A","000000000072","000068"
"68","307","000000011250000","LO BR EL PARAISO","A","000000000067","000064"
"68","307","000000011251000","K 34B 41 70 BR EL PARAISO","A","000000000065","000050"
"68","307","000000011252000","K 34B PEAT LO IN BR EL PARAISO","A","000000000065","000053"
"68","307","000000011253000","K 35 PEAT LO IN BR EL PARAISO","R","000000000156","000000"
"68","307","000000011254000","C 42 34A 27 BR EL PARAISO","A","000000000081","000074"
"68","307","000000011255000","LO BR BELLAVISTA VDA CARRIZAL","A","000000000062","000055"
"68","307","000000011257000","C 37B 29 19 BR BELLAVISTA VDA CARR","A","000000000113","000208"
"68","307","000000011331000","LO SALDO VDA CARRIZAL","A","000000000730","000392"
"68","307","000000011332000","C 37 29B PAR LO 3 BR BELLAVISTA","R","000000000368","000000"
"68","307","000000011339022","CS 145 BR CONVIVIR VDA CARRIZAL","A","000000000000","000081"
"68","307","000000011340013","CS 160 VDA CARRIZAL","A","000000000000","000058"
"68","307","000000011346000","LOTE VDA CARRIZAL","D","000000002009","000000"
"68","307","000000011347000","LOTE VDA CARRIZAL","D","000000001682","000000"
"68","307","000000011348000","LOTE VDA CARRIZAL","D","000000001300","000160"
"68","307","000000011349000","LOTE 1 LOMA LINDA VDA CARRIZAL","D","000000037500","000148"
"68","307","000000011350000","LOTE 3 VDA CARRIZAL","D","000000118330","000080"
"68","307","000000011351000","LAS PALMAS LO 2 VDA CARRIZAL","D","000000032520","000084"
"68","307","000000011352000","VILLA DANIELA VDA CARRIZAL","D","000000051034","000000"
"68","307","000000011364000","LO 1 VDA CARRIZAL","S","000000000032","000000"
"68","307","000000011367000","LO VDA EL CARRIZAL","D","000000000063","000000"
"68","307","000000011368000","LO 1 VDA CARRIZAL","D","000000000602","000000"
"68","307","000000011369000","LO 2 VDA CARRIZAL","D","000000000924","000000"
"68","307","000000011370000","LO 3 VDA CARRIZAL","D","000000000855","000000"
"68","307","000000011373000","LO VDA CARRIZAL","D","000000035000","000000"
"68","307","000000011374000","LO VDA CARRIZAL","D","000000000088","000030"
"68","307","000000011391000","DONNATTELLA LO DE TERRENO DE FORMA","D","000000000987","000120"
"68","307","000000011398000","LO VDA CARRIZAL","D","000000010000","000000"
"68","307","000000011399000","EL PARAISO VDA CARRIZAL","D","000000010000","000000"
"68","307","000000011427000","LO VDA CARRIZAL","D","000000000039","000000"
"68","307","000000011619000","LA ARIZA VDA CARRIZAL","D","000000006275","000000"
"68","307","000000011620000","LA PARCELA LO 1 VDA CARRIZAL","D","000000007480","000000"
"68","307","000000011621000","CARLON HIGUERA 2 AEROPUERTO PALONE","D","000000040000","000000"
"68","307","000000011622000","ALFONSO ARENAS AEROPUERTO PALONEGR","D","000000008414","000000"
"68","307","000000011623000","CARLOS HIGUERA 1","D","000000020000","000000"
"68","307","000000011624000","LO AEROPUETO PALONEGRO","D","000000010000","000000"
"68","307","000000011625000","LO 2 VDA CARRIZAL","D","000000000495","000000"
"68","307","000000011626000","LO 3 VDA CARRIZAL","D","000000000495","000000"
"68","307","000000011627000","LO 4 VDA CARRIZAL","D","000000000637","000000"
"68","307","000000011628000","LO 5 VDA CARRIZAL","D","000000000600","000000"
"68","307","000000011629000","LO 6 VDA CARRIZAL","D","000000000905","000000"
"68","307","000000011630000","EL PORVENIR LO 2 VDA EL CARRIZAL","D","000000094951","000040"
"68","307","000000011631000","LA CUCHILLA LO 3 VDA EL CARRIZAL","D","000000092432","000000"
"68","307","000000011632000","EL MANANTIAL LO 4 VDA CARRIZAL","D","000000097920","000000"
"68","307","000000011633000","EL PENON LO 5 VDA EL CARRIZAL","D","000000117335","000000"
"68","307","000000011634000","LA CEIBA LO 6 VDA EL CARRIZAL","D","000000089463","000000"
"68","307","000000011635000","LA PRADERA LO 7 VDA EL CARRIZAL","D","000000070048","000084"
"68","307","000000011636000","MANZANILLA LO 8 VDA EL CARRIZAL","D","000000050000","000000"
"68","307","000000011637000","LA RIVERA LO 9 VDA EL CARRIZAL","D","000000050000","000025"
"68","307","000000011638802","PARCELA 01 ET I VISTA REAL CONDOMI","S","000000003298","000000"
"68","307","000000011639000","LA UNION LO 2 VDA EL CARRIZAL","D","000000118328","000000"
"68","307","000000011640000","EL RECREO LO 3 VDA EL CARRIZAL","D","000000064405","000000"
"68","307","000000011641000","LA GLORIA LO 4 VDA EL CARRIZAL","D","000000035000","000000"
"68","307","000000011642000","LA NACIENTE LO 5 VDA EL CARRIZAL","D","000000035000","000000"
"68","307","000000011709000","LO DE TERRENO CARRIZAL","A","000000000107","000067"
"68","307","000000011710000","LO DE TERRENO CARRIZAL","A","000000000102","000060"
"68","307","000000011711000","CASA LUNA VDA CARRIZAL","A","000000002250","000000"
"68","307","000000011712000","LO VIA PEATONAL BR ALTOS DE BUENAV","P","000000000061","000000"
"68","307","000000011713000","LO PARA VIA PEAT BR ALTOS DE BELLA","P","000000000061","000000"
"68","307","000000011714000","C 37A 30 63 LO 4 BR ALTOS DE BELLA","Q","000000000775","000000"
"68","307","000000011715000","C 37A 30 77 LO 5 BR ALTOS DE BELLA","Q","000000000760","000000"
"68","307","000000011716000","C 37A 30 95 LO 6 BR ALTOS DE BELLA","Q","000000000818","000000"
"68","307","000000011717000","C 37A 30 105 LO 7 BR ALTOS DE BELL","Q","000000000815","000000"
"68","307","000000011718000","C 37A 30 102 LO 8 BR ALTOS DE BELL","Q","000000000743","000000"
"68","307","000000011719000","K 30B 37A 19 PEAT LO 1 BR ALTOS DE","Q","000000000035","000000"
"68","307","000000011720000","C 37A 30 62 LO 10 BR ALTOS DE BELL","R","000000000604","000000"
"68","307","000000011721000","C 37A 30 32 LO 11 BR ALTOS DE BELL","Q","000000000788","000000"
"68","307","000000011725000","LO SALDO BR ALTOS DE BELLAVISTA","Q","000000014040","000000"
"68","307","000000011726000","VIA VEHICULAR C 37 BR ALTOS DE BEL","P","000000000917","000000"
"68","307","000000011727000","VIA VEHICULAR K 31 BR ALTOS DE BEL","P","000000000772","000000"
"68","307","000000011728000","LO 2 VDA CARRIZAL","S","000000000032","000000"
"68","307","000000011729000","LO 3 VDA CARRIZAL","S","000000000032","000000"
"68","307","000000011730000","LO 4 VDA CARRIZAL","S","000000000032","000000"
"68","307","000000011731000","LO 5 VDA CARRIZAL","S","000000000032","000000"
"68","307","000000011732000","LO 6 VDA CARRIZAL","S","000000000032","000000"
"68","307","000000011733000","LO 7 VDA CARRIZAL","S","000000000032","000000"
"68","307","000000011734000","LO 8 VDA CARRIZAL","S","000000000032","000000"
"68","307","000000011735000","LO 9 VDA CARRIZAL","S","000000000032","000000"
"68","307","000000011736000","LO 10 VDA CARRIZAL","S","000000000032","000000"
"68","307","000000011737000","LO 11 VDA CARRIZAL","S","000000000032","000000"
"68","307","000000011738000","LO 12 VDA CARRIZAL","S","000000000032","000000"
"68","307","000000011739000","LO 13 VDA CARRIZAL","S","000000000032","000000"
"68","307","000000011740000","LO 14 VDA CARRIZAL","S","000000000032","000000"
"68","307","000000011741000","LO 15 VDA CARRIZAL","S","000000000032","000000"
"68","307","000000011742000","LO 16 VDA CARRIZAL","S","000000000032","000000"
"68","307","000000011743000","LO 17 VDA CARRIZAL","S","000000000032","000000"
"68","307","000000011744000","LO 18 VDA CARRIZAL","S","000000000032","000000"
"68","307","000000011755000","ZONA VERDE A VDA CARRIZAL","P","000000000065","000000"
"68","307","000000011756000","ZONA VERDE B VDA CARRIZAL","P","000000000013","000000"
"68","307","000000011758000","VIA PEAT DE ACCESO 2 VDA CARRIZAL","P","000000000029","000000"
"68","307","000000011759000","VIA PEAT DE ACCESO 1 VDA CARRIZAL","P","000000000118","000000"
"68","307","000000011764001","CS VDA CARRIZAL","A","000000000000","000146"
"68","307","000000011783000","K 30B 37A 31 PEAT LO 3 BR ALTOS DE","Q","000000000033","000000"
"68","307","000000011784000","K 30B 37A 20 PEAT LO 4 BR ALTOS DE","Q","000000000032","000000"
"68","307","000000011785000","k 30B 37A 35 PEAT LO 5 BR ALTOS DE","Q","000000000033","000000"
"68","307","000000011786000","K 30B 37A 14 PEAT LO 6 BR ALTOS DE","Q","000000000032","000000"
"68","307","000000011787000","K 30B 37A 45 PEAT LO 7 BR ALTOS DE","Q","000000000033","000000"
"68","307","000000011788000","K 30B 37A 24 PEAT LO 8 BR ALTOS DE","Q","000000000032","000000"
"68","307","000000011789000","K 30B 37A 25 PEAT LO 9 BR ALTOS DE","Q","000000000034","000000"
"68","307","000000011790000","K 30B 37A 34 PEAT LO 10 BR ALTOS D","Q","000000000032","000000"
"68","307","000000011791000","K 30B 37A 41 PEAT LO 11 BR ALTOS D","Q","000000000032","000000"
"68","307","000000011792000","K 30B 37A 30 PEAT LO 12 BR ALTOS D","Q","000000000032","000000"
"68","307","000000011793000","K 30B 37A 13 PEAT LO 13 BR BELLAVI","Q","000000000035","000000"
"68","307","000000011794000","K 30B 37A 09 PEAT LO 14 BR BELLAVI","Q","000000000039","000000"
"68","307","000000011795000","K 30B 37A 06 PEAT LO 15 BR ALTOS D","Q","000000000034","000000"
"68","307","000000011796000","K 30B 37A 10 PEAT LO 16 BR ALTOS D","Q","000000000032","000000"
"68","307","000000011797000","VIA K 30B PEAT BR ALTOS DE BELLAVI","S","000000000185","000000"
"68","307","000000011798000","ZONA VERDE 1 BR ALTOS DE BELLAVIST","S","000000000022","000000"
"68","307","000000011799000","ZONA VERDE 2 BR ALTOS DE BELLAVIST","S","000000000010","000000"
"68","307","000000011800000","K 30B 37A 38 PEAT LO 2 BR ALTOS DE","Q","000000000030","000000"
"68","307","000000011801000","FRANJA DE TERRENO VDA CARRIZAL","P","000000000485","000000"
"68","307","000000011802000","FRANJA DE TERRENO VDA CARRIZAL","P","000000000696","000000"
"68","307","000000011810000","LO DE TERRENO VDA CARRIZAL","D","000000010000","000110"
"68","307","000000011811000","BELLAVISTA LO 2","D","000000025759","000000"
"68","307","000000011812000","LO 1 VDA CARRIZAL","D","000000010815","000000"
"68","307","000000011813000","LO VDA CARRIZAL","D","000000002500","000000"
"68","307","000000011815000","FRANJA DE TERRENO VDA CARRIZAL","P","000000001280","000000"
"68","307","000000011816000","MIRADOR DEL CHALETS LO 1 VDA CARRI","D","000000004042","000000"
"68","307","000000011817000","LO DE TERRENO VDA CARRIZAL","P","000000000308","000000"
"68","307","000000011818000","LO DE TERRENO VDA CARRIZAL","P","000000001309","000000"
"68","307","000000011821000","VILLA ROSA LO 2 VDA CARRIZAL","D","000000037500","000000"
"68","307","000000011822000","VISTA HERMOSA LO 3 VDA CARRIZAL","D","000000075000","000000"
"68","307","000000011828000","LO VDA CARRIZAL","D","000000002960","000000"
"68","307","000000011829000","ZONA DE TERRENO VDA CARRIZAL","P","000000000744","000000"
"68","307","000000011830000","K 35 44 43 BR EL PARAISO","A","000000000065","000065"
"68","307","000000011831000","C 44A 34A PAR BR EL PARAISO","A","000000000084","000084"
"68","307","000000011832000","K 35 44 31 BR EL PARAISO","A","000000000033","000063"
"68","307","000000011833000","CASA LOTE BR EL PARAISO","A","000000000044","000038"
"68","307","000000011834000","K 35 C 44A 29 BR EL PARAISO","A","000000000047","000037"
"68","307","000000011835000","K 35 44 27 BR EL PARAISO","A","000000000049","000074"
"68","307","000000011836000","K 35 C 44A LO 2 BR EL PARAISO","R","000000000029","000000"
"68","307","000000011837000","LO 3 BR EL PARAISO","R","000000000032","000000"
"68","307","000000011838000","K 35 44 25 BR EL PARAISO","A","000000000044","000039"
"68","307","000000011839000","K 35 44 11 LO 60 BR EL PARAISO","A","000000000453","000286"
"68","307","000000011840000","K 35 43 17 BR EL PARAISO","A","000000000046","000046"
"68","307","000000011841000","K 35 43 13 P 1 BR EL PARAISO","A","000000000058","000111"
"68","307","000000011842000","C 44 34B 142 BR EL PARAISO","A","000000000051","000071"
"68","307","000000011843000","LO BR EL PARAISO","T","000000000083","000000"
"68","307","000000011844000","LO 2 BR EL PARAISO","R","000000000050","000000"
"68","307","000000011845000","C 44 34B 109 BR EL PARAISO","A","000000000066","000055"
"68","307","000000011846000","C 44 34 VIA ALA CR A LEBRIJA LO 66","A","000000000075","000048"
"68","307","000000011847000","C 44 34A 173 LO 4 BR EL PARAISO","A","000000000094","000042"
"68","307","000000011848000","C 44 34 169 BR EL PARAISO","S","000000000090","000000"
"68","307","000000011849000","LOTE 2 BR EL PARAISO","R","000000000043","000000"
"68","307","000000011850000","C 43 34B PAR BR EL PARAISO","A","000000000058","000054"
"68","307","000000011851000","C 44 34B IMP BR EL PARAISO","A","000000000047","000089"
"68","307","000000011852000","C 43 33 230 BR EL PARAISO","A","000000000281","000076"
"68","307","000000011853000","C 43 33 PAR BR EL PARAISO","A","000000000080","000040"
"68","307","000000011854000","C 43 33 PAR BR EL PARAISO","R","000000000120","000000"
"68","307","000000011855000","C 43 33 PAR BR EL PARAISO","R","000000000096","000000"
"68","307","000000011856000","K 34 37 42 C 37 34 30 KM 10","C","000000005176","000811"
"68","307","000000011857000","LO 5 MZ B VDA CARRIZAL","R","000000000048","000000"
"68","307","000000011858000","LO 4 MZ B VDA CARRIZAL","R","000000000048","000000"
"68","307","000000011859000","LO 3 MZ B VDA CARRIZAL","R","000000000048","000000"
"68","307","000000011860000","LO 2 MZ B VDA CARRIZAL","R","000000000048","000000"
"68","307","000000011861000","LO 1 MZ B VDA CARRIZAL","R","000000000048","000000"
"68","307","000000011862000","LO 6 MZ B VDA CARRIZAL","R","000000000048","000000"
"68","307","000000011863000","LO 7 MZ B VDA CARRIZAL","R","000000000048","000000"
"68","307","000000011864000","LO 8 MZ B VDA CARRIZAL","R","000000000048","000000"
"68","307","000000011865000","LO 9 MZ B VDA CARRIZAL","R","000000000048","000000"
"68","307","000000011866000","LO 10 MZ B VDA CARRIZAL","R","000000000048","000000"
"68","307","000000012625000","LO 2 EL PRADO VDA CARRIZAL","D","000000400000","000000"
"68","307","000000012626000","MIRADORES DE SAN ANTONIO VDA CARRI","D","000000005430","000000"
"68","307","000000012627000","LO 1","R","000000001485","000000"
"68","307","000000012628000","LO DE TERRENO VDA CARRIZAL","P","000000000251","000000"
"68","307","000000012629000","EL MIRADOR LO 1 VDA CARRIZAL","D","000000000300","000092"
"68","307","000000012630000","FRANJA DE TERRENO VDA CARRIZAL","P","000000001614","000000"
"68","307","000000012631000","LO","P","000000001553","000000"
"68","307","000000012632000","LO DE TERRENO VDA CARRIZAL","P","000000004552","000000"
"68","307","000000012633000","LO DE TERRENO","P","000000000363","000000"
"68","307","000000012634000","LO 1 BR ALTOS DE BELLAVISTA","R","000000000084","000000"
"68","307","000000012635000","LO 2 BR ALTOS DE BELLAVISTA","R","000000000084","000000"
"68","307","000000012636000","LO 3 BR ALTOS DE BELLAVISTA","R","000000000084","000000"
"68","307","000000012637000","LO 4 BR ALTOS DE BELLAVISTA","R","000000000084","000000"
"68","307","000000012638000","LO 5 BR ALTOS DE BELLAVISTA","R","000000000084","000000"
"68","307","000000012639000","LO 6 BR ALTOS DE BELLAVISTA","R","000000000084","000000"
"68","307","000000012640000","LO 7 BR ALTOS DE BELLAVISTA","R","000000000084","000000"
"68","307","000000012641000","LO 8 BR ALTOS DE BELLAVISTA","R","000000000106","000000"
"68","307","000000012642000","LO 9 BR ALTOS DE BELLAVISTA","R","000000000106","000000"
"68","307","000000012643000","LO VDA CARRIZAL","D","000000002500","000000"
"68","307","000000012644000","LO 1 BR ALTOS DE BELLAVISTA","S","000000000084","000000"
"68","307","000000012645000","LO 2 BR ALTOS DE BELLAVISTA","S","000000000084","000000"
"68","307","000000012646000","LO 3 BR ALTOS DE BELLAVISTA","S","000000000084","000000"
"68","307","000000012647000","LO 4 BR ALTOS DE BELLAVISTA","S","000000000084","000000"
"68","307","000000012648000","LO 5 BR ALTOS DE BELLAVISTA","S","000000000084","000000"
"68","307","000000012649000","LO 6 BR ALTOS DE BELLAVISTA","S","000000000084","000000"
"68","307","000000012650000","LO 7 BR ALTOS DE BELLAVISTA","S","000000000084","000000"
"68","307","000000012651000","LO 8 BR ALTOS DE BELLAVISTA","S","000000000106","000000"
"68","307","000000012652000","LO 9 BR ALTOS DE BELLAVISTA","S","000000000106","000000"
"68","307","000000012653000","LO 1 VDA CARRIZAL","A","000000000088","000071"
"68","307","000000012654000","LO 2 VDA CARRIZAL","A","000000000107","000073"
"68","307","000000012655000","LO 3 VDA CARRIZAL","A","000000000148","000091"
"68","307","000000012656000","LO CON LAS EDIFICACIONES","P","000000001595","000000"
"68","307","000000012657000","LO 2 CLAUDIA MARGARITA VDA EL CARR","D","000000000633","000000"
"68","307","000000012658000","LO 3 CLAUDIA MARGARITA VDA EL CARR","D","000000000637","000000"
"68","307","000000012659000","LO 4 CLAUDIA MARGARITA VDA EL CARR","D","000000000652","000000"
"68","307","000000012660000","LO 5 CLAUDIA MARGARITA VDA EL CARR","D","000000000750","000000"
"68","307","000000012661000","LO 6 CLAUDIA MARGARITA VDA EL CARR","D","000000001237","000000"
"68","307","000000012662000","LO 7 CLAUDIA MARGARITA VDA EL CARR","D","000000000701","000105"
"68","307","000000012663000","LO 8 CLAUDIA MARGARITA VDA EL CARR","D","000000000961","000000"
"68","307","000000012664000","LO 9 CLAUDIA MARGARITA VDA EL CARR","D","000000001881","000097"
"68","307","000000012665000","LO 10 CLAUDIA MARGARITA VDA EL CAR","D","000000004310","000000"
"68","307","000000012666000","LO 11 CLAUDIA MARGARITA VDA EL CAR","D","000000004010","000000"
"68","307","000000012667000","LO 12 CLAUDIA MARGARITA VDA EL CAR","D","000000003431","000000"
"68","307","000000012668000","LO 13 CLAUDIA MARGARITA VDA EL CAR","D","000000002658","000000"
"68","307","000000012669000","LO 14 CLAUDIA MARGARITA VDA EL CAR","D","000000002590","000000"
"68","307","000000012670000","LO 15 CLAUDIA MARGARITA VDA EL CAR","D","000000002258","000000"
"68","307","000000012671000","LO 16 CLAUDIA MARGARITA VDA EL CAR","D","000000003594","000000"
"68","307","000000012672000","VIA INTERNA 1 CLAUDIA MARGARITA VD","P","000000000592","000000"
"68","307","000000012673000","VIA INTERNA 2 CLAUDIA MARGARITA VD","P","000000002708","000000"
"68","307","000000012674000","LO RESERVA NORTE CLAUDIA MARGARITA","T","000000004067","000000"
"68","307","000000012675000","LO RESERVA SUR CLAUDIA MARGARITA V","D","000000024490","000000"
"68","307","000000012676000","FRANJA DE TERRENO VDA CARRIZAL","P","000000000359","000000"
"68","307","000000012677000","ZONA DE TERRENO VDA CARRIZAL","P","000000000932","000000"
"68","307","000000012678000","ZONA DE TERRENO VDA CARRIZAL","P","000000001553","000000"
"68","307","000000012679000","ZONA DE TERRENO VDA CARRIZAL","P","000000000968","000000"
"68","307","000000012680000","FRANJA DE TERRENO VDA CARRIZAL","P","000000001096","000000"
"68","307","000000012681000","ZONA DE TERRENO VDA CARRIZAL","P","000000002228","000000"
"68","307","000000012682000","LO DE TERRENO VIA VDA CARRIZAL","P","000000002533","000000"
"68","307","000000012683000","ZONA DE TERRENO VDA CARRIZAL","P","000000000775","000000"
"68","307","000000012684000","LO VIA","A","000000000258","000258"
"68","307","000000012685000","LO DE TERRENO VIA","P","000000001297","000000"
"68","307","000000012686801","C 68 32 09 LO 02 MZ A CONJ RES LA","S","000000000159","000000"
"68","307","000000012687801","C 68 32 09 LO 03 MZ A CONJ RES LA","S","000000000159","000000"
"68","307","000000012688801","C 68 32 09 LO 04 MZ A CONJ RES LA","S","000000000159","000000"
"68","307","000000012689801","C 68 32 09 LO 05 MZ A CONJ RES LA","S","000000000165","000000"
"68","307","000000012690801","C 68 32 09 LO 01 MZ B CONJ RES LA","S","000000000171","000000"
"68","307","000000012691801","C 68 32 09 LO 02 MZ B CONJ RES LA","S","000000000159","000000"
"68","307","000000012692801","C 68 32 09 LO 03 MZ B CONJ RES LA","S","000000000159","000000"
"68","307","000000012693801","C 68 32 09 LO 04 MZ B CONJ RES LA","S","000000000159","000000"
"68","307","000000012694801","C 68 32 09 LO 05 MZ B CONJ RES LA","S","000000000204","000000"
"68","307","000000012695801","C 68 32 09 LO 06 MZ B CONJ RES LA","S","000000000159","000000"
"68","307","000000012696801","C 68 32 09 LO 07 MZ B CONJ RES LA","S","000000000159","000000"
"68","307","000000012697801","C 68 32 09 LO 08 MZ B CONJ RES LA","S","000000000159","000000"
"68","307","000000012698801","C 68 32 09 LO 01 MZ C CONJ RES LA","S","000000000165","000000"
"68","307","000000012699801","C 68 32 09 LO 02 MZ C CONJ RES LA","S","000000000159","000000"
"68","307","000000012700801","C 68 32 09 LO 03 MZ C CONJ RES LA","S","000000000159","000000"
"68","307","000000012701801","C 68 32 09 LO 04 MZ C CONJ RES LA","S","000000000159","000000"
"68","307","000000012702801","C 68 32 09 LO 05 MZ C CONJ RES LA","S","000000000165","000000"
"68","307","000000012703801","C 68 32 09 LO 06 MZ C CONJ RES LA","S","000000000159","000000"
"68","307","000000012704801","C 68 32 09 LO 07 MZ C CONJ RES LA","S","000000000159","000000"
"68","307","000000012705801","C 68 32 09 LO 08 MZ C CONJ RES LA","S","000000000159","000000"
"68","307","000000012706801","C 68 32 09 LO 01 MZ D CONJ RES LA","S","000000000165","000000"
"68","307","000000012707801","C 68 32 09 LO 02 MZ D CONJ RES LA","S","000000000159","000000"
"68","307","000000012708801","C 68 32 09 LO 03 MZ D CONJ RES LA","S","000000000159","000000"
"68","307","000000012709801","C 68 32 09 LO 04 MZ D CONJ RES LA","S","000000000159","000000"
"68","307","000000012710801","C 68 32 09 LO 05 MZ D CONJ RES LA","S","000000000165","000000"
"68","307","000000012711801","C 68 32 09 LO 06 MZ D CONJ RES LA","S","000000000185","000000"
"68","307","000000012712801","C 68 32 09 LO 07 MZ D CONJ RES LA","S","000000000160","000000"
"68","307","000000012713801","C 68 32 09 LO 08 MZ D CONJ RES LA","S","000000000165","000000"
"68","307","000000012714801","C 68 32 09 LO 01 MZ E CONJ RES LA","S","000000000159","000000"
"68","307","000000012715801","C 68 32 09 LO 02 MZ E CONJ RES LA","S","000000000159","000000"
"68","307","000000012716801","C 68 32 09 LO 03 MZ E CONJ RES LA","S","000000000159","000000"
"68","307","000000012717801","C 68 32 09 LO 04 MZ E CONJ RES LA","S","000000000159","000000"
"68","307","000000012718801","C 68 32 09 LO 05 MZ E CONJ RES LA","S","000000000159","000000"
"68","307","000000012719801","C 68 32 09 LO 06 MZ E CONJ RES LA","S","000000000159","000000"
"68","307","000000012720801","C 68 32 09 LO 07 MZ E CONJ RES LA","S","000000000159","000000"
"68","307","000000012721801","C 68 32 09 LO 08 MZ E CONJ RES LA","S","000000000159","000000"
"68","307","000000012722801","C 68 32 09 LO 09 MZ E CONJ RES LA","S","000000000159","000000"
"68","307","000000012723801","C 68 32 09 LO 10 MZ E CONJ RES LA","S","000000000159","000000"
"68","307","000000012724801","C 68 32 09 LO 11 MZ E CONJ RES LA","S","000000000159","000000"
"68","307","000000012725801","C 68 32 09 LO 12 MZ E CONJ RES LA","S","000000000163","000000"
"68","307","000000012726801","C 68 32 09 LO 13 MZ E CONJ RES LA","S","000000000159","000000"
"68","307","000000012727801","C 68 32 09 LO 14 MZ E CONJ RES LA","S","000000000159","000000"
"68","307","000000012728801","C 68 32 09 LO 15 MZ E CONJ RES LA","S","000000000159","000000"
"68","307","000000012729801","C 68 32 09 LO 16 MZ E CONJ RES LA","S","000000000159","000000"
"68","307","000000012730801","C 68 32 09 LO 17 MZ E CONJ RES LA","S","000000000159","000000"
"68","307","000000012731801","C 68 32 09 LO 18 MZ E CONJ RES LA","S","000000000159","000000"
"68","307","000000012732801","C 68 32 09 LO 19 MZ E CONJ RES LA","S","000000000159","000000"
"68","307","000000012733801","C 68 32 09 LO 20 MZ E CONJ RES LA","S","000000000159","000000"
"68","307","000000012734801","C 68 32 09 LO 21 MZ E CONJ RES LA","S","000000000159","000000"
"68","307","000000012735801","C 68 32 09 LO 22 MZ E CONJ RES LA","S","000000000159","000000"
"68","307","000000012736801","C 68 32 09 LO 23 MZ E CONJ RES LA","S","000000000159","000000"
"68","307","000000012737801","C 68 32 09 LO 24 MZ E CONJ RES LA","S","000000000159","000000"
"68","307","000000012738801","C 68 32 09 LO 25 MZ E CONJ RES LA","S","000000000162","000000"
"68","307","000000012739801","C 68 32 09 LO 01 MZ F CONJ RES LA","S","000000000159","000000"
"68","307","000000012740801","C 68 32 09 LO 02 MZ F CONJ RES LA","S","000000000159","000000"
"68","307","000000012741801","C 68 32 09 LO 03 MZ F CONJ RES LA","S","000000000159","000000"
"68","307","000000012742801","C 68 32 09 LO 04 MZ F CONJ RES LA","S","000000000159","000000"
"68","307","000000012743801","C 68 32 09 LO 05 MZ F CONJ RES LA","S","000000000159","000000"
"68","307","000000012744801","C 68 32 09 LO 06 MZ F CONJ RES LA","S","000000000159","000000"
"68","307","000000012745801","C 68 32 09 LO 07 MZ F CONJ RES LA","S","000000000159","000000"
"68","307","000000012746801","C 68 32 09 LO 08 MZ F CONJ RES LA","S","000000000159","000000"
"68","307","000000012747801","C 68 32 09 LO 09 MZ F CONJ RES LA","S","000000000159","000000"
"68","307","000000012748801","C 68 32 09 LO 10 MZ F CONJ RES LA","S","000000000159","000000"
"68","307","000000012749801","C 68 32 09 LO 11 MZ F CONJ RES LA","S","000000000159","000000"
"68","307","000000012750801","C 68 32 09 LO 12 MZ F CONJ RES LA","S","000000000159","000000"
"68","307","000000012751801","C 68 32 09 LO 13 MZ F CONJ RES LA","S","000000000159","000000"
"68","307","000000012752801","C 68 32 09 LO 14 MZ F CONJ RES LA","S","000000000159","000000"
"68","307","000000012753801","C 68 32 09 LO 15 MZ F CONJ RES LA","S","000000000159","000000"
"68","307","000000012754801","C 68 32 09 LO 16 MZ F CONJ RES LA","S","000000000144","000000"
"68","307","000000012755801","C 68 32 09 LO 17 MZ F CONJ RES LA","S","000000000159","000000"
"68","307","000000012756801","C 68 32 09 LO 18 MZ F CONJ RES LA","S","000000000159","000000"
"68","307","000000012757801","C 68 32 09 LO 19 MZ F CONJ RES LA","S","000000000159","000000"
"68","307","000000012758801","C 68 32 09 LO 20 MZ F CONJ RES LA","S","000000000159","000000"
"68","307","000000012759801","C 68 32 09 LO 21 MZ F CONJ RES LA","S","000000000159","000000"
"68","307","000000012760801","C 68 32 09 LO 22 MZ F CONJ RES LA","S","000000000159","000000"
"68","307","000000012761801","C 68 32 09 LO 23 MZ F CONJ RES LA","S","000000000159","000000"
"68","307","000000012762801","C 68 32 09 LO 24 MZ F CONJ RES LA","S","000000000159","000000"
"68","307","000000012763801","C 68 32 09 LO 25 MZ F CONJ RES LA","S","000000000159","000000"
"68","307","000000012764801","C 68 32 09 LO 26 MZ F CONJ RES LA","S","000000000159","000000"
"68","307","000000012765801","C 68 32 09 LO 27 MZ F CONJ RES LA","S","000000000159","000000"
"68","307","000000012766801","C 68 32 09 LO 28 MZ F CONJ RES LA","S","000000000159","000000"
"68","307","000000012767801","C 68 32 09 LO 29 MZ F CONJ RES LA","S","000000000159","000000"
"68","307","000000012768801","C 68 32 09 LO 30 MZ F CONJ RES LA","S","000000000159","000000"
"68","307","000000012769801","C 68 32 09 LO 31 MZ F CONJ RES LA","S","000000000159","000000"
"68","307","000000012770801","C 68 32 09 LO 01 MZ F CONJ RES LA","S","000000000159","000000"
"68","307","000000012771801","C 68 32 09 LO 02 MZ G CONJ RES LA","S","000000000159","000000"
"68","307","000000012772801","C 68 32 09 LO 03 MZ G CONJ RES LA","S","000000000159","000000"
"68","307","000000012773801","C 68 32 09 LO 04 MZ G CONJ RES LA","S","000000000159","000000"
"68","307","000000012774801","C 68 32 09 LO 05 MZ G CONJ RES LA","S","000000000159","000000"
"68","307","000000012775801","C 68 32 09 LO 06 MZ G CONJ RES LA","S","000000000159","000000"
"68","307","000000012776801","C 68 32 09 LO 07 MZ G CONJ RES LA","S","000000000159","000000"
"68","307","000000012777801","C 68 32 09 LO 08 MZ G CONJ RES LA","S","000000000159","000000"
"68","307","000000012778801","C 68 32 09 LO 09 MZ G CONJ RES LA","S","000000000159","000000"
"68","307","000000012779801","C 68 32 09 LO 10 MZ G CONJ RES LA","S","000000000159","000000"
"68","307","000000012780801","C 68 32 09 LO 11 MZ G CONJ RES LA","S","000000000159","000000"
"68","307","000000012781801","C 68 32 09 LO 12 MZ G CONJ RES LA","S","000000000159","000000"
"68","307","000000012782801","C 68 32 09 LO 13 MZ G CONJ RES LA","S","000000000159","000000"
"68","307","000000012783801","C 68 32 09 LO 14 MZ G CONJ RES LA","S","000000000159","000000"
"68","307","000000012784801","C 68 32 09 LO 15 MZ G CONJ RES LA","S","000000000159","000000"
"68","307","000000012785801","C 68 32 09 LO 16 MZ G CONJ RES LA","S","000000000159","000000"
"68","307","000000012786801","C 68 32 09 LO 17 MZ G CONJ RES LA","S","000000000171","000000"
"68","307","000000012787801","C 68 32 09 LO 18 MZ G CONJ RES LA","S","000000000159","000000"
"68","307","000000012788801","C 68 32 09 LO 19 MZ G CONJ RES LA","S","000000000159","000000"
"68","307","000000012789801","C 68 32 09 LO 20 MZ G CONJ RES LA","S","000000000159","000000"
"68","307","000000012790801","C 68 32 09 LO 21 MZ G CONJ RES LA","S","000000000159","000000"
"68","307","000000012791801","C 68 32 09 LO 22 MZ G CONJ RES LA","S","000000000159","000000"
"68","307","000000012792801","C 68 32 09 LO 23 MZ G CONJ RES LA","S","000000000159","000000"
"68","307","000000012793801","C 68 32 09 LO 24 MZ G CONJ RES LA","S","000000000159","000000"
"68","307","000000012794801","C 68 32 09 LO 25 MZ G CONJ RES LA","S","000000000159","000000"
"68","307","000000012795801","C 68 32 09 LO 26 MZ G CONJ RES LA","S","000000000159","000000"
"68","307","000000012796801","C 68 32 09 LO 27 MZ G CONJ RES LA","S","000000000159","000000"
"68","307","000000012797801","C 68 32 09 LO 28 MZ G CONJ RES LA","S","000000000159","000000"
"68","307","000000012798801","C 68 32 09 LO 29 MZ G CONJ RES LA","S","000000000159","000000"
"68","307","000000012799801","C 68 32 09 LO 30 MZ G CONJ RES LA","S","000000000159","000000"
"68","307","000000012800801","C 68 32 09 LO 31 MZ G CONJ RES LA","S","000000000159","000000"
"68","307","000000012801801","C 68 32 09 LO 32 MZ G CONJ RES LA","S","000000000159","000000"
"68","307","000000012802801","C 68 32 09 LO 33 MZ G CONJ RES LA","S","000000000159","000000"
"68","307","000000012803801","C 68 32 09 LO 01 MZ H CONJ RES LA","S","000000000169","000000"
"68","307","000000012804801","C 68 32 09 LO 02 MZ H CONJ RES LA","S","000000000159","000000"
"68","307","000000012805801","C 68 32 09 LO 03 MZ H CONJ RES LA","S","000000000159","000000"
"68","307","000000012806801","C 68 32 09 LO 04 MZ H CONJ RES LA","S","000000000159","000000"
"68","307","000000012807801","C 68 32 09 LO 05 MZ H CONJ RES LA","S","000000000159","000000"
"68","307","000000012808801","C 68 32 09 LO 06 MZ H CONJ RES LA","S","000000000159","000000"
"68","307","000000012809801","C 68 32 09 LO 07 MZ H CONJ RES LA","S","000000000159","000000"
"68","307","000000012810801","C 68 32 09 LO 08 MZ H CONJ RES LA","S","000000000159","000000"
"68","307","000000012811801","C 68 32 09 LO 09 MZ H CONJ RES LA","S","000000000159","000000"
"68","307","000000012812801","C 68 32 09 LO 10 MZ H CONJ RES LA","S","000000000159","000000"
"68","307","000000012813801","C 68 32 09 LO 11 MZ H CONJ RES LA","S","000000000159","000000"
"68","307","000000012814801","C 68 32 09 LO 12 MZ H CONJ RES LA","S","000000000159","000000"
"68","307","000000012815801","C 68 32 09 LO 13 MZ H CONJ RES LA","S","000000000159","000000"
"68","307","000000012816801","C 68 32 09 LO 14 MZ H CONJ RES LA","S","000000000159","000000"
"68","307","000000012817801","C 68 32 09 LO 15 MZ H CONJ RES LA","S","000000000159","000000"
"68","307","000000012818801","C 68 32 09 LO 16 MZ H CONJ RES LA","S","000000000159","000000"
"68","307","000000012819801","C 68 32 09 LO 17 MZ H CONJ RES LA","S","000000000159","000000"
"68","307","000000012820801","C 68 32 09 LO 18 MZ H CONJ RES LA","S","000000000159","000000"
"68","307","000000012821801","C 68 32 09 LO 19 MZ H CONJ RES LA","S","000000000162","000000"
"68","307","000000012822801","C 68 32 09 LO 20 MZ H CONJ RES LA","S","000000000159","000000"
"68","307","000000012823801","C 68 32 09 LO 21 MZ H CONJ RES LA","S","000000000159","000000"
"68","307","000000012824801","C 68 32 09 LO 22 MZ H CONJ RES LA","S","000000000159","000000"
"68","307","000000012825801","C 68 32 09 LO 23 MZ H CONJ RES LA","S","000000000159","000000"
"68","307","000000012826801","C 68 32 09 LO 24 MZ H CONJ RES LA","S","000000000159","000000"
"68","307","000000012827801","C 68 32 09 LO 25 MZ H CONJ RES LA","S","000000000159","000000"
"68","307","000000012828801","C 68 32 09 LO 26 MZ H CONJ RES LA","S","000000000159","000000"
"68","307","000000012829801","C 68 32 09 LO 27 MZ H CONJ RES LA","S","000000000159","000000"
"68","307","000000012830801","C 68 32 09 LO 28 MZ H CONJ RES LA","S","000000000159","000000"
"68","307","000000012831801","C 68 32 09 LO 29 MZ H CONJ RES LA","S","000000000159","000000"
"68","307","000000012832801","C 68 32 09 LO 30 MZ H CONJ RES LA","S","000000000159","000000"
"68","307","000000012833801","C 68 32 09 LO 31 MZ H CONJ RES LA","S","000000000159","000000"
"68","307","000000012834801","C 68 32 09 LO 32 MZ H CONJ RES LA","S","000000000159","000000"
"68","307","000000012835801","C 68 32 09 LO 33 MZ H CONJ RES LA","S","000000000159","000000"
"68","307","000000012836801","C 68 32 09 LO 34 MZ H CONJ RES LA","S","000000000159","000000"
"68","307","000000012837801","C 68 32 09 LO 35 MZ H CONJ RES LA","S","000000000159","000000"
"68","307","000000012838801","C 68 32 09 LO 36 MZ H CONJ RES LA","S","000000000159","000000"
"68","307","000000012839801","C 68 32 09 LO 37 MZ H CONJ RES LA","S","000000000159","000000"
"68","307","000000012840801","C 68 32 09 LO 01 MZ I CONJ RES LA","S","000000000160","000000"
"68","307","000000012841801","C 68 32 09 LO 02 MZ I CONJ RES LA","S","000000000160","000000"
"68","307","000000012842801","C 68 32 09 LO 03 MZ I CONJ RES LA","S","000000000160","000000"
"68","307","000000012843801","C 68 32 09 LO 04 MZ I CONJ RES LA","S","000000000160","000000"
"68","307","000000012844801","C 68 32 09 LO 05 MZ I CONJ RES LA","S","000000000160","000000"
"68","307","000000012845801","C 68 32 09 LO 06 MZ I CONJ RES LA","S","000000000160","000000"
"68","307","000000012846801","C 68 32 09 LO 07 MZ I CONJ RES LA","S","000000000160","000000"
"68","307","000000012847801","C 68 32 09 LO 08 MZ I CONJ RES LA","S","000000000160","000000"
"68","307","000000012848801","C 68 32 09 LO 09 MZ I CONJ RES LA","S","000000000160","000000"
"68","307","000000012849801","C 68 32 09 LO 10 MZ I CONJ RES LA","S","000000000160","000000"
"68","307","000000012850801","C 68 32 09 LO 11 MZ I CONJ RES LA","S","000000000160","000000"
"68","307","000000012851801","C 68 32 09 LO 12 MZ I CONJ RES LA","S","000000000160","000000"
"68","307","000000012852801","C 68 32 09 LO 13 MZ I CONJ RES LA","S","000000000160","000000"
"68","307","000000012853801","C 68 32 09 LO 14 MZ I CONJ RES LA","S","000000000160","000000"
"68","307","000000012854801","C 68 32 09 LO 15 MZ I CONJ RES LA","S","000000000160","000000"
"68","307","000000012855801","C 68 32 09 LO 16 MZ I CONJ RES LA","S","000000000160","000000"
"68","307","000000012856801","C 68 32 09 LO 17 MZ I CONJ RES LA","S","000000000160","000000"
"68","307","000000012857801","C 68 32 09 LO 18 MZ I CONJ RES LA","S","000000000160","000000"
"68","307","000000012858801","C 68 32 09 LO 19 MZ I CONJ RES LA","S","000000000160","000000"
"68","307","000000012859801","C 68 32 09 LO 20 MZ I CONJ RES LA","S","000000000160","000000"
"68","307","000000012860801","C 68 32 09 LO 21 MZ I CONJ RES LA","S","000000000160","000000"
"68","307","000000012861801","C 68 32 09 LO 22 MZ I CONJ RES LA","S","000000000160","000000"
"68","307","000000012862801","C 68 32 09 LO 23 MZ I CONJ RES LA","S","000000000160","000000"
"68","307","000000012863801","C 68 32 09 LO 24 MZ I CONJ RES LA","S","000000000160","000000"
"68","307","000000012864801","C 68 32 09 LO 25 MZ I CONJ RES LA","S","000000000160","000000"
"68","307","000000012865801","C 68 32 09 LO 26 MZ I CONJ RES LA","S","000000000160","000000"
"68","307","000000012866801","C 68 32 09 LO 27 MZ I CONJ RES LA","S","000000000160","000000"
"68","307","000000012867801","C 68 32 09 LO 28 MZ I CONJ RES LA","S","000000000160","000000"
"68","307","000000012868801","C 68 32 09 LO 29 MZ I CONJ RES LA","S","000000000160","000000"
"68","307","000000012869801","C 68 32 09 LO 30 MZ I CONJ RES LA","S","000000000160","000000"
"68","307","000000012870801","C 68 32 09 LO 31 MZ I CONJ RES LA","S","000000000160","000000"
"68","307","000000012871801","C 68 32 09 LO 32 MZ I CONJ RES LA","S","000000000160","000000"
"68","307","000000012872801","C 68 32 09 LO 33 MZ I CONJ RES LA","S","000000000160","000000"
"68","307","000000012873801","C 68 32 09 LO 34 MZ I CONJ RES LA","S","000000000160","000000"
"68","307","000000012874801","C 68 32 09 LO 35 MZ I CONJ RES LA","S","000000000160","000000"
"68","307","000000012875801","C 68 32 09 LO 36 MZ I CONJ RES LA","S","000000000160","000000"
"68","307","000000012876801","C 68 32 09 LO 37 MZ I CONJ RES LA","S","000000000160","000000"
"68","307","000000012877801","C 68 32 09 LO 38 MZ I CONJ RES LA","S","000000000160","000000"
"68","307","000000012878801","C 68 32 09 LO 39 MZ I CONJ RES LA","S","000000000160","000000"
"68","307","000000012879801","C 68 32 09 LO 40 MZ I CONJ RES LA","S","000000000160","000000"
"68","307","000000012880801","C 68 32 09 LO 01 MZ J CONJ RES LA","S","000000000160","000000"
"68","307","000000012881801","C 68 32 09 LO 02 MZ J CONJ RES LA","S","000000000160","000000"
"68","307","000000012882801","C 68 32 09 LO 03 MZ J CONJ RES LA","S","000000000160","000000"
"68","307","000000012883801","C 68 32 09 LO 04 MZ J CONJ RES LA","S","000000000160","000000"
"68","307","000000012884801","C 68 32 09 LO 05 MZ J CONJ RES LA","S","000000000160","000000"
"68","307","000000012885801","C 68 32 09 LO 06 MZ J CONJ RES LA","S","000000000160","000000"
"68","307","000000012886801","C 68 32 09 LO 07 MZ J CONJ RES LA","S","000000000160","000000"
"68","307","000000012887801","C 68 32 09 LO 08 MZ J CONJ RES LA","S","000000000160","000000"
"68","307","000000012888801","C 68 32 09 LO 09 MZ J CONJ RES LA","S","000000000160","000000"
"68","307","000000012889801","C 68 32 09 LO 10 MZ J CONJ RES LA","S","000000000160","000000"
"68","307","000000012890801","C 68 32 09 LO 11 MZ J CONJ RES LA","S","000000000160","000000"
"68","307","000000012891801","C 68 32 09 LO 12 MZ J CONJ RES LA","S","000000000160","000000"
"68","307","000000012892801","C 68 32 09 LO 13 MZ J CONJ RES LA","S","000000000160","000000"
"68","307","000000012893801","C 68 32 09 LO 14 MZ J CONJ RES LA","S","000000000160","000000"
"68","307","000000012894801","C 68 32 09 LO 15 MZ J CONJ RES LA","S","000000000160","000000"
"68","307","000000012895801","C 68 32 09 LO 16 MZ J CONJ RES LA","S","000000000160","000000"
"68","307","000000012896801","C 68 32 09 LO 17 MZ J CONJ RES LA","S","000000000160","000000"
"68","307","000000012897801","C 68 32 09 LO 18 MZ J CONJ RES LA","S","000000000160","000000"
"68","307","000000012898801","C 68 32 09 LO 19 MZ J CONJ RES LA","S","000000000160","000000"
"68","307","000000012899801","C 68 32 09 LO 20 MZ J CONJ RES LA","S","000000000160","000000"
"68","307","000000012900801","C 68 32 09 LO 21 MZ J CONJ RES LA","S","000000000160","000000"
"68","307","000000012901801","C 68 32 09 LO 22 MZ J CONJ RES LA","S","000000000160","000000"
"68","307","000000012902801","C 68 32 09 LO 23 MZ J CONJ RES LA","S","000000000160","000000"
"68","307","000000012903801","C 68 32 09 LO 24 MZ J CONJ RES LA","S","000000000160","000000"
"68","307","000000012904801","C 68 32 09 LO 25 MZ J CONJ RES LA","S","000000000160","000000"
"68","307","000000012905801","C 68 32 09 LO 26 MZ J CONJ RES LA","S","000000000160","000000"
"68","307","000000012906801","C 68 32 09 LO 27 MZ J CONJ RES LA","S","000000000160","000000"
"68","307","000000012907801","C 68 32 09 LO 28 MZ J CONJ RES LA","S","000000000160","000000"
"68","307","000000012908801","C 68 32 09 LO 29 MZ J CONJ RES LA","S","000000000160","000000"
"68","307","000000012909801","C 68 32 09 LO 30 MZ J CONJ RES LA","S","000000000160","000000"
"68","307","000000012910801","C 68 32 09 LO 31 MZ J CONJ RES LA","S","000000000160","000000"
"68","307","000000012911801","C 68 32 09 LO 32 MZ J CONJ RES LA","S","000000000160","000000"
"68","307","000000012912801","C 68 32 09 LO 33 MZ J CONJ RES LA","S","000000000160","000000"
"68","307","000000012913801","C 68 32 09 LO 34 MZ J CONJ RES LA","S","000000000160","000000"
"68","307","000000012914801","C 68 32 09 LO 35 MZ J CONJ RES LA","S","000000000160","000000"
"68","307","000000012915801","C 68 32 09 LO 36 MZ J CONJ RES LA","S","000000000160","000000"
"68","307","000000012916801","C 68 32 09 LO 37 MZ J CONJ RES LA","S","000000000160","000000"
"68","307","000000012917801","C 68 32 09 LO 38 MZ J CONJ RES LA","S","000000000160","000000"
"68","307","000000012918801","C 68 32 09 LO 39 MZ J CONJ RES LA","S","000000000160","000000"
"68","307","000000012919801","C 68 32 09 LO 40 MZ J CONJ RES LA","S","000000000160","000000"
"68","307","000000012920801","C 68 32 09 LO 01 MZ K CONJ RES LA","S","000000000160","000000"
"68","307","000000012921801","C 68 32 09 LO 02 MZ K CONJ RES LA","S","000000000160","000000"
"68","307","000000012922801","C 68 32 09 LO 03 MZ K CONJ RES LA","S","000000000160","000000"
"68","307","000000012923801","C 68 32 09 LO 04 MZ K CONJ RES LA","S","000000000160","000000"
"68","307","000000012924801","C 68 32 09 LO 05 MZ K CONJ RES LA","S","000000000160","000000"
"68","307","000000012925801","C 68 32 09 LO 06 MZ K CONJ RES LA","S","000000000160","000000"
"68","307","000000012926801","C 68 32 09 LO 07 MZ K CONJ RES LA","S","000000000160","000000"
"68","307","000000012927801","C 68 32 09 LO 08 MZ K CONJ RES LA","S","000000000160","000000"
"68","307","000000012928801","C 68 32 09 LO 09 MZ K CONJ RES LA","S","000000000160","000000"
"68","307","000000012929801","C 68 32 09 LO 10 MZ K CONJ RES LA","S","000000000160","000000"
"68","307","000000012930801","C 68 32 09 LO 11 MZ K CONJ RES LA","S","000000000160","000000"
"68","307","000000012931801","C 68 32 09 LO 12 MZ K CONJ RES LA","S","000000000160","000000"
"68","307","000000012932801","C 68 32 09 LO 13 MZ K CONJ RES LA","S","000000000160","000000"
"68","307","000000012933801","C 68 32 09 LO 14 MZ K CONJ RES LA","S","000000000160","000000"
"68","307","000000012934801","C 68 32 09 LO 15 MZ K CONJ RES LA","S","000000000160","000000"
"68","307","000000012935801","C 68 32 09 LO 16 MZ K CONJ RES LA","S","000000000160","000000"
"68","307","000000012936801","C 68 32 09 LO 17 MZ K CONJ RES LA","S","000000000160","000000"
"68","307","000000012937801","C 68 32 09 LO 18 MZ K CONJ RES LA","S","000000000160","000000"
"68","307","000000012938801","C 68 32 09 LO 19 MZ K CONJ RES LA","S","000000000160","000000"
"68","307","000000012939801","C 68 32 09 LO 20 MZ K CONJ RES LA","S","000000000160","000000"
"68","307","000000012940801","C 68 32 09 LO 21 MZ K CONJ RES LA","S","000000000160","000000"
"68","307","000000012941801","C 68 32 09 LO 22 MZ K CONJ RES LA","S","000000000160","000000"
"68","307","000000012942801","C 68 32 09 LO 23 MZ K CONJ RES LA","S","000000000160","000000"
"68","307","000000012943801","C 68 32 09 LO 24 MZ K CONJ RES LA","S","000000000160","000000"
"68","307","000000012944801","C 68 32 09 LO 25 MZ K CONJ RES LA","S","000000000160","000000"
"68","307","000000012945801","C 68 32 09 LO 26 MZ K CONJ RES LA","S","000000000160","000000"
"68","307","000000012946801","C 68 32 09 LO 27 MZ K CONJ RES LA","S","000000000160","000000"
"68","307","000000012947801","C 68 32 09 LO 28 MZ K CONJ RES LA","S","000000000160","000000"
"68","307","000000012948801","C 68 32 09 LO 29 MZ K CONJ RES LA","S","000000000160","000000"
"68","307","000000012949801","C 68 32 09 LO 30 MZ K CONJ RES LA","S","000000000160","000000"
"68","307","000000012950801","C 68 32 09 LO 31 MZ K CONJ RES LA","S","000000000160","000000"
"68","307","000000012951801","C 68 32 09 LO 32 MZ K CONJ RES LA","S","000000000160","000000"
"68","307","000000012952801","C 68 32 09 LO 33 MZ K CONJ RES LA","S","000000000160","000000"
"68","307","000000012953801","C 68 32 09 LO 34 MZ K CONJ RES LA","S","000000000160","000000"
"68","307","000000012954801","C 68 32 09 LO 35 MZ K CONJ RES LA","S","000000000160","000000"
"68","307","000000012955801","C 68 32 09 LO 36 MZ K CONJ RES LA","S","000000000160","000000"
"68","307","000000012956801","C 68 32 09 LO 37 MZ K CONJ RES LA","S","000000000160","000000"
"68","307","000000012957801","C 68 32 09 LO 38 MZ K CONJ RES LA","S","000000000160","000000"
"68","307","000000012958801","C 68 32 09 LO 39 MZ K CONJ RES LA","S","000000000160","000000"
"68","307","000000012959801","C 68 32 09 LO 40 MZ K CONJ RES LA","S","000000000160","000000"
"68","307","000000012960801","C 68 32 09 LO 01 MZ L CONJ RES LA","S","000000000160","000000"
"68","307","000000012961801","C 68 32 09 LO 02 MZ L CONJ RES LA","S","000000000160","000000"
"68","307","000000012962801","C 68 32 09 LO 03 MZ L CONJ RES LA","S","000000000160","000000"
"68","307","000000012963801","C 68 32 09 LO 04 MZ L CONJ RES LA","S","000000000160","000000"
"68","307","000000012964801","C 68 32 09 LO 05 MZ L CONJ RES LA","S","000000000160","000000"
"68","307","000000012965801","C 68 32 09 LO 06 MZ L CONJ RES LA","S","000000000160","000000"
"68","307","000000012966801","C 68 32 09 LO 07 MZ L CONJ RES LA","S","000000000160","000000"
"68","307","000000012967801","C 68 32 09 LO 08 MZ L CONJ RES LA","S","000000000160","000000"
"68","307","000000012968801","C 68 32 09 LO 09 MZ L CONJ RES LA","S","000000000160","000000"
"68","307","000000012969801","C 68 32 09 LO 10 MZ L CONJ RES LA","S","000000000160","000000"
"68","307","000000012970801","C 68 32 09 LO 11 MZ L CONJ RES LA","S","000000000160","000000"
"68","307","000000012971801","C 68 32 09 LO 12 MZ L CONJ RES LA","S","000000000160","000000"
"68","307","000000012972801","C 68 32 09 LO 13 MZ L CONJ RES LA","S","000000000160","000000"
"68","307","000000012973801","C 68 32 09 LO 14 MZ L CONJ RES LA","S","000000000160","000000"
"68","307","000000012974801","C 68 32 09 LO 15 MZ L CONJ RES LA","S","000000000160","000000"
"68","307","000000012975801","C 68 32 09 LO 16 MZ L CONJ RES LA","S","000000000160","000000"
"68","307","000000012976801","C 68 32 09 LO 17 MZ L CONJ RES LA","S","000000000160","000000"
"68","307","000000012977801","C 68 32 09 LO 18 MZ L CONJ RES LA","S","000000000160","000000"
"68","307","000000012978801","C 68 32 09 LO 19 MZ L CONJ RES LA","S","000000000160","000000"
"68","307","000000012979801","C 68 32 09 LO 20 MZ L CONJ RES LA","S","000000000160","000000"
"68","307","000000012980801","C 68 32 09 LO 21 MZ L CONJ RES LA","S","000000000160","000000"
"68","307","000000012981801","C 68 32 09 LO 22 MZ L CONJ RES LA","S","000000000160","000000"
"68","307","000000012982801","C 68 32 09 LO 23 MZ L CONJ RES LA","S","000000000160","000000"
"68","307","000000012983801","C 68 32 09 LO 24 MZ L CONJ RES LA","S","000000000160","000000"
"68","307","000000012984801","C 68 32 09 LO 25 MZ L CONJ RES LA","S","000000000160","000000"
"68","307","000000012985801","C 68 32 09 LO 26 MZ L CONJ RES LA","S","000000000160","000000"
"68","307","000000012986801","C 68 32 09 LO 27 MZ L CONJ RES LA","S","000000000160","000000"
"68","307","000000012987801","C 68 32 09 LO 28 MZ L CONJ RES LA","S","000000000160","000000"
"68","307","000000012988801","C 68 32 09 LO 29 MZ L CONJ RES LA","S","000000000160","000000"
"68","307","000000012989801","C 68 32 09 LO 30 MZ L CONJ RES LA","S","000000000160","000000"
"68","307","000000012990801","C 68 32 09 LO 31 MZ L CONJ RES LA","S","000000000160","000000"
"68","307","000000012991801","C 68 32 09 LO 32 MZ L CONJ RES LA","S","000000000160","000000"
"68","307","000000012992801","C 68 32 09 LO 33 MZ L CONJ RES LA","S","000000000160","000000"
"68","307","000000012993801","C 68 32 09 LO 34 MZ L CONJ RES LA","S","000000000160","000000"
"68","307","000000012994801","C 68 32 09 LO 01 MZ M CONJ RES LA","S","000000000160","000000"
"68","307","000000012995801","C 68 32 09 LO 02 MZ M CONJ RES LA","S","000000000160","000000"
"68","307","000000012996801","C 68 32 09 LO 03 MZ M CONJ RES LA","S","000000000160","000000"
"68","307","000000012997801","C 68 32 09 LO 04 MZ M CONJ RES LA","S","000000000160","000000"
"68","307","000000012998801","C 68 32 09 LO 05 MZ M CONJ RES LA","S","000000000160","000000"
"68","307","000000012999801","C 68 32 09 LO 06 MZ M CONJ RES LA","S","000000000160","000000"
"68","307","000000013000801","C 68 32 09 LO 07 MZ M CONJ RES LA","S","000000000160","000000"
"68","307","000000013001801","C 68 32 09 LO 08 MZ M CONJ RES LA","S","000000000160","000000"
"68","307","000000013002801","C 68 32 09 LO 09 MZ M CONJ RES LA","S","000000000160","000000"
"68","307","000000013003801","C 68 32 09 LO 10 MZ M CONJ RES LA","S","000000000160","000000"
"68","307","000000013004801","C 68 32 09 LO 11 MZ M CONJ RES LA","S","000000000160","000000"
"68","307","000000013005801","C 68 32 09 LO 12 MZ M CONJ RES LA","S","000000000160","000000"
"68","307","000000013006801","C 68 32 09 LO 13 MZ M CONJ RES LA","S","000000000160","000000"
"68","307","000000013007801","C 68 32 09 LO 14 MZ M CONJ RES LA","S","000000000160","000000"
"68","307","000000013008801","C 68 32 09 LO 15 MZ M CONJ RES LA","S","000000000160","000000"
"68","307","000000013009801","C 68 32 09 LO 16 MZ M CONJ RES LA","S","000000000160","000000"
"68","307","000000013010801","C 68 32 09 LO 17 MZ M CONJ RES LA","S","000000000160","000000"
"68","307","000000013011801","C 68 32 09 LO 18 MZ M CONJ RES LA","S","000000000160","000000"
"68","307","000000013012801","C 68 32 09 LO 19 MZ M CONJ RES LA","S","000000000160","000000"
"68","307","000000013013801","C 68 32 09 LO 20 MZ M CONJ RES LA","S","000000000160","000000"
"68","307","000000013014801","C 68 32 09 LO 21 MZ M CONJ RES LA","S","000000000160","000000"
"68","307","000000013015801","C 68 32 09 LO 22 MZ M CONJ RES LA","S","000000000160","000000"
"68","307","000000013016801","C 68 32 09 LO 23 MZ M CONJ RES LA","S","000000000160","000000"
"68","307","000000013017801","C 68 32 09 LO 01 MZ N CONJ RES LA","S","000000000174","000000"
"68","307","000000013018801","C 68 32 09 LO 02 MZ N CONJ RES LA","S","000000000170","000000"
"68","307","000000013019801","C 68 32 09 LO 03 MZ N CONJ RES LA","S","000000000218","000000"
"68","307","000000013020801","C 68 32 09 LO 04 MZ N CONJ RES LA","S","000000000224","000000"
"68","307","000000013021801","C 68 32 09 LO 05 MZ N CONJ RES LA","S","000000000193","000000"
"68","307","000000013022801","C 68 32 09 LO 06 MZ N CONJ RES LA","S","000000000165","000000"
"68","307","000000013023801","C 68 32 09 LO 07 MZ N CONJ RES LA","S","000000000199","000000"
"68","307","000000013024801","C 68 32 09 LO 01 MZ O CONJ RES LA","S","000000000160","000000"
"68","307","000000013025801","C 68 32 09 LO 02 MZ O CONJ RES LA","S","000000000160","000000"
"68","307","000000013026801","C 68 32 09 LO 03 MZ O CONJ RES LA","S","000000000160","000000"
"68","307","000000013027801","C 68 32 09 LO 04 MZ O CONJ RES LA","S","000000000160","000000"
"68","307","000000013028801","C 68 32 09 LO 05 MZ O CONJ RES LA","S","000000000160","000000"
"68","307","000000013029801","C 68 32 09 LO 06 MZ O CONJ RES LA","S","000000000160","000000"
"68","307","000000013030801","C 68 32 09 LO 07 MZ O CONJ RES LA","S","000000000160","000000"
"68","307","000000013031801","C 68 32 09 LO 08 MZ O CONJ RES LA","S","000000000160","000000"
"68","307","000000013032801","C 68 32 09 LO 09 MZ O CONJ RES LA","S","000000000160","000000"
"68","307","000000013033801","C 68 32 09 LO 10 MZ O CONJ RES LA","S","000000000160","000000"
"68","307","000000013034801","C 68 32 09 LO 11 MZ O CONJ RES LA","S","000000000160","000000"
"68","307","000000013035801","C 68 32 09 LO 12 MZ O CONJ RES LA","S","000000000160","000000"
"68","307","000000013036801","C 68 32 09 LO 13 MZ O CONJ RES LA","S","000000000160","000000"
"68","307","000000013037801","C 68 32 09 LO 14 MZ O CONJ RES LA","S","000000000160","000000"
"68","307","000000013038801","C 68 32 09 LO 15 MZ O CONJ RES LA","S","000000000160","000000"
"68","307","000000013039801","C 68 32 09 LO 16 MZ O CONJ RES LA","S","000000000160","000000"
"68","307","000000013040801","C 68 32 09 LO 17 MZ O CONJ RES LA","S","000000000160","000000"
"68","307","000000013041801","C 68 32 09 LO 18 MZ O CONJ RES LA","S","000000000160","000000"
"68","307","000000013042801","C 68 32 09 L 01 MZ A CONJ RES LA P","S","000000000114","000000"
"68","307","000000013043801","C 68 32 09 L 02 MZ L CONJ RES LA P","S","000000000151","000000"
"68","307","000000013044000","LO 1B VDA EL CARRIZAL","D","000000046491","000000"
"68","307","000000013045802","PARCELA 02 ET I VISTA REAL CONDOMI","S","000000002601","000000"
"68","307","000000013046802","PARCELA 03 ET I VISTA REAL CONDOMI","S","000000002618","000000"
"68","307","000000013047802","PARCELA 04 ET I VISTA REAL CONDOMI","S","000000002635","000000"
"68","307","000000013048802","PARCELA 05 ET I VISTA REAL CONDOMI","S","000000003043","000000"
"68","307","000000013049802","PARCELA 06 ET I VISTA REAL CONDOMI","S","000000003111","000000"
"68","307","000000013050802","PARCELA 07 ET I VISTA REAL CONDOMI","S","000000003332","000000"
"68","307","000000013051802","PARCELA 08 ET I VISTA REAL CONDOMI","S","000000002669","000000"
"68","307","000000013052802","PARCELA 09 ET I VISTA REAL CONDOMI","S","000000002652","000000"
"68","307","000000013053802","PARCELA 10 ET I VISTA REAL CONDOMI","S","000000002635","000000"
"68","307","000000013054802","PARCELA 11 ET I VISTA REAL CONDOMI","S","000000002618","000000"
"68","307","000000013055802","PARCELA 12 ET I VISTA REAL CONDOMI","S","000000002618","000000"
"68","307","000000013056802","PARCELA 13 ET I VISTA REAL CONDOMI","S","000000002618","000000"
"68","307","000000013057802","PARCELA 14 ET I VISTA REAL CONDOMI","S","000000002618","000000"
"68","307","000000013058802","PARCELA 15 ET I VISTA REAL CONDOMI","S","000000002669","000000"
"68","307","000000013059802","PARCELA 16 ET I VISTA REAL CONDOMI","S","000000002635","000000"
"68","307","000000013060802","PARCELA 17 ET I VISTA REAL CONDOMI","S","000000003094","000000"
"68","307","000000013061802","PARCELA 18 ET I VISTA REAL CONDOMI","S","000000002618","000000"
"68","307","000000013062802","PARCELA 19 ET I VISTA REAL CONDOMI","S","000000002652","000000"
"68","307","000000013063802","PARCELA 20 ET I VISTA REAL CONDOMI","S","000000002618","000000"
"68","307","000000013064802","PARCELA 21 ET I VISTA REAL CONDOMI","S","000000003264","000000"
"68","307","000000013065802","PARCELA 22 ET I VISTA REAL CONDOMI","S","000000002635","000000"
"68","307","000000013066802","PARCELA 23 ET I VISTA REAL CONDOMI","S","000000002720","000000"
"68","307","000000013067802","PARCELA 24 ET I VISTA REAL CONDOMI","S","000000002703","000000"
"68","307","000000013068802","PARCELA 25 ET I VISTA REAL CONDOMI","S","000000002602","000000"
"68","307","000000013069802","PARCELA 26 ET I VISTA REAL CONDOMI","S","000000002653","000000"
"68","307","000000013070802","PARCELA 27 ET I VISTA REAL CONDOMI","S","000000002602","000000"
"68","307","000000013071802","PARCELA 28 ET I VISTA REAL CONDOMI","S","000000002602","000000"
"68","307","000000013072802","PARCELA 29 ET I VISTA REAL CONDOMI","S","000000002908","000000"
"68","307","000000013073802","PARCELA 30 ET I VISTA REAL CONDOMI","S","000000002653","000000"
"68","307","000000013074802","PARCELA 31 ET I VISTA REAL CONDOMI","S","000000002670","000000"
"68","307","000000013075802","PARCELA 32 ET I VISTA REAL CONDOMI","S","000000002670","000000"
"68","307","000000013076802","PARCELA 33 ET I VISTA REAL CONDOMI","S","000000002670","000000"
