"dateupdated","gender","totalcases","confirmedcases","probablecases","totalcaserate","totaldeaths","confirmeddeaths","probabledeaths"
"2022-06-24T00:00:00.000","Female","435756","390622","45134","23592","5397","4370","1027"
"2022-06-24T00:00:00.000","Male","384179","343810","40369","21842","5626","4648","978"
"2022-06-23T00:00:00.000","Female","435316","390240","45076","23568","5397","4370","1027"
"2022-06-23T00:00:00.000","Male","383828","343493","40335","21822","5626","4648","978"
"2022-06-22T00:00:00.000","Female","434953","389931","45022","23548","5397","4370","1027"
"2022-06-22T00:00:00.000","Male","383526","343238","40288","21805","5625","4647","978"
"2022-06-21T00:00:00.000","Female","434523","389567","44956","23525","5397","4370","1027"
"2022-06-21T00:00:00.000","Male","383226","342989","40237","21788","5624","4646","978"
"2022-06-20T00:00:00.000","Female","434216","389350","44866","23509","5389","4364","1025"
"2022-06-20T00:00:00.000","Male","382966","342796","40170","21773","5615","4638","977"
"2022-06-17T00:00:00.000","Female","433442","388631","44811","23467","5389","4364","1025"
"2022-06-17T00:00:00.000","Male","382295","342162","40133","21735","5615","4638","977"
"2022-06-16T00:00:00.000","Female","432976","388262","44714","23713","5389","4364","1025"
"2022-06-16T00:00:00.000","Male","381909","341862","40047","21956","5615","4638","977"
"2022-06-15T00:00:00.000","Female","432731","388040","44691","23428","5389","4364","1025"
"2022-06-15T00:00:00.000","Male","381675","341653","40022","21700","5615","4638","977"
"2022-06-14T00:00:00.000","Female","432265","387638","44627","23403","5389","4364","1025"
"2022-06-14T00:00:00.000","Male","381310","341343","39967","21679","5615","4638","977"
"2022-06-13T00:00:00.000","Female","431832","387300","44532","23379","5382","4360","1022"
"2022-06-13T00:00:00.000","Male","381005","341100","39905","21662","5607","4633","974"
"2022-06-10T00:00:00.000","Female","430939","386493","44446","23331","5382","4360","1022"
"2022-06-10T00:00:00.000","Male","380263","340428","39835","21620","5607","4632","975"
"2022-06-09T00:00:00.000","Female","430526","386151","44375","23579","5382","4360","1022"
"2022-06-09T00:00:00.000","Male","379981","340194","39787","21845","5606","4632","974"
"2022-06-08T00:00:00.000","Female","430144","385860","44284","23288","5382","4360","1022"
"2022-06-08T00:00:00.000","Male","379683","339943","39740","21587","5607","4632","975"
"2022-06-07T00:00:00.000","Female","429816","385596","44220","23270","5383","4361","1022"
"2022-06-07T00:00:00.000","Male","379370","339704","39666","21569","5604","4629","975"
"2022-06-06T00:00:00.000","Female","429450","385342","44108","23251","5373","4353","1020"
"2022-06-06T00:00:00.000","Male","379070","339489","39581","21552","5587","4615","972"
"2022-06-03T00:00:00.000","Female","428522","384544","43978","23200","5374","4353","1021"
"2022-06-03T00:00:00.000","Male","378262","338797","39465","21506","5588","4616","972"
"2022-06-02T00:00:00.000","Female","427954","384098","43856","23170","5373","4353","1020"
"2022-06-02T00:00:00.000","Male","377755","338377","39378","21477","5588","4616","972"
"2022-06-01T00:00:00.000","Female","427581","383786","43795","23418","5374","4353","1021"
"2022-06-01T00:00:00.000","Male","377467","338138","39329","21701","5588","4616","972"
"2022-05-31T00:00:00.000","Female","427000","383406","43594","23386","5353","4339","1014"
"2022-05-31T00:00:00.000","Male","377057","337868","39189","21677","5577","4608","969"
"2022-05-27T00:00:00.000","Female","425482","382048","43434","23303","5353","4339","1014"
"2022-05-27T00:00:00.000","Male","375853","336794","39059","21608","5577","4608","969"
"2022-05-26T00:00:00.000","Female","424820","381514","43306","23267","5353","4339","1014"
"2022-05-26T00:00:00.000","Male","375375","336414","38961","21581","5577","4608","969"
"2022-05-25T00:00:00.000","Female","423956","380795","43161","23219","5350","4336","1014"
"2022-05-25T00:00:00.000","Male","374660","335818","38842","21539","5575","4607","968"
"2022-05-24T00:00:00.000","Female","423042","380054","42988","23169","5350","4336","1014"
"2022-05-24T00:00:00.000","Male","373928","335230","38698","21497","5576","4608","968"
"2022-05-23T00:00:00.000","Female","422476","379551","42925","23138","5343","4331","1012"
"2022-05-23T00:00:00.000","Male","373468","334811","38657","21471","5572","4604","968"
"2022-05-20T00:00:00.000","Female","420485","377745","42740","23029","5343","4331","1012"
"2022-05-20T00:00:00.000","Male","371992","333449","38543","21386","5572","4604","968"
"2022-05-19T00:00:00.000","Female","419258","376704","42554","22962","5342","4331","1011"
"2022-05-19T00:00:00.000","Male","371105","332667","38438","21335","5569","4601","968"
"2022-05-18T00:00:00.000","Female","418173","375771","42402","22903","5342","4331","1011"
"2022-05-18T00:00:00.000","Male","370310","332002","38308","21289","5569","4601","968"
"2022-05-17T00:00:00.000","Female","417116","374890","42226","22845","5342","4331","1011"
"2022-05-17T00:00:00.000","Male","369436","331245","38191","21239","5569","4601","968"
"2022-05-16T00:00:00.000","Female","416116","374115","42001","22790","5338","4328","1010"
"2022-05-16T00:00:00.000","Male","368672","330638","38034","21195","5565","4598","967"
"2022-05-13T00:00:00.000","Female","410369","368382","41987","22475","5338","4328","1010"
"2022-05-13T00:00:00.000","Male","364060","326044","38016","20930","5565","4595","970"
"2022-05-12T00:00:00.000","Female","408984","367095","41889","22399","5325","4319","1006"
"2022-05-12T00:00:00.000","Male","363046","325117","37929","20872","5547","4580","967"
"2022-05-11T00:00:00.000","Female","407882","366088","41794","22339","5325","4319","1006"
"2022-05-11T00:00:00.000","Male","362194","324342","37852","20823","5547","4580","967"
"2022-05-10T00:00:00.000","Female","406510","364768","41742","22264","5325","4319","1006"
"2022-05-10T00:00:00.000","Male","361171","323369","37802","20764","5547","4580","967"
"2022-05-09T00:00:00.000","Female","405433","363840","41593","22205","5319","4316","1003"
"2022-05-09T00:00:00.000","Male","360308","322598","37710","20714","5545","4579","966"
"2022-05-06T00:00:00.000","Female","402910","361448","41462","22067","5318","4316","1002"
"2022-05-06T00:00:00.000","Male","358246","320673","37573","20596","5545","4579","966"
"2022-05-05T00:00:00.000","Female","402012","360537","41475","22018","5311","4309","1002"
"2022-05-05T00:00:00.000","Male","357556","319965","37591","20556","5536","4572","964"
"2022-05-04T00:00:00.000","Female","401208","359804","41404","21974","5311","4309","1002"
"2022-05-04T00:00:00.000","Male","356927","319377","37550","20520","5536","4572","964"
"2022-05-03T00:00:00.000","Female","400614","359306","41308","21941","5310","4308","1002"
"2022-05-03T00:00:00.000","Male","356487","319017","37470","20495","5534","4570","964"
"2022-05-02T00:00:00.000","Female","399603","358429","41174","21886","5308","4307","1001"
"2022-05-02T00:00:00.000","Male","355757","318392","37365","20453","5532","4569","963"
"2022-04-29T00:00:00.000","Female","398473","357367","41106","21824","5308","4307","1001"
"2022-04-29T00:00:00.000","Male","354821","317519","37302","20399","5531","4568","963"
"2022-04-28T00:00:00.000","Female","397864","356802","41062","21790","5304","4307","997"
"2022-04-28T00:00:00.000","Male","354350","317095","37255","20372","5525","4562","963"
"2022-04-27T00:00:00.000","Female","397147","356137","41010","21751","5304","4307","997"
"2022-04-27T00:00:00.000","Male","353824","316625","37199","20342","5523","4561","962"
"2022-04-26T00:00:00.000","Female","396577","355641","40936","21720","5304","4307","997"
"2022-04-26T00:00:00.000","Male","353347","316220","37127","20314","5523","4561","962"
"2022-04-25T00:00:00.000","Female","395957","355096","40861","21686","5303","4306","997"
"2022-04-25T00:00:00.000","Male","352888","315821","37067","20288","5520","4559","961"
"2022-04-22T00:00:00.000","Female","394833","354062","40771","21624","5303","4306","997"
"2022-04-22T00:00:00.000","Male","352000","315003","36997","20237","5520","4559","961"
"2022-04-21T00:00:00.000","Female","394182","353465","40717","21589","5301","4304","997"
"2022-04-21T00:00:00.000","Male","351487","314562","36925","20207","5514","4556","958"
"2022-04-20T00:00:00.000","Female","393707","353031","40676","21563","5300","4303","997"
"2022-04-20T00:00:00.000","Male","351095","314215","36880","20185","5513","4555","958"
"2022-04-19T00:00:00.000","Female","393123","352528","40595","21531","5296","4299","997"
"2022-04-19T00:00:00.000","Male","350667","313833","36834","20160","5505","4548","957"
"2022-04-18T00:00:00.000","Female","392456","351910","40546","21494","5296","4299","997"
"2022-04-18T00:00:00.000","Male","350179","313386","36793","20132","5505","4549","956"
"2022-04-15T00:00:00.000","Female","391390","350983","40407","21436","5296","4299","997"
"2022-04-15T00:00:00.000","Male","349330","312664","36666","20083","5505","4549","956"
"2022-04-14T00:00:00.000","Female","390736","350410","40326","21400","5295","4298","997"
"2022-04-14T00:00:00.000","Male","348796","312197","36599","20052","5502","4547","955"
"2022-04-13T00:00:00.000","Female","390511","350185","40326","21388","5295","4298","997"
"2022-04-13T00:00:00.000","Male","348620","312021","36599","20042","5502","4547","955"
"2022-04-12T00:00:00.000","Female","390133","349850","40283","21367","5294","4297","997"
"2022-04-12T00:00:00.000","Male","348309","311749","36560","20024","5502","4547","955"
"2022-04-11T00:00:00.000","Female","389786","349571","40215","21348","5291","4295","996"
"2022-04-11T00:00:00.000","Male","348032","311510","36522","20009","5499","4545","954"
"2022-04-08T00:00:00.000","Female","388789","348707","40082","21293","5290","4294","996"
"2022-04-08T00:00:00.000","Male","347238","310824","36414","19963","5499","4545","954"
"2022-04-07T00:00:00.000","Female","388410","348350","40060","21273","5288","4292","996"
"2022-04-07T00:00:00.000","Male","346948","310560","36388","19946","5495","4541","954"
"2022-04-06T00:00:00.000","Female","387997","347972","40025","21250","5288","4293","995"
"2022-04-06T00:00:00.000","Male","346648","310288","36360","19929","5495","4541","954"
"2022-04-05T00:00:00.000","Female","387739","347753","39986","21236","5288","4292","996"
"2022-04-05T00:00:00.000","Male","346455","310117","36338","19918","5493","4539","954"
"2022-04-04T00:00:00.000","Female","387494","347535","39959","21222","5282","4287","995"
"2022-04-04T00:00:00.000","Male","346277","309958","36319","19908","5485","4535","950"
"2022-04-01T00:00:00.000","Female","386798","346924","39874","21184","5282","4287","995"
"2022-04-01T00:00:00.000","Male","345749","309496","36253","19877","5485","4535","950"
"2022-03-31T00:00:00.000","Female","386539","346689","39850","21170","5281","4286","995"
"2022-03-31T00:00:00.000","Male","345519","309293","36226","19864","5483","4535","948"
"2022-03-30T00:00:00.000","Female","386162","346326","39836","21149","5283","4285","998"
"2022-03-30T00:00:00.000","Male","345161","308948","36213","19843","5484","4536","948"
"2022-03-29T00:00:00.000","Female","385915","346107","39808","21136","5283","4285","998"
"2022-03-29T00:00:00.000","Male","344956","308770","36186","19832","5484","4536","948"
"2022-03-28T00:00:00.000","Female","385713","345930","39783","21125","5276","4278","998"
"2022-03-28T00:00:00.000","Male","344800","308626","36174","19823","5471","4526","945"
"2022-03-25T00:00:00.000","Female","385241","345563","39678","21099","5276","4278","998"
"2022-03-25T00:00:00.000","Male","344372","308267","36105","19798","5471","4526","945"
"2022-03-24T00:00:00.000","Female","385024","345374","39650","21087","5274","4277","997"
"2022-03-24T00:00:00.000","Male","344178","308095","36083","19787","5458","4517","941"
"2022-03-23T00:00:00.000","Female","384783","345190","39593","21074","5271","4275","996"
"2022-03-23T00:00:00.000","Male","343985","307942","36043","19776","5457","4517","940"
"2022-03-22T00:00:00.000","Female","384580","344993","39587","21063","5273","4275","998"
"2022-03-22T00:00:00.000","Male","343796","307786","36010","19765","5457","4517","940"
"2022-03-21T00:00:00.000","Female","384335","344793","39542","21049","5264","4268","996"
"2022-03-21T00:00:00.000","Male","343610","307632","35978","19754","5447","4511","936"
"2022-03-18T00:00:00.000","Female","384083","344548","39535","21036","5260","4264","996"
"2022-03-18T00:00:00.000","Male","343396","307430","35966","19742","5445","4509","936"
"2022-03-17T00:00:00.000","Female","383919","344407","39512","21027","5238","4247","991"
"2022-03-17T00:00:00.000","Male","343257","307305","35952","19734","5427","4495","932"
"2022-03-16T00:00:00.000","Female","383709","344221","39488","21015","5238","4247","991"
"2022-03-16T00:00:00.000","Male","343104","307171","35933","19725","5427","4495","932"
"2022-03-15T00:00:00.000","Female","383559","344096","39463","21007","5237","4246","991"
"2022-03-15T00:00:00.000","Male","342954","307052","35902","19717","5426","4494","932"
"2022-03-14T00:00:00.000","Female","383403","343977","39426","20998","5229","4243","986"
"2022-03-14T00:00:00.000","Male","342830","306947","35883","19709","5414","4485","929"
"2022-03-11T00:00:00.000","Female","383059","343672","39387","20980","5228","4242","986"
"2022-03-11T00:00:00.000","Male","342496","306627","35869","19690","5408","4480","928"
"2022-03-10T00:00:00.000","Female","382891","343557","39334","20970","5216","4232","984"
"2022-03-10T00:00:00.000","Male","342336","306534","35802","19681","5387","4462","925"
"2022-03-09T00:00:00.000","Female","382719","343395","39324","20961","5214","4231","983"
"2022-03-09T00:00:00.000","Male","342232","306438","35794","19675","5383","4459","924"
"2022-03-08T00:00:00.000","Female","382560","343256","39304","20952","5204","4221","983"
"2022-03-08T00:00:00.000","Male","342072","306301","35771","19666","5375","4451","924"
"2022-03-07T00:00:00.000","Female","381936","342634","39302","20918","5178","4203","975"
"2022-03-07T00:00:00.000","Male","341513","305747","35766","19634","5352","4431","921"
"2022-03-04T00:00:00.000","Female","380496","341167","39329","20839","5179","4195","984"
"2022-03-04T00:00:00.000","Male","340235","304454","35781","19560","5352","4423","929"
"2022-03-03T00:00:00.000","Female","380255","340972","39283","20826","5168","4187","981"
"2022-03-03T00:00:00.000","Male","340062","304318","35744","19550","5335","4411","924"
"2022-03-02T00:00:00.000","Female","379959","340680","39279","20810","5165","4185","980"
"2022-03-02T00:00:00.000","Male","339767","304027","35740","19533","5335","4411","924"
"2022-03-01T00:00:00.000","Female","379853","340585","39268","20804","5145","4168","977"
"2022-03-01T00:00:00.000","Male","339656","303936","35720","19527","5314","4396","918"
"2022-02-28T00:00:00.000","Female","379758","340500","39258","20799","5146","4169","977"
"2022-02-28T00:00:00.000","Male","339596","303878","35718","19524","5312","4395","917"
"2022-02-25T00:00:00.000","Female","379248","340070","39178","20771","5143","4166","977"
"2022-02-25T00:00:00.000","Male","339182","303530","35652","19500","5310","4391","919"
"2022-02-24T00:00:00.000","Female","379021","339882","39139","20758","5133","4159","974"
"2022-02-24T00:00:00.000","Male","339000","303374","35626","19489","5298","4380","918"
"2022-02-23T00:00:00.000","Female","378834","339790","39044","20748","5132","4158","974"
"2022-02-23T00:00:00.000","Male","338786","303277","35509","19477","5294","4377","917"
"2022-02-22T00:00:00.000","Female","378554","339559","38995","20733","5102","4135","967"
"2022-02-22T00:00:00.000","Male","338569","303104","35465","19465","5260","4347","913"
"2022-02-21T00:00:00.000","Female","378380","339425","38955","20723","5102","4135","967"
"2022-02-21T00:00:00.000","Male","338426","302996","35430","19456","5260","4347","913"
"2022-02-18T00:00:00.000","Female","377759","338847","38912","20689","5096","4131","965"
"2022-02-18T00:00:00.000","Male","337855","302469","35386","19423","5250","4339","911"
"2022-02-17T00:00:00.000","Female","377148","338320","38828","20656","5090","4127","963"
"2022-02-17T00:00:00.000","Male","337275","301947","35328","19390","5223","4317","906"
"2022-02-16T00:00:00.000","Female","376850","338243","38607","20639","5088","4125","963"
"2022-02-16T00:00:00.000","Male","337028","301881","35147","19376","5219","4312","907"
"2022-02-15T00:00:00.000","Female","375856","337241","38615","20585","5091","4108","983"
"2022-02-15T00:00:00.000","Male","336226","301076","35150","19330","5218","4291","927"
"2022-02-14T00:00:00.000","Female","375119","336595","38524","20545","5066","4088","978"
"2022-02-14T00:00:00.000","Male","335696","300608","35088","19299","5183","4259","924"
"2022-02-11T00:00:00.000","Female","374351","335918","38433","20503","5066","4088","978"
"2022-02-11T00:00:00.000","Male","335020","300001","35019","19260","5183","4259","924"
"2022-02-10T00:00:00.000","Female","373732","335496","38236","20469","5045","4070","975"
"2022-02-10T00:00:00.000","Male","334477","299608","34869","19229","5163","4242","921"
"2022-02-09T00:00:00.000","Female","373176","335000","38176","20438","5043","4068","975"
"2022-02-09T00:00:00.000","Male","334025","299216","34809","19203","5160","4239","921"
"2022-02-08T00:00:00.000","Female","372633","334549","38084","20409","5021","4049","972"
"2022-02-08T00:00:00.000","Male","333556","298828","34728","19176","5126","4208","918"
"2022-02-07T00:00:00.000","Female","371930","333932","37998","20370","5022","4050","972"
"2022-02-07T00:00:00.000","Male","332946","298315","34631","19141","5126","4208","918"
"2022-02-04T00:00:00.000","Female","370795","332965","37830","20308","5020","4048","972"
"2022-02-04T00:00:00.000","Male","331989","297463","34526","19086","5128","4210","918"
"2022-02-03T00:00:00.000","Female","370111","332428","37683","20270","4996","4030","966"
"2022-02-03T00:00:00.000","Male","331412","297027","34385","19053","5076","4171","905"
"2022-02-02T00:00:00.000","Female","368760","331149","37611","20196","4996","4030","966"
"2022-02-02T00:00:00.000","Male","330316","296001","34315","18990","5076","4170","906"
"2022-02-01T00:00:00.000","Female","367815","330340","37475","20145","4991","4025","966"
"2022-02-01T00:00:00.000","Male","329492","295274","34218","18943","5074","4169","905"
"2022-01-31T00:00:00.000","Female","367138","329799","37339","20108","4958","4002","956"
"2022-01-31T00:00:00.000","Male","328944","294803","34141","18911","5041","4145","896"
"2022-01-28T00:00:00.000","Female","365388","328190","37198","20012","4944","3992","952"
"2022-01-28T00:00:00.000","Male","327383","293411","33972","18821","5030","4142","888"
"2022-01-27T00:00:00.000","Female","363969","326907","37062","19934","4902","3959","943"
"2022-01-27T00:00:00.000","Male","326145","292292","33853","18750","4995","4117","878"
"2022-01-26T00:00:00.000","Female","362398","325502","36896","19848","4899","3953","946"
"2022-01-26T00:00:00.000","Male","324717","291006","33711","18668","4991","4112","879"
"2022-01-25T00:00:00.000","Female","360969","324241","36728","19770","4837","3906","931"
"2022-01-25T00:00:00.000","Male","323362","289804","33558","18590","4925","4060","865"
"2022-01-24T00:00:00.000","Female","358934","322853","36081","19658","4838","3906","932"
"2022-01-24T00:00:00.000","Male","321614","288677","32937","18490","4925","4060","865"
"2022-01-21T00:00:00.000","Female","352682","317010","35672","19316","4839","3905","934"
"2022-01-21T00:00:00.000","Male","315943","283318","32625","18164","4919","4054","865"
"2022-01-20T00:00:00.000","Female","350312","314830","35482","19186","4795","3870","925"
"2022-01-20T00:00:00.000","Male","313907","281424","32483","18047","4877","4021","856"
"2022-01-19T00:00:00.000","Female","347785","312615","35170","19048","4792","3867","925"
"2022-01-19T00:00:00.000","Male","311665","279455","32210","17918","4867","4012","855"
"2022-01-18T00:00:00.000","Female","345170","310269","34901","18904","4749","3834","915"
"2022-01-18T00:00:00.000","Male","309555","277578","31977","17796","4804","3965","839"
"2022-01-17T00:00:00.000","Female","342857","308344","34513","18778","4743","3830","913"
"2022-01-17T00:00:00.000","Male","307625","275960","31665","17686","4800","3962","838"
"2022-01-14T00:00:00.000","Female","334384","300514","33870","18314","4745","3830","915"
"2022-01-14T00:00:00.000","Male","300320","269187","31133","17266","4800","3962","838"
"2022-01-13T00:00:00.000","Female","329626","296451","33175","18053","4698","3797","901"
"2022-01-13T00:00:00.000","Male","296397","265830","30567","17040","4733","3918","815"
"2022-01-12T00:00:00.000","Female","324419","292230","32189","17768","4698","3797","901"
"2022-01-12T00:00:00.000","Male","292051","262356","29695","16790","4733","3918","815"
"2022-01-11T00:00:00.000","Female","320503","288701","31802","17553","4696","3795","901"
"2022-01-11T00:00:00.000","Male","288720","259374","29346","16599","4728","3914","814"
"2022-01-10T00:00:00.000","Female","316696","285175","31521","17345","4679","3780","899"
"2022-01-10T00:00:00.000","Male","285789","256629","29160","16430","4687","3882","805"
"2022-01-07T00:00:00.000","Female","299480","268935","30545","16402","4679","3780","899"
"2022-01-07T00:00:00.000","Male","271872","243485","28387","15630","4687","3881","806"
"2022-01-06T00:00:00.000","Female","293872","263355","30517","16095","4636","3746","890"
"2022-01-06T00:00:00.000","Male","267498","239129","28369","15379","4634","3840","794"
"2022-01-05T00:00:00.000","Female","288975","259120","29855","15827","4636","3746","890"
"2022-01-05T00:00:00.000","Male","263615","235774","27841","15155","4634","3840","794"
"2022-01-04T00:00:00.000","Female","283240","253835","29405","15513","4632","3743","889"
"2022-01-04T00:00:00.000","Male","259113","231572","27541","14897","4631","3837","794"
"2022-01-03T00:00:00.000","Female","277292","249501","27791","15187","4609","3726","883"
"2022-01-03T00:00:00.000","Male","254490","228176","26314","14631","4590","3804","786"
"2021-12-30T00:00:00.000","Female","264150","237430","26720","14467","4588","3707","881"
"2021-12-30T00:00:00.000","Male","244109","218649","25460","14034","4561","3781","780"
"2021-12-29T00:00:00.000","Female","259947","233736","26211","14237","4588","3707","881"
"2021-12-29T00:00:00.000","Male","240632","215614","25018","13834","4562","3782","780"
"2021-12-28T00:00:00.000","Female","255862","230007","25855","14013","4587","3706","881"
"2021-12-28T00:00:00.000","Male","237229","212455","24774","13638","4558","3779","779"
"2021-12-27T00:00:00.000","Female","252778","227475","25303","13844","4563","3687","876"
"2021-12-27T00:00:00.000","Male","234573","210269","24304","13486","4529","3754","775"
"2021-12-23T00:00:00.000","Female","245065","220522","24543","13422","4551","3678","873"
"2021-12-23T00:00:00.000","Male","227654","204032","23622","13088","4515","3740","775"
"2021-12-22T00:00:00.000","Female","243287","218953","24334","13324","4551","3678","873"
"2021-12-22T00:00:00.000","Male","226035","202618","23417","12995","4516","3741","775"
"2021-12-21T00:00:00.000","Female","241526","217329","24197","13228","4549","3676","873"
"2021-12-21T00:00:00.000","Male","224441","201140","23301","12903","4516","3740","776"
"2021-12-20T00:00:00.000","Female","238329","214604","23725","13053","4533","3666","867"
"2021-12-20T00:00:00.000","Male","221648","198730","22918","12743","4498","3726","772"
"2021-12-17T00:00:00.000","Female","235156","211552","23604","12879","4511","3650","861"
"2021-12-17T00:00:00.000","Male","218621","195858","22763","12569","4480","3713","767"
"2021-12-16T00:00:00.000","Female","234438","210960","23478","12840","4511","3650","861"
"2021-12-16T00:00:00.000","Male","217904","195247","22657","12527","4480","3713","767"
"2021-12-15T00:00:00.000","Female","233380","210071","23309","12782","4511","3650","861"
"2021-12-15T00:00:00.000","Male","216876","194383","22493","12468","4480","3713","767"
"2021-12-14T00:00:00.000","Female","232511","209323","23188","12734","4509","3649","860"
"2021-12-14T00:00:00.000","Male","216040","193661","22379","12420","4480","3713","767"
"2021-12-13T00:00:00.000","Female","230989","208134","22855","12651","4498","3641","857"
"2021-12-13T00:00:00.000","Male","214583","192503","22080","12336","4463","3702","761"
"2021-12-10T00:00:00.000","Female","227086","206606","20480","12437","4499","3642","857"
"2021-12-10T00:00:00.000","Male","210587","190967","19620","12107","4462","3701","761"
"2021-12-09T00:00:00.000","Female","225436","205066","20370","12347","4486","3631","855"
"2021-12-09T00:00:00.000","Male","208992","189465","19527","12015","4449","3690","759"
"2021-12-08T00:00:00.000","Female","224086","204058","20028","12273","4486","3631","855"
"2021-12-08T00:00:00.000","Male","207688","188482","19206","11940","4449","3690","759"
"2021-12-07T00:00:00.000","Female","223704","203742","19962","12252","4486","3631","855"
"2021-12-07T00:00:00.000","Male","207296","188135","19161","11918","4449","3690","759"
"2021-12-06T00:00:00.000","Female","222695","202847","19848","12197","4481","3627","854"
"2021-12-06T00:00:00.000","Male","206393","187369","19024","11866","4434","3678","756"
"2021-12-03T00:00:00.000","Female","219868","200093","19775","12042","4481","3627","854"
"2021-12-03T00:00:00.000","Male","203768","184795","18973","11715","4434","3678","756"
"2021-12-02T00:00:00.000","Female","219431","199719","19712","12018","4470","3619","851"
"2021-12-02T00:00:00.000","Male","203346","184429","18917","11690","4429","3674","755"
"2021-12-01T00:00:00.000","Female","218605","198891","19714","11973","4470","3619","851"
"2021-12-01T00:00:00.000","Male","202551","183626","18925","11645","4429","3674","755"
"2021-11-30T00:00:00.000","Female","218010","198376","19634","11940","4467","3616","851"
"2021-11-30T00:00:00.000","Male","202055","183191","18864","11616","4428","3673","755"
"2021-11-29T00:00:00.000","Female","217554","197941","19613","11915","4450","3602","848"
"2021-11-29T00:00:00.000","Male","201604","182760","18844","11590","4404","3654","750"
"2021-11-26T00:00:00.000","Female","216368","196791","19577","11850","4450","3602","848"
"2021-11-26T00:00:00.000","Male","200482","181668","18814","11526","4405","3654","751"
"2021-11-24T00:00:00.000","Female","215434","195951","19483","11799","4450","3602","848"
"2021-11-24T00:00:00.000","Male","199532","180792","18740","11471","4405","3654","751"
"2021-11-23T00:00:00.000","Female","214999","195542","19457","11775","4445","3598","847"
"2021-11-23T00:00:00.000","Male","199135","180408","18727","11448","4398","3647","751"
"2021-11-22T00:00:00.000","Female","214612","195200","19412","11754","4445","3598","847"
"2021-11-22T00:00:00.000","Male","198756","180080","18676","11427","4398","3647","751"
"2021-11-19T00:00:00.000","Female","213538","194156","19382","11695","4444","3597","847"
"2021-11-19T00:00:00.000","Male","197776","179129","18647","11370","4396","3645","751"
"2021-11-18T00:00:00.000","Female","213081","193739","19342","11670","4436","3591","845"
"2021-11-18T00:00:00.000","Male","197368","178748","18620","11347","4388","3640","748"
"2021-11-17T00:00:00.000","Female","212702","193369","19333","11649","4436","3591","845"
"2021-11-17T00:00:00.000","Male","197003","178399","18604","11326","4388","3640","748"
"2021-11-16T00:00:00.000","Female","212265","192947","19318","11625","4434","3590","844"
"2021-11-16T00:00:00.000","Male","196601","178012","18589","11303","4382","3637","745"
"2021-11-15T00:00:00.000","Female","211973","192686","19287","11609","4434","3590","844"
"2021-11-15T00:00:00.000","Male","196348","177785","18563","11288","4382","3637","745"
"2021-11-12T00:00:00.000","Female","210847","191608","19239","11548","4432","3589","843"
"2021-11-12T00:00:00.000","Male","195297","176763","18534","11228","4367","3623","744"
"2021-11-11T00:00:00.000","Female","210623","191401","19222","11535","4432","3589","843"
"2021-11-11T00:00:00.000","Male","195067","176544","18523","11215","4367","3623","744"
"2021-11-10T00:00:00.000","Female","210342","191163","19179","11520","4432","3589","843"
"2021-11-10T00:00:00.000","Male","194813","176312","18501","11200","4367","3623","744"
"2021-11-09T00:00:00.000","Female","210033","190903","19130","11503","4430","3587","843"
"2021-11-09T00:00:00.000","Male","194553","176087","18466","11185","4366","3622","744"
"2021-11-08T00:00:00.000","Female","209878","190759","19119","11495","4427","3584","843"
"2021-11-08T00:00:00.000","Male","194405","175960","18445","11176","4353","3611","742"
"2021-11-05T00:00:00.000","Female","209407","190334","19073","11469","4427","3584","843"
"2021-11-05T00:00:00.000","Male","193942","175524","18418","11150","4353","3611","742"
"2021-11-04T00:00:00.000","Female","209239","190178","19061","11460","4421","3579","842"
"2021-11-04T00:00:00.000","Male","193792","175377","18415","11141","4345","3606","739"
"2021-11-03T00:00:00.000","Female","209027","189995","19032","11448","4421","3579","842"
"2021-11-03T00:00:00.000","Male","193572","175188","18384","11129","4345","3606","739"
"2021-11-02T00:00:00.000","Female","208824","189810","19014","11437","4421","3579","842"
"2021-11-02T00:00:00.000","Male","193385","175021","18364","11118","4345","3606","739"
"2021-11-01T00:00:00.000","Female","208620","189611","19009","11426","4417","3576","841"
"2021-11-01T00:00:00.000","Male","193175","174818","18357","11106","4339","3601","738"
"2021-10-29T00:00:00.000","Female","208210","189216","18994","11403","4416","3575","841"
"2021-10-29T00:00:00.000","Male","192749","174399","18350","11081","4338","3600","738"
"2021-10-28T00:00:00.000","Female","208007","189025","18982","11392","4409","3569","840"
"2021-10-28T00:00:00.000","Male","192529","174204","18325","11069","4332","3595","737"
"2021-10-27T00:00:00.000","Female","207771","188800","18971","11379","4410","3570","840"
"2021-10-27T00:00:00.000","Male","192319","174011","18308","11057","4332","3595","737"
"2021-10-26T00:00:00.000","Female","207588","188629","18959","11369","4410","3570","840"
"2021-10-26T00:00:00.000","Male","192163","173867","18296","11048","4332","3595","737"
"2021-10-25T00:00:00.000","Female","207450","188498","18952","11362","4404","3565","839"
"2021-10-25T00:00:00.000","Male","192045","173754","18291","11041","4325","3589","736"
"2021-10-22T00:00:00.000","Female","207014","188073","18941","11338","4404","3565","839"
"2021-10-22T00:00:00.000","Male","191591","173312","18279","11015","4325","3589","736"
"2021-10-21T00:00:00.000","Female","206762","187853","18909","11324","4396","3560","836"
"2021-10-21T00:00:00.000","Male","191397","173129","18268","11004","4315","3579","736"
"2021-10-20T00:00:00.000","Female","206564","187662","18902","11313","4396","3560","836"
"2021-10-20T00:00:00.000","Male","191185","172920","18265","10991","4315","3579","736"
"2021-10-19T00:00:00.000","Female","206381","187493","18888","11303","4396","3560","836"
"2021-10-19T00:00:00.000","Male","190985","172726","18259","10980","4315","3579","736"
"2021-10-18T00:00:00.000","Female","206007","187169","18838","11283","4393","3557","836"
"2021-10-18T00:00:00.000","Male","190655","172439","18216","10961","4315","3574","741"
"2021-10-15T00:00:00.000","Female","205421","186604","18817","11251","4393","3557","836"
"2021-10-15T00:00:00.000","Male","190103","171914","18189","10929","4315","3574","741"
"2021-10-14T00:00:00.000","Female","205191","186382","18809","11238","4391","3552","839"
"2021-10-14T00:00:00.000","Male","189843","171667","18176","10914","4306","3563","743"
"2021-10-13T00:00:00.000","Female","204751","186003","18748","11214","4389","3550","839"
"2021-10-13T00:00:00.000","Male","189414","171308","18106","10890","4306","3561","745"
"2021-10-12T00:00:00.000","Female","204630","185887","18743","11207","4372","3535","837"
"2021-10-12T00:00:00.000","Male","189296","171198","18098","10883","4285","3544","741"
"2021-10-08T00:00:00.000","Female","203882","185175","18707","11166","4372","3535","837"
"2021-10-08T00:00:00.000","Male","188571","170520","18051","10841","4285","3544","741"
"2021-10-07T00:00:00.000","Female","203609","184902","18707","11151","4372","3535","837"
"2021-10-07T00:00:00.000","Male","188337","170294","18043","10828","4285","3544","741"
"2021-10-06T00:00:00.000","Female","203355","184665","18690","11137","4373","3536","837"
"2021-10-06T00:00:00.000","Male","188066","170036","18030","10812","4284","3543","741"
"2021-10-05T00:00:00.000","Female","203169","184495","18674","11127","4372","3535","837"
"2021-10-05T00:00:00.000","Male","187877","169852","18025","10801","4284","3543","741"
"2021-10-04T00:00:00.000","Female","202979","184327","18652","11117","4369","3532","837"
"2021-10-04T00:00:00.000","Male","187657","169664","17993","10788","4271","3533","738"
"2021-10-01T00:00:00.000","Female","202445","183809","18636","11088","4369","3532","837"
"2021-10-01T00:00:00.000","Male","187107","169143","17964","10757","4271","3533","738"
"2021-09-30T00:00:00.000","Female","202072","183460","18612","11067","4362","3525","837"
"2021-09-30T00:00:00.000","Male","186768","168833","17935","10737","4257","3520","737"
"2021-09-29T00:00:00.000","Female","201986","183385","18601","11062","4362","3525","837"
"2021-09-29T00:00:00.000","Male","186689","168766","17923","10733","4257","3520","737"
"2021-09-28T00:00:00.000","Female","201741","183177","18564","11049","4360","3524","836"
"2021-09-28T00:00:00.000","Male","186490","168588","17902","10721","4256","3518","738"
"2021-09-27T00:00:00.000","Female","201447","182913","18534","11033","4351","3518","833"
"2021-09-27T00:00:00.000","Male","186233","168354","17879","10707","4232","3500","732"
"2021-09-24T00:00:00.000","Female","200716","182339","18377","10993","4317","3509","808"
"2021-09-24T00:00:00.000","Male","185530","167833","17697","10666","4175","3480","695"
"2021-09-23T00:00:00.000","Female","200465","182110","18355","10979","4310","3502","808"
"2021-09-23T00:00:00.000","Male","185311","167629","17682","10654","4164","3472","692"
"2021-09-22T00:00:00.000","Female","200155","181808","18347","10962","4311","3502","809"
"2021-09-22T00:00:00.000","Male","185027","167357","17670","10637","4164","3472","692"
"2021-09-21T00:00:00.000","Female","199916","181568","18348","10949","4307","3498","809"
"2021-09-21T00:00:00.000","Male","184790","167123","17667","10624","4162","3469","693"
"2021-09-20T00:00:00.000","Female","199700","181355","18345","10937","4297","3490","807"
"2021-09-20T00:00:00.000","Male","184607","166939","17668","10613","4157","3466","691"
"2021-09-17T00:00:00.000","Female","198929","180632","18297","10895","4298","3491","807"
"2021-09-17T00:00:00.000","Male","183942","166315","17627","10575","4157","3466","691"
"2021-09-16T00:00:00.000","Female","198110","180087","18023","10850","4292","3486","806"
"2021-09-16T00:00:00.000","Male","183213","165839","17374","10533","4147","3458","689"
"2021-09-15T00:00:00.000","Female","197578","179738","17840","10821","4292","3486","806"
"2021-09-15T00:00:00.000","Male","182679","165497","17182","10502","4147","3458","689"
"2021-09-14T00:00:00.000","Female","197369","179567","17802","10810","4291","3486","805"
"2021-09-14T00:00:00.000","Male","182485","165332","17153","10491","4147","3458","689"
"2021-09-13T00:00:00.000","Female","196846","179108","17738","10781","4280","3477","803"
"2021-09-13T00:00:00.000","Male","181987","164876","17111","10463","4136","3450","686"
"2021-09-10T00:00:00.000","Female","196160","178528","17632","10743","4280","3477","803"
"2021-09-10T00:00:00.000","Male","181336","164344","16992","10425","4136","3450","686"
"2021-09-09T00:00:00.000","Female","195865","178267","17598","10727","4276","3476","800"
"2021-09-09T00:00:00.000","Male","181039","164085","16954","10408","4132","3446","686"
"2021-09-08T00:00:00.000","Female","195547","178025","17522","10710","4276","3476","800"
"2021-09-08T00:00:00.000","Male","180728","163854","16874","10390","4131","3446","685"
"2021-09-07T00:00:00.000","Female","195064","177700","17364","10683","4265","3466","799"
"2021-09-07T00:00:00.000","Male","180321","163601","16720","10367","4122","3440","682"
"2021-09-03T00:00:00.000","Female","194239","176949","17290","10638","4265","3466","799"
"2021-09-03T00:00:00.000","Male","179533","162897","16636","10321","4121","3439","682"
"2021-09-02T00:00:00.000","Female","193920","176692","17228","10621","4265","3466","799"
"2021-09-02T00:00:00.000","Male","179186","162599","16587","10301","4121","3439","682"
"2021-09-01T00:00:00.000","Female","193581","176354","17227","10602","4249","3453","796"
"2021-09-01T00:00:00.000","Male","178839","162277","16562","10282","4101","3423","678"
"2021-08-31T00:00:00.000","Female","193219","176055","17164","10582","4249","3453","796"
"2021-08-31T00:00:00.000","Male","178482","161971","16511","10261","4101","3423","678"
"2021-08-30T00:00:00.000","Female","192714","175661","17053","10555","4249","3453","796"
"2021-08-30T00:00:00.000","Male","178006","161609","16397","10234","4101","3423","678"
"2021-08-27T00:00:00.000","Female","191997","175020","16977","10515","4249","3453","796"
"2021-08-27T00:00:00.000","Male","177372","161043","16329","10197","4101","3423","678"
"2021-08-26T00:00:00.000","Female","191591","174694","16897","10493","4247","3451","796"
"2021-08-26T00:00:00.000","Male","176999","160740","16259","10176","4101","3423","678"
"2021-08-25T00:00:00.000","Female","191168","174308","16860","10470","4236","3441","795"
"2021-08-25T00:00:00.000","Male","176631","160386","16245","10155","4092","3416","676"
"2021-08-24T00:00:00.000","Female","190849","174103","16746","10452","4236","3441","795"
"2021-08-24T00:00:00.000","Male","176297","160181","16116","10135","4092","3416","676"
"2021-08-23T00:00:00.000","Female","190297","173584","16713","10422","4236","3441","795"
"2021-08-23T00:00:00.000","Male","175782","159704","16078","10106","4092","3416","676"
"2021-08-20T00:00:00.000","Female","189491","172850","16641","10378","4236","3441","795"
"2021-08-20T00:00:00.000","Male","175029","159039","15990","10063","4094","3418","676"
"2021-08-19T00:00:00.000","Female","189256","172686","16570","10365","4231","3436","795"
"2021-08-19T00:00:00.000","Male","174829","158906","15923","10051","4092","3416","676"
"2021-08-18T00:00:00.000","Female","188972","172435","16537","10350","4220","3426","794"
"2021-08-18T00:00:00.000","Male","174583","158687","15896","10037","4080","3408","672"
"2021-08-17T00:00:00.000","Female","188661","172165","16496","10333","4220","3426","794"
"2021-08-17T00:00:00.000","Male","174299","158444","15855","10021","4077","3405","672"
"2021-08-16T00:00:00.000","Female","188188","171840","16348","10307","4220","3426","794"
"2021-08-16T00:00:00.000","Male","173889","158153","15736","9997","4080","3405","675"
"2021-08-13T00:00:00.000","Female","187355","171139","16216","10261","4220","3426","794"
"2021-08-13T00:00:00.000","Male","173140","157543","15597","9954","4080","3405","675"
"2021-08-12T00:00:00.000","Female","187075","170916","16159","10246","4220","3425","795"
"2021-08-12T00:00:00.000","Male","172876","157329","15547","9939","4080","3405","675"
"2021-08-11T00:00:00.000","Female","186681","170561","16120","10224","4218","3424","794"
"2021-08-11T00:00:00.000","Male","172525","157016","15509","9919","4072","3398","674"
"2021-08-10T00:00:00.000","Female","186213","170150","16063","10199","4218","3424","794"
"2021-08-10T00:00:00.000","Male","172088","156655","15433","9893","4072","3398","674"
"2021-08-09T00:00:00.000","Female","186058","169990","16068","10190","4218","3424","794"
"2021-08-09T00:00:00.000","Male","171966","156533","15433","9886","4071","3398","673"
"2021-08-06T00:00:00.000","Female","185378","169418","15960","10153","4218","3423","795"
"2021-08-06T00:00:00.000","Male","171361","156029","15332","9852","4071","3398","673"
"2021-08-05T00:00:00.000","Female","184988","169107","15881","10131","4218","3423","795"
"2021-08-05T00:00:00.000","Male","171022","155751","15271","9832","4071","3398","673"
"2021-08-04T00:00:00.000","Female","184627","168786","15841","10112","4216","3422","794"
"2021-08-04T00:00:00.000","Male","170738","155494","15244","9816","4069","3396","673"
"2021-08-03T00:00:00.000","Female","184378","168611","15767","10098","4216","3422","794"
"2021-08-03T00:00:00.000","Male","170456","155301","15155","9800","4069","3396","673"
"2021-08-02T00:00:00.000","Female","184048","168290","15758","10080","4216","3420","796"
"2021-08-02T00:00:00.000","Male","170202","155048","15154","9785","4070","3395","675"
"2021-07-30T00:00:00.000","Female","183414","167783","15631","10045","4216","3420","796"
"2021-07-30T00:00:00.000","Male","169590","154549","15041","9750","4070","3395","675"
"2021-07-29T00:00:00.000","Female","183161","167605","15556","10031","4216","3420","796"
"2021-07-29T00:00:00.000","Male","169342","154364","14978","9736","4070","3395","675"
"2021-07-28T00:00:00.000","Female","182971","167443","15528","10021","4212","3418","794"
"2021-07-28T00:00:00.000","Male","169192","154249","14943","9727","4069","3394","675"
"2021-07-27T00:00:00.000","Female","182762","167262","15500","10010","4212","3418","794"
"2021-07-27T00:00:00.000","Male","169005","154098","14907","9716","4069","3394","675"
"2021-07-26T00:00:00.000","Female","182524","167051","15473","9997","4212","3418","794"
"2021-07-26T00:00:00.000","Male","168751","153885","14866","9702","4069","3394","675"
"2021-07-23T00:00:00.000","Female","182207","166823","15384","9979","4212","3418","794"
"2021-07-23T00:00:00.000","Male","168487","153683","14804","9686","4067","3393","674"
"2021-07-22T00:00:00.000","Female","182100","166733","15367","9973","4212","3418","794"
"2021-07-22T00:00:00.000","Male","168379","153592","14787","9680","4067","3393","674"
"2021-07-21T00:00:00.000","Female","181947","166609","15338","9965","4210","3416","794"
"2021-07-21T00:00:00.000","Male","168236","153473","14763","9672","4065","3391","674"
"2021-07-20T00:00:00.000","Female","181827","166525","15302","9958","4210","3416","794"
"2021-07-20T00:00:00.000","Male","168123","153409","14714","9665","4065","3391","674"
"2021-07-19T00:00:00.000","Female","181703","166432","15271","9952","4210","3416","794"
"2021-07-19T00:00:00.000","Male","168026","153331","14695","9660","4065","3390","675"
"2021-07-16T00:00:00.000","Female","181486","166248","15238","9940","4210","3416","794"
"2021-07-16T00:00:00.000","Male","167833","153173","14660","9649","4065","3390","675"
"2021-07-15T00:00:00.000","Female","181405","166184","15221","9935","4210","3416","794"
"2021-07-15T00:00:00.000","Male","167771","153133","14638","9645","4065","3390","675"
"2021-07-14T00:00:00.000","Female","181328","166139","15189","9931","4208","3415","793"
"2021-07-14T00:00:00.000","Male","167701","153094","14607","9641","4064","3389","675"
"2021-07-13T00:00:00.000","Female","181261","166096","15165","9927","4208","3415","793"
"2021-07-13T00:00:00.000","Male","167626","153038","14588","9637","4064","3389","675"
"2021-07-12T00:00:00.000","Female","181162","166015","15147","9922","4208","3415","793"
"2021-07-12T00:00:00.000","Male","167522","152953","14569","9631","4064","3389","675"
"2021-07-09T00:00:00.000","Female","181119","165991","15128","9920","4208","3415","793"
"2021-07-09T00:00:00.000","Male","167494","152934","14560","9629","4064","3389","675"
"2021-07-08T00:00:00.000","Female","181035","165923","15112","9915","4208","3415","793"
"2021-07-08T00:00:00.000","Male","167410","152867","14543","9624","4064","3389","675"
"2021-07-07T00:00:00.000","Female","180999","165898","15101","9913","4207","3415","792"
"2021-07-07T00:00:00.000","Male","167390","152855","14535","9623","4064","3389","675"
"2021-07-06T00:00:00.000","Female","180951","165861","15090","9910","4207","3415","792"
"2021-07-06T00:00:00.000","Male","167344","152822","14522","9621","4065","3390","675"
"2021-07-02T00:00:00.000","Female","180884","165800","15084","9907","4206","3412","794"
"2021-07-02T00:00:00.000","Male","167232","152720","14512","9614","4066","3389","677"
"2021-07-01T00:00:00.000","Female","180839","165772","15067","9904","4206","3412","794"
"2021-07-01T00:00:00.000","Male","167189","152694","14495","9612","4066","3389","677"
"2021-06-30T00:00:00.000","Female","180822","165758","15064","9903","4205","3411","794"
"2021-06-30T00:00:00.000","Male","167168","152676","14492","9611","4066","3389","677"
"2021-06-29T00:00:00.000","Female","180799","165745","15054","9902","4204","3411","793"
"2021-06-29T00:00:00.000","Male","167139","152659","14480","9609","4065","3388","677"
"2021-06-28T00:00:00.000","Female","180774","165728","15046","9901","4204","3411","793"
"2021-06-28T00:00:00.000","Male","167121","152641","14480","9608","4065","3388","677"
"2021-06-25T00:00:00.000","Female","180702","165660","15042","9897","4203","3411","792"
"2021-06-25T00:00:00.000","Male","167046","152577","14469","9604","4065","3388","677"
"2021-06-24T00:00:00.000","Female","180628","165588","15040","9893","4202","3410","792"
"2021-06-24T00:00:00.000","Male","166992","152512","14480","9600","4065","3386","679"
"2021-06-23T00:00:00.000","Female","180549","165514","15035","9888","4201","3407","794"
"2021-06-23T00:00:00.000","Male","166914","152441","14473","9596","4063","3384","679"
"2021-06-22T00:00:00.000","Female","180515","165489","15026","9887","4201","3407","794"
"2021-06-22T00:00:00.000","Male","166909","152440","14469","9596","4063","3384","679"
"2021-06-21T00:00:00.000","Female","180501","165480","15021","9886","4200","3406","794"
"2021-06-21T00:00:00.000","Male","166875","152414","14461","9594","4062","3383","679"
"2021-06-18T00:00:00.000","Female","180459","165452","15007","9883","4200","3406","794"
"2021-06-18T00:00:00.000","Male","166821","152358","14463","9591","4063","3383","680"
"2021-06-17T00:00:00.000","Female","180423","165424","14999","9881","4198","3404","794"
"2021-06-17T00:00:00.000","Male","166787","152331","14456","9589","4061","3382","679"
"2021-06-16T00:00:00.000","Female","180398","165408","14990","9880","4197","3404","793"
"2021-06-16T00:00:00.000","Male","166776","152328","14448","9588","4061","3382","679"
"2021-06-15T00:00:00.000","Female","180381","165392","14989","9879","4196","3404","792"
"2021-06-15T00:00:00.000","Male","166756","152310","14446","9587","4060","3381","679"
"2021-06-14T00:00:00.000","Female","180348","165370","14978","9877","4196","3404","792"
"2021-06-14T00:00:00.000","Male","166727","152289","14438","9585","4060","3381","679"
"2021-06-11T00:00:00.000","Female","180273","165314","14959","9873","4194","3403","791"
"2021-06-11T00:00:00.000","Male","166685","152256","14429","9583","4060","3381","679"
"2021-06-10T00:00:00.000","Female","180258","165302","14956","9872","4194","3403","791"
"2021-06-10T00:00:00.000","Male","166671","152248","14423","9582","4059","3381","678"
"2021-06-09T00:00:00.000","Female","180230","165280","14950","9871","4193","3402","791"
"2021-06-09T00:00:00.000","Male","166643","152221","14422","9580","4057","3379","678"
"2021-06-08T00:00:00.000","Female","180170","165234","14936","9868","4192","3401","791"
"2021-06-08T00:00:00.000","Male","166592","152194","14398","9577","4056","3378","678"
"2021-06-07T00:00:00.000","Female","180137","165210","14927","9866","4192","3401","791"
"2021-06-07T00:00:00.000","Male","166558","152170","14388","9576","4054","3376","678"
"2021-06-04T00:00:00.000","Female","180036","165120","14916","9860","4189","3399","790"
"2021-06-04T00:00:00.000","Male","166464","152078","14386","9570","4050","3372","678"
"2021-06-03T00:00:00.000","Female","179983","165086","14897","9857","4189","3399","790"
"2021-06-03T00:00:00.000","Male","166376","152038","14338","9565","4049","3372","677"
"2021-06-02T00:00:00.000","Female","179939","165050","14889","9855","4191","3402","789"
"2021-06-02T00:00:00.000","Male","166350","152021","14329","9564","4049","3375","674"
"2021-06-01T00:00:00.000","Female","179872","164997","14875","9851","4190","3401","789"
"2021-06-01T00:00:00.000","Male","166296","151988","14308","9560","4047","3373","674"
"2021-05-28T00:00:00.000","Female","179748","164891","14857","9845","4187","3399","788"
"2021-05-28T00:00:00.000","Male","166198","151919","14279","9555","4044","3372","672"
"2021-05-27T00:00:00.000","Female","179670","164829","14841","9840","4185","3397","788"
"2021-05-27T00:00:00.000","Male","166069","151810","14259","9547","4038","3368","670"
"2021-05-26T00:00:00.000","Female","179583","164760","14823","9835","4183","3396","787"
"2021-05-26T00:00:00.000","Male","165996","151754","14242","9543","4037","3368","669"
"2021-05-25T00:00:00.000","Female","179528","164707","14821","9832","4182","3395","787"
"2021-05-25T00:00:00.000","Male","165958","151715","14243","9541","4032","3364","668"
"2021-05-24T00:00:00.000","Female","179428","164643","14785","9827","4182","3395","787"
"2021-05-24T00:00:00.000","Male","165882","151663","14219","9537","4030","3363","667"
"2021-05-21T00:00:00.000","Female","179232","164460","14772","9816","4181","3394","787"
"2021-05-21T00:00:00.000","Male","165695","151481","14214","9526","4024","3358","666"
"2021-05-20T00:00:00.000","Female","179130","164372","14758","9811","4179","3392","787"
"2021-05-20T00:00:00.000","Male","165621","151430","14191","9522","4022","3357","665"
"2021-05-19T00:00:00.000","Female","179028","164292","14736","9805","4177","3391","786"
"2021-05-19T00:00:00.000","Male","165514","151332","14182","9515","4020","3355","665"
"2021-05-18T00:00:00.000","Female","178903","164202","14701","9798","4173","3388","785"
"2021-05-18T00:00:00.000","Male","165412","151273","14139","9510","4018","3353","665"
"2021-05-17T00:00:00.000","Female","178854","164146","14708","9796","4174","3390","784"
"2021-05-17T00:00:00.000","Male","165379","151235","14144","9508","4013","3351","662"
"2021-05-14T00:00:00.000","Female","178503","163833","14670","9776","4163","3383","780"
"2021-05-14T00:00:00.000","Male","165043","150935","14108","9488","4003","3344","659"
"2021-05-13T00:00:00.000","Female","178341","163713","14628","9767","4160","3380","780"
"2021-05-13T00:00:00.000","Male","164840","150771","14069","9477","4001","3342","659"
"2021-05-12T00:00:00.000","Female","178081","163479","14602","9753","4157","3377","780"
"2021-05-12T00:00:00.000","Male","164623","150565","14058","9464","3997","3337","660"
"2021-05-11T00:00:00.000","Female","177993","163390","14603","9748","4156","3376","780"
"2021-05-11T00:00:00.000","Male","164536","150501","14035","9459","3993","3334","659"
"2021-05-10T00:00:00.000","Female","177804","163260","14544","9738","4156","3375","781"
"2021-05-10T00:00:00.000","Male","164332","150372","13960","9448","3991","3333","658"
"2021-05-06T00:00:00.000","Female","177378","162890","14488","9697","4150","3370","780"
"2021-05-06T00:00:00.000","Male","163951","150036","13915","9404","3980","3321","659"
"2021-05-05T00:00:00.000","Female","177107","162668","14439","9682","4145","3365","780"
"2021-05-05T00:00:00.000","Male","163768","149894","13874","9394","3979","3320","659"
"2021-05-04T00:00:00.000","Female","176720","162294","14426","9661","4143","3362","781"
"2021-05-04T00:00:00.000","Male","163440","149578","13862","9375","3974","3314","660"
"2021-05-03T00:00:00.000","Female","176434","162087","14347","9645","4141","3360","781"
"2021-05-03T00:00:00.000","Male","163111","149334","13777","9356","3969","3312","657"
"2021-05-02T00:00:00.000","Female","176238","161961","14277","9634","4139","3358","781"
"2021-05-02T00:00:00.000","Male","162888","149164","13724","9343","3966","3309","657"
"2021-04-29T00:00:00.000","Female","175560","161375","14185","9597","4129","3349","780"
"2021-04-29T00:00:00.000","Male","162327","148688","13639","9311","3961","3304","657"
"2021-04-28T00:00:00.000","Female","175162","161029","14133","9576","4123","3345","778"
"2021-04-28T00:00:00.000","Male","161941","148356","13585","9289","3954","3297","657"
"2021-04-27T00:00:00.000","Female","174906","160811","14095","9562","4120","3343","777"
"2021-04-27T00:00:00.000","Male","161715","148143","13572","9276","3953","3296","657"
"2021-04-26T00:00:00.000","Female","174564","160583","13981","9543","4113","3337","776"
"2021-04-26T00:00:00.000","Male","161391","147920","13471","9257","3947","3291","656"
"2021-04-25T00:00:00.000","Female","174364","160382","13982","9532","4112","3336","776"
"2021-04-25T00:00:00.000","Male","161180","147709","13471","9245","3947","3291","656"
"2021-04-22T00:00:00.000","Female","173246","159510","13736","9471","4101","3328","773"
"2021-04-22T00:00:00.000","Male","160158","146869","13289","9187","3939","3283","656"
"2021-04-21T00:00:00.000","Female","172694","159069","13625","9441","4099","3327","772"
"2021-04-21T00:00:00.000","Male","159672","146481","13191","9159","3933","3281","652"
"2021-04-20T00:00:00.000","Female","172317","158758","13559","9420","4090","3319","771"
"2021-04-20T00:00:00.000","Male","159315","146195","13120","9138","3930","3278","652"
"2021-04-19T00:00:00.000","Female","171871","158391","13480","9396","4085","3315","770"
"2021-04-19T00:00:00.000","Male","158917","145858","13059","9115","3928","3276","652"
"2021-04-18T00:00:00.000","Female","171476","158064","13412","9374","4082","3312","770"
"2021-04-18T00:00:00.000","Male","158587","145569","13018","9096","3925","3273","652"
"2021-04-15T00:00:00.000","Female","170332","157066","13266","9311","4070","3304","766"
"2021-04-15T00:00:00.000","Male","157450","144565","12885","9031","3918","3268","650"
"2021-04-14T00:00:00.000","Female","169806","156657","13149","9283","4068","3303","765"
"2021-04-14T00:00:00.000","Male","156945","144148","12797","9002","3915","3265","650"
"2021-04-13T00:00:00.000","Female","169466","156370","13096","9264","4066","3301","765"
"2021-04-13T00:00:00.000","Male","156623","143875","12748","8984","3911","3261","650"
"2021-04-12T00:00:00.000","Female","168681","155664","13017","9221","4060","3295","765"
"2021-04-12T00:00:00.000","Male","155903","143269","12634","8942","3907","3257","650"
"2021-04-11T00:00:00.000","Female","167963","155031","12932","9182","4054","3290","764"
"2021-04-11T00:00:00.000","Male","155188","142633","12555","8901","3895","3245","650"
"2021-04-08T00:00:00.000","Female","166474","153654","12820","9101","4050","3286","764"
"2021-04-08T00:00:00.000","Male","153723","141300","12423","8817","3886","3237","649"
"2021-04-07T00:00:00.000","Female","165577","152824","12753","9052","4052","3288","764"
"2021-04-07T00:00:00.000","Male","152812","140449","12363","8765","3880","3231","649"
"2021-04-06T00:00:00.000","Female","165080","152392","12688","9024","4049","3285","764"
"2021-04-06T00:00:00.000","Male","152311","140019","12292","8736","3878","3229","649"
"2021-04-05T00:00:00.000","Female","164564","151990","12574","8996","4045","3283","762"
"2021-04-05T00:00:00.000","Male","151816","139635","12181","8708","3876","3227","649"
"2021-04-04T00:00:00.000","Female","164040","151558","12482","8968","4040","3280","760"
"2021-04-04T00:00:00.000","Male","151264","139175","12089","8676","3874","3225","649"
"2021-04-01T00:00:00.000","Female","162699","150377","12322","8894","4027","3271","756"
"2021-04-01T00:00:00.000","Male","149898","137992","11906","8598","3868","3219","649"
"2021-03-31T00:00:00.000","Female","161993","149699","12294","8856","4027","3270","757"
"2021-03-31T00:00:00.000","Male","149124","137265","11859","8554","3864","3215","649"
"2021-03-30T00:00:00.000","Female","161189","149228","11961","8812","4022","3265","757"
"2021-03-30T00:00:00.000","Male","148368","136812","11556","8510","3855","3205","650"
"2021-03-29T00:00:00.000","Female","160774","148885","11889","8789","4022","3266","756"
"2021-03-29T00:00:00.000","Male","147958","136469","11489","8487","3854","3209","645"
"2021-03-28T00:00:00.000","Female","159972","148206","11766","8745","4020","3263","757"
"2021-03-28T00:00:00.000","Male","147130","135768","11362","8439","3854","3209","645"
"2021-03-25T00:00:00.000","Female","158362","146770","11592","8657","4011","3254","757"
"2021-03-25T00:00:00.000","Male","145528","134371","11157","8347","3845","3202","643"
"2021-03-24T00:00:00.000","Female","157553","146105","11448","8613","4009","3252","757"
"2021-03-24T00:00:00.000","Male","144650","133654","10996","8297","3844","3203","641"
"2021-03-23T00:00:00.000","Female","156799","145409","11390","8572","4003","3247","756"
"2021-03-23T00:00:00.000","Male","143914","132966","10948","8255","3840","3201","639"
"2021-03-22T00:00:00.000","Female","156082","145108","10974","8532","4003","3250","753"
"2021-03-22T00:00:00.000","Male","143200","132667","10533","8214","3835","3199","636"
"2021-03-21T00:00:00.000","Female","155642","144748","10894","8508","3999","3246","753"
"2021-03-21T00:00:00.000","Male","142745","132289","10456","8188","3835","3201","634"
"2021-03-18T00:00:00.000","Female","154183","143456","10727","8429","3996","3242","754"
"2021-03-18T00:00:00.000","Male","141212","130915","10297","8100","3829","3196","633"
"2021-03-17T00:00:00.000","Female","153573","142944","10629","8395","3993","3241","752"
"2021-03-17T00:00:00.000","Male","140630","130442","10188","8066","3822","3190","632"
"2021-03-16T00:00:00.000","Female","153018","142455","10563","8365","3987","3232","755"
"2021-03-16T00:00:00.000","Male","140037","129897","10140","8032","3813","3183","630"
"2021-03-15T00:00:00.000","Female","152831","142293","10538","8355","3983","3229","754"
"2021-03-15T00:00:00.000","Male","139856","129735","10121","8022","3809","3179","630"
"2021-03-14T00:00:00.000","Female","152435","142038","10397","8333","3980","3225","755"
"2021-03-14T00:00:00.000","Male","139424","129428","9996","7997","3801","3174","627"
"2021-03-11T00:00:00.000","Female","151192","140918","10274","8265","3969","3214","755"
"2021-03-11T00:00:00.000","Male","138145","128320","9825","7924","3789","3165","624"
"2021-03-10T00:00:00.000","Female","150602","140360","10242","8233","3967","3212","755"
"2021-03-10T00:00:00.000","Male","137563","127770","9793","7891","3787","3163","624"
"2021-03-09T00:00:00.000","Female","150236","140012","10224","8213","3961","3206","755"
"2021-03-09T00:00:00.000","Male","137194","127438","9756","7869","3784","3160","624"
"2021-03-08T00:00:00.000","Female","149976","139842","10134","8199","3955","3202","753"
"2021-03-08T00:00:00.000","Male","136925","127250","9675","7854","3777","3153","624"
"2021-03-07T00:00:00.000","Female","149631","139570","10061","8180","3950","3198","752"
"2021-03-07T00:00:00.000","Male","136526","126948","9578","7831","3768","3144","624"
"2021-03-04T00:00:00.000","Female","148563","138562","10001","8121","3943","3192","751"
"2021-03-04T00:00:00.000","Male","135563","126065","9498","7776","3754","3130","624"
"2021-03-03T00:00:00.000","Female","148119","138188","9931","8097","3937","3188","749"
"2021-03-03T00:00:00.000","Male","135169","125713","9456","7753","3750","3128","622"
"2021-03-02T00:00:00.000","Female","147679","137800","9879","8073","3928","3179","749"
"2021-03-02T00:00:00.000","Male","134715","125292","9423","7727","3744","3123","621"
"2021-03-01T00:00:00.000","Female","147420","137634","9786","8059","3919","3170","749"
"2021-03-01T00:00:00.000","Male","134494","125146","9348","7714","3733","3113","620"
"2021-02-28T00:00:00.000","Female","147164","137409","9755","8045","3916","3167","749"
"2021-02-28T00:00:00.000","Male","134256","124953","9303","7701","3729","3109","620"
"2021-02-25T00:00:00.000","Female","145856","136214","9642","7973","3902","3154","748"
"2021-02-25T00:00:00.000","Male","132898","123765","9133","7623","3714","3096","618"
"2021-02-24T00:00:00.000","Female","145465","135915","9550","7952","3892","3148","744"
"2021-02-24T00:00:00.000","Male","132522","123456","9066","7601","3716","3096","620"
"2021-02-23T00:00:00.000","Female","144994","135517","9477","7926","3885","3141","744"
"2021-02-23T00:00:00.000","Male","132025","123037","8988","7573","3704","3085","619"
"2021-02-22T00:00:00.000","Female","144233","135161","9072","7885","3871","3129","742"
"2021-02-22T00:00:00.000","Male","131327","122669","8658","7533","3695","3078","617"
"2021-02-21T00:00:00.000","Female","143556","134898","8658","7848","3867","3125","742"
"2021-02-21T00:00:00.000","Male","130662","122390","8272","7495","3689","3073","616"
"2021-02-18T00:00:00.000","Female","142462","133825","8637","7788","3848","3106","742"
"2021-02-18T00:00:00.000","Male","129537","121326","8211","7430","3670","3056","614"
"2021-02-17T00:00:00.000","Female","141857","133248","8609","7755","3834","3095","739"
"2021-02-17T00:00:00.000","Male","128949","120747","8202","7396","3657","3046","611"
"2021-02-16T00:00:00.000","Female","141603","133029","8574","7741","3826","3089","737"
"2021-02-16T00:00:00.000","Male","128683","120530","8153","7381","3645","3036","609"
"2021-02-15T00:00:00.000","Female","141327","132859","8468","7726","3814","3080","734"
"2021-02-15T00:00:00.000","Male","128424","120371","8053","7366","3630","3022","608"
"2021-02-14T00:00:00.000","Female","141039","132589","8450","7710","3813","3080","733"
"2021-02-14T00:00:00.000","Male","128123","120096","8027","7349","3629","3021","608"
"2021-02-11T00:00:00.000","Female","139611","131240","8371","7632","3775","3049","726"
"2021-02-11T00:00:00.000","Male","126681","118739","7942","7266","3601","2996","605"
"2021-02-10T00:00:00.000","Female","139194","130855","8339","7609","3757","3032","725"
"2021-02-10T00:00:00.000","Male","126286","118364","7922","7244","3592","2989","603"
"2021-02-09T00:00:00.000","Female","138734","130442","8292","7584","3744","3019","725"
"2021-02-09T00:00:00.000","Male","125748","117896","7852","7213","3577","2976","601"
"2021-02-08T00:00:00.000","Female","138295","130078","8217","7560","3731","3012","719"
"2021-02-08T00:00:00.000","Male","125303","117505","7798","7187","3562","2963","599"
"2021-02-07T00:00:00.000","Female","137839","129644","8195","7535","3725","3006","719"
"2021-02-07T00:00:00.000","Male","124883","117125","7758","7163","3552","2956","596"
"2021-02-04T00:00:00.000","Female","135669","127617","8052","7417","3689","2970","719"
"2021-02-04T00:00:00.000","Male","122745","115110","7635","7041","3520","2921","599"
"2021-02-03T00:00:00.000","Female","134939","126941","7998","7377","3677","2959","718"
"2021-02-03T00:00:00.000","Male","122054","114485","7569","7001","3503","2909","594"
"2021-02-02T00:00:00.000","Female","134506","126506","8000","7353","3665","2944","721"
"2021-02-02T00:00:00.000","Male","121559","114008","7551","6973","3488","2892","596"
"2021-02-01T00:00:00.000","Female","134267","126297","7970","7340","3650","2935","715"
"2021-02-01T00:00:00.000","Male","121319","113805","7514","6959","3479","2884","595"
"2021-01-31T00:00:00.000","Female","132981","125065","7916","7270","3645","2927","718"
"2021-01-31T00:00:00.000","Male","120036","112632","7404","6885","3470","2876","594"
"2021-01-28T00:00:00.000","Female","131027","123218","7809","7163","3607","2891","716"
"2021-01-28T00:00:00.000","Male","118085","110784","7301","6773","3435","2847","588"
"2021-01-27T00:00:00.000","Female","130419","122663","7756","7130","3597","2881","716"
"2021-01-27T00:00:00.000","Male","117446","110197","7249","6737","3419","2834","585"
"2021-01-26T00:00:00.000","Female","129680","121982","7698","7089","3573","2859","714"
"2021-01-26T00:00:00.000","Male","116769","109576","7193","6698","3399","2817","582"
"2021-01-25T00:00:00.000","Female","128446","120866","7580","7022","3549","2837","712"
"2021-01-25T00:00:00.000","Male","115571","108490","7081","6629","3381","2798","583"
"2021-01-24T00:00:00.000","Female","127803","120270","7533","6987","3536","2829","707"
"2021-01-24T00:00:00.000","Male","114946","107919","7027","6593","3369","2788","581"
"2021-01-21T00:00:00.000","Female","124845","117477","7368","6825","3495","2798","697"
"2021-01-21T00:00:00.000","Male","112089","105241","6848","6429","3320","2744","576"
"2021-01-20T00:00:00.000","Female","123820","116536","7284","6769","3473","2782","691"
"2021-01-20T00:00:00.000","Male","111093","104317","6776","6372","3297","2726","571"
"2021-01-19T00:00:00.000","Female","122986","115752","7234","6723","3450","2765","685"
"2021-01-19T00:00:00.000","Male","110272","103582","6690","6325","3272","2702","570"
"2021-01-18T00:00:00.000","Female","122011","114996","7015","6670","3425","2746","679"
"2021-01-18T00:00:00.000","Male","109332","102976","6356","6271","3253","2684","569"
"2021-01-17T00:00:00.000","Female","120954","113952","7002","6612","3419","2742","677"
"2021-01-17T00:00:00.000","Male","108300","101958","6342","6212","3247","2679","568"
"2021-01-14T00:00:00.000","Female","117595","110627","6968","6429","3384","2713","671"
"2021-01-14T00:00:00.000","Male","104952","98781","6171","6020","3206","2639","567"
"2021-01-13T00:00:00.000","Female","116635","109757","6878","6376","3367","2696","671"
"2021-01-13T00:00:00.000","Male","104039","97954","6085","5968","3182","2620","562"
"2021-01-12T00:00:00.000","Female","116097","109336","6761","6347","3358","2690","668"
"2021-01-12T00:00:00.000","Male","103603","97620","5983","5943","3173","2612","561"
"2021-01-11T00:00:00.000","Female","114223","107620","6603","6244","3316","2655","661"
"2021-01-11T00:00:00.000","Male","101953","96104","5849","5848","3128","2578","550"
"2021-01-10T00:00:00.000","Female","112411","105963","6448","6145","3295","2638","657"
"2021-01-10T00:00:00.000","Male","100078","94384","5694","5740","3116","2569","547"
"2021-01-07T00:00:00.000","Female","108516","102214","6302","5932","3254","2598","656"
"2021-01-07T00:00:00.000","Male","96661","91049","5612","5544","3066","2526","540"
"2021-01-06T00:00:00.000","Female","106877","100580","6297","5843","3230","2578","652"
"2021-01-06T00:00:00.000","Male","95076","89468","5608","5453","3053","2515","538"
"2021-01-05T00:00:00.000","Female","105121","98986","6135","5747","3203","2555","648"
"2021-01-05T00:00:00.000","Male","93537","88054","5483","5365","3023","2490","533"
"2021-01-04T00:00:00.000","Female","103853","97811","6042","5677","3183","2540","643"
"2021-01-04T00:00:00.000","Male","92342","86946","5396","5297","3006","2475","531"
"2021-01-03T00:00:00.000","Female","102647","96703","5944","5611","3170","2530","640"
"2021-01-03T00:00:00.000","Male","91232","85932","5300","5233","2995","2465","530"
"2021-01-01T00:00:00.000","Female","100222","94366","5856","5479","3131","2494","637"
"2021-01-01T00:00:00.000","Male","89183","83947","5236","5115","2965","2441","524"
"2020-12-30T00:00:00.000","Female","97876","92107","5769","5351","3075","2451","624"
"2020-12-30T00:00:00.000","Male","87135","81954","5181","4998","2918","2402","516"
"2020-12-29T00:00:00.000","Female","96827","91190","5637","5293","3061","2440","621"
"2020-12-29T00:00:00.000","Male","86157","81104","5053","4942","2901","2387","514"
"2020-12-28T00:00:00.000","Female","95945","90369","5576","5245","3042","2421","621"
"2020-12-28T00:00:00.000","Male","85352","80349","5003","4896","2880","2370","510"
"2020-12-27T00:00:00.000","Female","95545","90006","5539","5223","3039","2418","621"
"2020-12-27T00:00:00.000","Male","84981","80020","4961","4874","2863","2354","509"
"2020-12-23T00:00:00.000","Female","91043","85663","5380","4977","2990","2385","605"
"2020-12-23T00:00:00.000","Male","81030","76174","4856","4648","2800","2300","500"
"2020-12-22T00:00:00.000","Female","90015","84691","5324","4921","2959","2364","595"
"2020-12-22T00:00:00.000","Male","80050","75247","4803","4592","2776","2276","500"
"2020-12-21T00:00:00.000","Female","89096","83850","5246","4871","2947","2354","593"
"2020-12-21T00:00:00.000","Male","79229","74525","4704","4545","2756","2259","497"
"2020-12-20T00:00:00.000","Female","88253","83070","5183","4824","2931","2341","590"
"2020-12-20T00:00:00.000","Male","78510","73877","4633","4503","2745","2249","496"
"2020-12-17T00:00:00.000","Female","85924","80882","5042","4697","2886","2306","580"
"2020-12-17T00:00:00.000","Male","76334","71846","4488","4378","2695","2208","487"
"2020-12-16T00:00:00.000","Female","84555","79528","5027","4622","2872","2293","579"
"2020-12-16T00:00:00.000","Male","75050","70576","4474","4305","2680","2196","484"
"2020-12-15T00:00:00.000","Female","83301","78369","4932","4554","2851","2274","577"
"2020-12-15T00:00:00.000","Male","73930","69533","4397","4241","2655","2175","480"
"2020-12-14T00:00:00.000","Female","82116","77213","4903","4489","2835","2258","577"
"2020-12-14T00:00:00.000","Male","72828","68457","4371","4177","2631","2156","475"
"2020-12-13T00:00:00.000","Female","81008","76262","4746","4428","2825","2251","574"
"2020-12-13T00:00:00.000","Male","71710","67552","4158","4113","2617","2145","472"
"2020-12-10T00:00:00.000","Female","77251","72604","4647","4223","2780","2217","563"
"2020-12-10T00:00:00.000","Male","68247","64219","4028","3915","2581","2114","467"
"2020-12-09T00:00:00.000","Female","75308","70790","4518","4117","2764","2203","561"
"2020-12-09T00:00:00.000","Male","66425","62546","3879","3810","2561","2099","462"
"2020-12-08T00:00:00.000","Female","74063","69580","4483","4049","2735","2177","558"
"2020-12-08T00:00:00.000","Male","65251","61371","3880","3743","2548","2086","462"
"2020-12-07T00:00:00.000","Female","72878","68402","4476","3984","2715","2159","556"
"2020-12-07T00:00:00.000","Male","64159","60305","3854","3680","2525","2068","457"
"2020-12-06T00:00:00.000","Female","71573","67194","4379","3913","2706","2150","556"
"2020-12-06T00:00:00.000","Male","63058","59300","3758","3617","2516","2061","455"
"2020-12-03T00:00:00.000","Female","67291","63072","4219","3679","2671","2118","553"
"2020-12-03T00:00:00.000","Male","59297","55677","3620","3401","2473","2024","449"
"2020-12-02T00:00:00.000","Female","66451","62312","4139","3633","2657","2105","552"
"2020-12-02T00:00:00.000","Male","58601","55045","3556","3361","2452","2006","446"
"2020-12-01T00:00:00.000","Female","64016","59917","4099","3500","2648","2096","552"
"2020-12-01T00:00:00.000","Male","56309","52748","3561","3230","2441","1991","450"
"2020-11-30T00:00:00.000","Female","62614","58640","3974","3423","2625","2080","545"
"2020-11-30T00:00:00.000","Male","55056","51601","3455","3158","2413","1964","449"
"2020-11-29T00:00:00.000","Female","61818","57801","4017","3379","2614","2071","543"
"2020-11-29T00:00:00.000","Male","54394","50908","3486","3120","2404","1953","451"
"2020-11-26T00:00:00.000","Female","59335","55310","4025","3244","2589","2049","540"
"2020-11-26T00:00:00.000","Male","52219","48758","3461","2995","2371","1931","440"
"2020-11-24T00:00:00.000","Female","57568","53642","3926","3147","2572","2038","534"
"2020-11-24T00:00:00.000","Male","50631","47246","3385","2904","2353","1918","435"
"2020-11-23T00:00:00.000","Female","56646","52794","3852","3097","2550","2021","529"
"2020-11-23T00:00:00.000","Male","49705","46387","3318","2851","2330","1900","430"
"2020-11-22T00:00:00.000","Female","56348","52520","3828","3080","2544","2018","526"
"2020-11-22T00:00:00.000","Male","49465","46154","3311","2837","2326","1896","430"
"2020-11-19T00:00:00.000","Female","53642","50008","3634","2932","2525","2003","522"
"2020-11-19T00:00:00.000","Male","46963","43832","3131","2694","2302","1874","428"
"2020-11-18T00:00:00.000","Female","52570","49102","3468","2874","2519","1999","520"
"2020-11-18T00:00:00.000","Male","45990","42962","3028","2638","2285","1862","423"
"2020-11-17T00:00:00.000","Female","51352","48015","3337","2807","2506","1989","517"
"2020-11-17T00:00:00.000","Male","44881","41967","2914","2574","2277","1859","418"
"2020-11-16T00:00:00.000","Female","50306","47014","3292","2750","2498","1983","515"
"2020-11-16T00:00:00.000","Male","43898","41027","2871","2518","2272","1855","417"
"2020-11-15T00:00:00.000","Female","49432","46291","3141","2702","2492","1977","515"
"2020-11-15T00:00:00.000","Male","43099","40393","2706","2472","2266","1849","417"
"2020-11-12T00:00:00.000","Female","46995","43993","3002","2569","2484","1969","515"
"2020-11-12T00:00:00.000","Male","40955","38374","2581","2349","2252","1837","415"
"2020-11-11T00:00:00.000","Female","45594","42659","2935","2492","2478","1964","514"
"2020-11-11T00:00:00.000","Male","39647","37102","2545","2274","2247","1833","414"
"2020-11-10T00:00:00.000","Female","45028","42225","2803","2462","2474","1961","513"
"2020-11-10T00:00:00.000","Male","39082","36662","2420","2242","2241","1829","412"
"2020-11-09T00:00:00.000","Female","44180","41442","2738","2415","2467","1956","511"
"2020-11-09T00:00:00.000","Male","38199","35830","2369","2191","2239","1828","411"
"2020-11-08T00:00:00.000","Female","43389","40685","2704","2372","2465","1956","509"
"2020-11-08T00:00:00.000","Male","37486","35151","2335","2150","2232","1822","410"
"2020-11-05T00:00:00.000","Female","41623","39064","2559","2275","2447","1941","506"
"2020-11-05T00:00:00.000","Male","35938","33744","2194","2061","2223","1815","408"
"2020-11-04T00:00:00.000","Female","41105","38614","2491","2247","2437","1933","504"
"2020-11-04T00:00:00.000","Male","35401","33257","2144","2031","2218","1810","408"
"2020-11-03T00:00:00.000","Female","40232","38096","2136","2199","2426","1925","501"
"2020-11-03T00:00:00.000","Male","34625","32770","1855","1986","2218","1810","408"
"2020-11-02T00:00:00.000","Female","39962","37848","2114","2185","2423","1922","501"
"2020-11-02T00:00:00.000","Male","34371","32531","1840","1971","2211","1803","408"
"2020-11-01T00:00:00.000","Female","39501","37415","2086","2159","2419","1918","501"
"2020-11-01T00:00:00.000","Male","33853","32052","1801","1942","2207","1799","408"
"2020-10-29T00:00:00.000","Female","38154","36213","1941","2086","2415","1913","502"
"2020-10-29T00:00:00.000","Male","32648","30980","1668","1873","2200","1794","406"
"2020-10-28T00:00:00.000","Female","37771","35891","1880","2065","2410","1909","501"
"2020-10-28T00:00:00.000","Male","32279","30685","1594","1852","2198","1792","406"
"2020-10-27T00:00:00.000","Female","37115","35605","1510","2029","2408","1907","501"
"2020-10-27T00:00:00.000","Male","31681","30442","1239","1817","2195","1789","406"
"2020-10-26T00:00:00.000","Female","36876","35376","1500","2016","2404","1902","502"
"2020-10-26T00:00:00.000","Male","31435","30218","1217","1803","2190","1784","406"
"2020-10-25T00:00:00.000","Female","36600","35136","1464","2001","2401","1900","501"
"2020-10-25T00:00:00.000","Male","31178","29981","1197","1788","2187","1782","405"
"2020-10-22T00:00:00.000","Female","35514","34058","1456","1941","2395","1896","499"
"2020-10-22T00:00:00.000","Male","30223","29023","1200","1734","2181","1777","404"
"2020-10-21T00:00:00.000","Female","35179","33749","1430","1923","2389","1891","498"
"2020-10-21T00:00:00.000","Male","29899","28717","1182","1715","2179","1775","404"
"2020-10-20T00:00:00.000","Female","34881","33454","1427","1907","2389","1891","498"
"2020-10-20T00:00:00.000","Male","29673","28513","1160","1702","2177","1774","403"
"2020-10-19T00:00:00.000","Female","34667","33250","1417","1895","2385","1887","498"
"2020-10-19T00:00:00.000","Male","29473","28321","1152","1691","2173","1770","403"
"2020-10-18T00:00:00.000","Female","34436","33027","1409","1882","2380","1881","499"
"2020-10-18T00:00:00.000","Male","29274","28125","1149","1679","2173","1770","403"
"2020-10-15T00:00:00.000","Female","33844","32467","1377","1850","2375","1877","498"
"2020-10-15T00:00:00.000","Male","28684","27561","1123","1645","2166","1763","403"
"2020-10-14T00:00:00.000","Female","33427","32050","1377","1827","2375","1877","498"
"2020-10-14T00:00:00.000","Male","28301","27193","1108","1623","2164","1762","402"
"2020-10-13T00:00:00.000","Female","33329","31965","1364","1822","2374","1876","498"
"2020-10-13T00:00:00.000","Male","28219","27125","1094","1619","2162","1760","402"
"2020-10-12T00:00:00.000","Female","33239","31884","1355","1817","2374","1876","498"
"2020-10-12T00:00:00.000","Male","28166","27080","1086","1616","2158","1757","401"
"2020-10-11T00:00:00.000","Female","33076","31732","1344","1808","2373","1875","498"
"2020-10-11T00:00:00.000","Male","28009","26918","1091","1607","2158","1757","401"
"2020-10-08T00:00:00.000","Female","32427","31087","1340","1773","2373","1875","498"
"2020-10-08T00:00:00.000","Male","27362","26281","1081","1569","2156","1755","401"
"2020-10-07T00:00:00.000","Female","32290","30957","1333","1765","2371","1873","498"
"2020-10-07T00:00:00.000","Male","27213","26149","1064","1561","2155","1755","400"
"2020-10-06T00:00:00.000","Female","32093","30773","1320","1754","2369","1871","498"
"2020-10-06T00:00:00.000","Male","27037","25971","1066","1551","2152","1752","400"
"2020-10-05T00:00:00.000","Female","32030","30706","1324","1751","2368","1870","498"
"2020-10-05T00:00:00.000","Male","26975","25909","1066","1547","2152","1752","400"
"2020-10-04T00:00:00.000","Female","31971","30648","1323","1748","2367","1869","498"
"2020-10-04T00:00:00.000","Male","26913","25845","1068","1544","2149","1749","400"
"2020-10-01T00:00:00.000","Female","31521","30193","1328","1723","2364","1865","499"
"2020-10-01T00:00:00.000","Male","26542","25456","1086","1522","2148","1748","400"
"2020-09-30T00:00:00.000","Female","31262","29934","1328","1709","2363","1865","498"
"2020-09-30T00:00:00.000","Male","26273","25188","1085","1507","2147","1747","400"
"2020-09-29T00:00:00.000","Female","31169","29847","1322","1704","2361","1863","498"
"2020-09-29T00:00:00.000","Male","26178","25100","1078","1502","2146","1746","400"
"2020-09-28T00:00:00.000","Female","31054","29738","1316","1698","2358","1861","497"
"2020-09-28T00:00:00.000","Male","26074","25002","1072","1496","2146","1746","400"
"2020-09-27T00:00:00.000","Female","30962","29648","1314","1693","2357","1860","497"
"2020-09-27T00:00:00.000","Male","25984","24916","1068","1490","2145","1745","400"
"2020-09-24T00:00:00.000","Female","30676","29379","1297","1677","2356","1859","497"
"2020-09-24T00:00:00.000","Male","25721","24664","1057","1475","2144","1744","400"
"2020-09-23T00:00:00.000","Female","30630","29336","1294","1674","2356","1859","497"
"2020-09-23T00:00:00.000","Male","25660","24612","1048","1472","2142","1743","399"
"2020-09-22T00:00:00.000","Female","30559","29272","1287","1671","2355","1858","497"
"2020-09-22T00:00:00.000","Male","25577","24534","1043","1467","2141","1742","399"
"2020-09-21T00:00:00.000","Female","30486","29198","1288","1667","2355","1858","497"
"2020-09-21T00:00:00.000","Male","25496","24454","1042","1462","2140","1742","398"
"2020-09-20T00:00:00.000","Female","30419","29139","1280","1663","2355","1858","497"
"2020-09-20T00:00:00.000","Male","25432","24395","1037","1459","2139","1741","398"
"2020-09-17T00:00:00.000","Female","30174","28914","1260","1650","2355","1858","497"
"2020-09-17T00:00:00.000","Male","25208","24173","1035","1446","2136","1738","398"
"2020-09-16T00:00:00.000","Female","30104","28849","1255","1646","2352","1855","497"
"2020-09-16T00:00:00.000","Male","25139","24108","1031","1442","2135","1737","398"
"2020-09-15T00:00:00.000","Female","29982","28732","1250","1639","2352","1855","497"
"2020-09-15T00:00:00.000","Male","25040","24017","1023","1436","2134","1736","398"
"2020-09-14T00:00:00.000","Female","29910","28669","1241","1635","2351","1854","497"
"2020-09-14T00:00:00.000","Male","24978","23967","1011","1433","2133","1735","398"
"2020-09-13T00:00:00.000","Female","29845","28597","1248","1632","2351","1854","497"
"2020-09-13T00:00:00.000","Male","24902","23892","1010","1428","2133","1735","398"
"2020-09-10T00:00:00.000","Female","29536","28309","1227","1615","2348","1855","493"
"2020-09-10T00:00:00.000","Male","24654","23662","992","1414","2131","1739","392"
"2020-09-09T00:00:00.000","Female","29414","28200","1214","1608","2347","1854","493"
"2020-09-09T00:00:00.000","Male","24544","23557","987","1408","2130","1738","392"
"2020-09-08T00:00:00.000","Female","29290","28082","1208","1601","2346","1853","493"
"2020-09-08T00:00:00.000","Male","24446","23465","981","1402","2127","1735","392"
"2020-09-07T00:00:00.000","Female","29239","28041","1198","1598","2346","1853","493"
"2020-09-07T00:00:00.000","Male","24408","23434","974","1400","2127","1735","392"
"2020-09-03T00:00:00.000","Female","29022","27847","1175","1587","2343","1850","493"
"2020-09-03T00:00:00.000","Male","24220","23262","958","1389","2124","1732","392"
"2020-09-02T00:00:00.000","Female","28929","27761","1168","1581","2343","1850","493"
"2020-09-02T00:00:00.000","Male","24158","23204","954","1386","2124","1732","392"
"2020-09-01T00:00:00.000","Female","28873","27705","1168","1578","2342","1849","493"
"2020-09-01T00:00:00.000","Male","24113","23161","952","1383","2124","1732","392"
"2020-08-31T00:00:00.000","Female","28817","27653","1164","1575","2341","1848","493"
"2020-08-31T00:00:00.000","Male","24069","23120","949","1381","2124","1732","392"
"2020-08-30T00:00:00.000","Female","28762","27597","1165","1572","2341","1848","493"
"2020-08-30T00:00:00.000","Male","23996","23045","951","1376","2123","1731","392"
"2020-08-27T00:00:00.000","Female","28553","27398","1155","1561","2341","1848","493"
"2020-08-27T00:00:00.000","Male","23821","22878","943","1366","2123","1730","393"
"2020-08-26T00:00:00.000","Female","28479","27328","1151","1557","2341","1848","493"
"2020-08-26T00:00:00.000","Male","23749","22815","934","1362","2123","1730","393"
"2020-08-25T00:00:00.000","Female","28418","27270","1148","1554","2340","1848","492"
"2020-08-25T00:00:00.000","Male","23676","22749","927","1358","2122","1730","392"
"2020-08-24T00:00:00.000","Female","28320","27184","1136","1548","2340","1849","491"
"2020-08-24T00:00:00.000","Male","23583","22662","921","1353","2122","1730","392"
"2020-08-23T00:00:00.000","Female","28300","27162","1138","1547","2339","1845","494"
"2020-08-23T00:00:00.000","Male","23571","22650","921","1352","2120","1728","392"
"2020-08-20T00:00:00.000","Female","28072","26946","1126","1535","2339","1845","494"
"2020-08-20T00:00:00.000","Male","23306","22400","906","1337","2120","1728","392"
"2020-08-19T00:00:00.000","Female","28028","26908","1120","1532","2337","1843","494"
"2020-08-19T00:00:00.000","Male","23264","22363","901","1334","2120","1728","392"
"2020-08-18T00:00:00.000","Female","27960","26843","1117","1528","2336","1843","493"
"2020-08-18T00:00:00.000","Male","23214","22315","899","1332","2120","1728","392"
"2020-08-17T00:00:00.000","Female","27929","26817","1112","1527","2335","1842","493"
"2020-08-17T00:00:00.000","Male","23187","22290","897","1330","2120","1728","392"
"2020-08-16T00:00:00.000","Female","27931","26821","1110","1527","2335","1843","492"
"2020-08-16T00:00:00.000","Male","23197","22301","896","1331","2120","1728","392"
"2020-08-13T00:00:00.000","Female","27781","26672","1109","1519","2335","1843","492"
"2020-08-13T00:00:00.000","Male","22984","22093","891","1318","2117","1725","392"
"2020-08-12T00:00:00.000","Female","27698","26591","1107","1514","2333","1841","492"
"2020-08-12T00:00:00.000","Male","22955","22064","891","1317","2116","1724","392"
"2020-08-11T00:00:00.000","Female","27649","26547","1102","1511","2333","1841","492"
"2020-08-11T00:00:00.000","Male","22921","22032","889","1315","2116","1724","392"
"2020-08-10T00:00:00.000","Female","27642","26545","1097","1511","2330","1838","492"
"2020-08-10T00:00:00.000","Male","22904","22018","886","1314","2113","1722","391"
"2020-08-09T00:00:00.000","Female","27585","26491","1094","1508","2330","1837","493"
"2020-08-09T00:00:00.000","Male","22847","21962","885","1310","2113","1722","391"
"2020-08-06T00:00:00.000","Female","27478","26391","1087","1502","2329","1837","492"
"2020-08-06T00:00:00.000","Male","22705","21827","878","1302","2111","1720","391"
"2020-08-05T00:00:00.000","Female","27439","26354","1085","1500","2326","1835","491"
"2020-08-05T00:00:00.000","Male","22673","21796","877","1301","2110","1719","391"
"2020-08-04T00:00:00.000","Female","27429","26345","1084","1499","2327","1836","491"
"2020-08-04T00:00:00.000","Male","22665","21791","874","1300","2109","1718","391"
"2020-08-03T00:00:00.000","Female","27358","26273","1085","1496","2327","1836","491"
"2020-08-03T00:00:00.000","Male","22625","21751","874","1298","2109","1718","391"
"2020-08-02T00:00:00.000","Female","27328","26241","1087","1494","2327","1836","491"
"2020-08-02T00:00:00.000","Male","22608","21735","873","1297","2109","1718","391"
"2020-07-30T00:00:00.000","Female","27191","26116","1075","1486","2324","1833","491"
"2020-07-30T00:00:00.000","Male","22487","21616","871","1290","2107","1717","390"
"2020-07-29T00:00:00.000","Female","27156","26085","1071","1485","2324","1833","491"
"2020-07-29T00:00:00.000","Male","22384","21512","872","1284","2106","1716","390"
"2020-07-28T00:00:00.000","Female","27098","26025","1073","1481","2321","1830","491"
"2020-07-28T00:00:00.000","Male","22313","21437","876","1280","2103","1713","390"
"2020-07-27T00:00:00.000","Female","26828","25739","1089","1467","2317","1825","492"
"2020-07-27T00:00:00.000","Male","22118","21229","889","1269","2105","1715","390"
"2020-07-26T00:00:00.000","Female","26780","25692","1088","1464","2315","1824","491"
"2020-07-26T00:00:00.000","Male","22075","21184","891","1266","2102","1711","391"
"2020-07-23T00:00:00.000","Female","26679","25599","1080","1458","2310","1820","490"
"2020-07-23T00:00:00.000","Male","21974","21092","882","1260","2102","1710","392"
"2020-07-22T00:00:00.000","Female","26361","25248","1113","1441","2309","1820","489"
"2020-07-22T00:00:00.000","Male","21747","20850","897","1247","2100","1709","391"
"2020-07-21T00:00:00.000","Female","26376","25263","1113","1442","2308","1819","489"
"2020-07-21T00:00:00.000","Male","21722","20825","897","1246","2097","1707","390"
"2020-07-20T00:00:00.000","Female","26317","25219","1098","1439","2308","1819","489"
"2020-07-20T00:00:00.000","Male","21654","20780","874","1242","2096","1706","390"
"2020-07-19T00:00:00.000","Female","26294","25194","1100","1437","2307","1817","490"
"2020-07-19T00:00:00.000","Male","21641","20765","876","1241","2097","1706","391"
"2020-07-16T00:00:00.000","Female","26207","25111","1096","1433","2299","1812","487"
"2020-07-16T00:00:00.000","Male","21564","20686","878","1237","2095","1705","390"
"2020-07-15T00:00:00.000","Female","26123","25030","1093","1428","2297","1812","485"
"2020-07-15T00:00:00.000","Male","21507","20630","877","1234","2090","1701","389"
"2020-07-14T00:00:00.000","Female","26053","24961","1092","1424","2289","1804","485"
"2020-07-14T00:00:00.000","Male","21462","20580","882","1231","2089","1699","390"
"2020-07-13T00:00:00.000","Female","25993","24901","1092","1421","2284","1799","485"
"2020-07-13T00:00:00.000","Male","21418","20536","882","1229","2086","1696","390"
"2020-07-12T00:00:00.000","Female","25978","24882","1096","1420","2283","1795","488"
"2020-07-12T00:00:00.000","Male","21412","20530","882","1228","2086","1695","391"
"2020-07-09T00:00:00.000","Female","25838","24744","1094","1412","2272","1787","485"
"2020-07-09T00:00:00.000","Male","21329","20453","876","1223","2075","1688","387"
