FID,omschr,doorrijhgt,invent_oms,wvk_id,wvk_begdat,afstand,fk_veld1,fk_veld4,ibn,gdb_geomattr_data,shape
kunstoverweg_wegvak.1,Viaduct,0,VIAD.'ACHTERHOEK'I/D ACHTERHOEKSEWEG,600151058,2021-10-01T00:00:00,3799,060015105820211001,PKK0000083511,I,,POINT (250313.41180000082 478799.99969999865)
kunstoverweg_wegvak.2,Viaduct,0,VIAD.'ACHTERHOEK'I/D ACHTERHOEKSEWEG,600151058,2021-10-01T00:00:00,3784,060015105820211001,PKK0000083512,I,,POINT (250328.40790000185 478800.34099999815)
kunstoverweg_wegvak.3,Viaduct,0,FIETS VIAD.I/D ACHTERHOEKSEWEG,600151058,2021-10-01T00:00:00,3770,060015105820211001,PKK0000083513,I,,POINT (250342.4076000005 478800.4327000007)
kunstoverweg_wegvak.4,Viaduct,0,FIETS VIAD.I/D ACHTERHOEKSEWEG,498357022,2021-10-01T00:00:00,934,049835702220211001,PKK0000083513,I,,POINT (250354.02749999985 478785.19619999826)
kunstoverweg_wegvak.5,Viaduct,0,FIETS VIAD.,498357022,2021-10-01T00:00:00,1836,049835702220211001,PKK0000083514,I,,POINT (251225.91149999946 478586.07019999996)
kunstoverweg_wegvak.6,Viaduct,0,VIAD.'BINNENVELD'I/D DEURNINGERSTRAAT,498357022,2021-10-01T00:00:00,2960,049835702220211001,PKK0000083515,I,,POINT (252191.0758999996 478010.93510000035)
kunstoverweg_wegvak.7,Viaduct,0,VIAD.'NOORKEVELD'I/D HASSELERBAAN,498357022,2021-10-01T00:00:00,3850,049835702220211001,PKK0000083516,I,,POINT (252989.93409999833 477619.3099000007)
kunstoverweg_wegvak.8,Viaduct,0,FIETSVIAD.'DE PALLAST'I/D PALLASTWEG,508355008,2021-10-01T00:00:00,200,050835500820211001,PKK0000083518,I,,POINT (254280.15560000017 477647.46869999915)
kunstoverweg_wegvak.9,Viaduct,0,VIAD.'DE OUDE POSTWEG'I/D OUDE POSTWEG,600153114,2021-10-01T00:00:00,1198,060015311420211001,PKK0000083521,I,,POINT (258520.73310000077 479411.9409000017)
kunstoverweg_wegvak.10,Viaduct,0,VIAD.'BERGHUIZEN'I/D LOSSERSESTRAAT,600153064,2021-10-01T00:00:00,5007,060015306420211001,PKK0000083522,I,,POINT (260896.4472000003 479038.32559999824)
kunstoverweg_wegvak.11,Viaduct,0,VIAD.'AARNINCK'I/D PAR.WEG,600153064,2021-10-01T00:00:00,4235,060015306420211001,PKK0000083523,I,,POINT (261591.3227000013 479373.98910000175)
kunstoverweg_wegvak.12,Viaduct,0,VIAD.'FLEERDERHOEK'I/D PAR.WEG,521357009,2021-10-01T00:00:00,1316,052135700920211001,PKK0000083524,I,,POINT (261932.17229999974 479543.50569999963)
kunstoverweg_wegvak.13,Viaduct,0,VIAD. I/D RW. 14,169315148,2020-06-01T00:00:00,19,016931514820200601,PKK0000078922,I,,POINT (84524.95899999887 457958.59800000116)
kunstoverweg_wegvak.14,Viaduct,0,VIAD. I/D RW. 14,169315147,2022-02-01T00:00:00,0,016931514720220201,PKK0000078920,I,,POINT (84524.95899999887 457958.59800000116)
kunstoverweg_wegvak.15,Viaduct,0,VIAD.I/D TUSSENRING =N703,600135290,2021-08-01T00:00:00,501,060013529020210801,PKK0000079544,I,,POINT (148289.18459999934 487400.6832000017)
kunstoverweg_wegvak.16,Viaduct,0,VIAD.I/D TUSSENRING =N703,600135290,2021-08-01T00:00:00,482,060013529020210801,PKK0000079545,I,,POINT (148298.71939999983 487417.1174999997)
kunstoverweg_wegvak.17,Viaduct,0,VIAD.I/D KERNHOOFDWEG IV =S105,600200406,2021-08-01T00:00:00,81,060020040620210801,PKK0000079546,I,,POINT (150037.03779999912 488844.62480000034)
kunstoverweg_wegvak.18,Viaduct,0,VIAD.I/D TUSSENRING =N703,600199679,2021-08-01T00:00:00,39,060019967920210801,PKK0000079547,I,,POINT (148338.11620000005 487372.94000000134)
kunstoverweg_wegvak.19,Viaduct,0,VIAD.I/D TUSSENRING =N703,600199679,2021-08-01T00:00:00,64,060019967920210801,PKK0000079548,I,,POINT (148350.97100000083 487394.3817999996)
kunstoverweg_wegvak.20,Viaduct,0,VIAD.I/D VBW.h ='KP.ALMERE',600199684,2021-08-01T00:00:00,417,060019968420210801,PKK0000079549,I,,POINT (148887.34569999948 488052.5736999996)
kunstoverweg_wegvak.21,Viaduct,0,VIAD.I/D KERNHOOFDWEG IV =S105,600199780,2021-08-01T00:00:00,564,060019978020210801,PKK0000079550,I,,POINT (150058.7083999999 488809.6314000003)
kunstoverweg_wegvak.22,Viaduct,0,FIETSBRUG,600443592,2021-04-01T00:00:00,48,060044359220210401,PKK0000080694,I,,POINT (104102.34290000051 421186.4897999987)
kunstoverweg_wegvak.23,Viaduct,0,VIAD.IN RW.3,600173932,2021-08-01T00:00:00,8,060017393220210801,PKK0000080696,I,,POINT (103999.41959999874 420703.19209999964)
kunstoverweg_wegvak.24,Viaduct,0,VIAD.'FLEERDERHOEK'I/D PAR.WEG,600153064,2021-10-01T00:00:00,3853,060015306420211001,PKK0000083524,I,,POINT (261927.2624000013 479555.8128999993)
kunstoverweg_wegvak.25,Ecoduct,0,VIAD.'IR.H.J.W.SNIJDERS ECODUCT'I/D WILDTUNNEL,521357009,2021-10-01T00:00:00,2230,052135700920211001,PKK0000083525,I,,POINT (262692.9023000002 480045.65480000153)
kunstoverweg_wegvak.26,Ecoduct,0,VIAD.'IR.H.J.W.SNIJDERS ECODUCT'I/D WILDTUNNEL,600153064,2021-10-01T00:00:00,2943,060015306420211001,PKK0000083525,I,,POINT (262684.6816000007 480055.748399999)
kunstoverweg_wegvak.27,Viaduct,0,VIAD.'DE GREWE MOAT'I/D PAR.WEG,521357009,2021-10-01T00:00:00,3454,052135700920211001,PKK0000083527,I,,POINT (263547.868999999 480913.192400001)
kunstoverweg_wegvak.28,Viaduct,0,VIAD.'DE GREWE MOAT'I/D PAR.WEG,600153064,2021-10-01T00:00:00,1717,060015306420211001,PKK0000083527,I,,POINT (263541.2292999998 480924.48099999875)
kunstoverweg_wegvak.29,Viaduct,0,VIAD.'OSSENOVERWEG'I/D SPOORWEG OLDENZAAL DUITSLAND,521357009,2021-10-01T00:00:00,3711,052135700920211001,PKK0000083528,I,,POINT (263772.56709999964 481037.5511999987)
kunstoverweg_wegvak.30,Viaduct,0,VIAD.'OSSENOVERWEG'I/D SPOORWEG OLDENZAAL DUITSLAND,600153064,2021-10-01T00:00:00,1458,060015306420211001,PKK0000083528,I,,POINT (263767.9615999982 481049.35709999874)
kunstoverweg_wegvak.31,Viaduct,0,VIAD.'DE LUTTE'I/D LOSSERSESTRAAT,521357009,2021-10-01T00:00:00,4330,052135700920211001,PKK0000083529,I,,POINT (264364.08040000126 481211.28869999945)
kunstoverweg_wegvak.32,Viaduct,0,VIAD.'DE LUTTE'I/D LOSSERSESTRAAT,600153064,2021-10-01T00:00:00,834,060015306420211001,PKK0000083529,I,,POINT (264364.1906000003 481224.4739000015)
kunstoverweg_wegvak.33,Viaduct,0,VIAD.'POORTSTAD'I/D PAR.WEG,521357009,2021-10-01T00:00:00,4688,052135700920211001,PKK0000083530,I,,POINT (264721.02369999886 481237.3381999992)
kunstoverweg_wegvak.34,Viaduct,0,VIAD.'POORTSTAD'I/D PAR.WEG,600153064,2021-10-01T00:00:00,477,060015306420211001,PKK0000083530,I,,POINT (264720.1490000002 481250.27650000155)
kunstoverweg_wegvak.35,Viaduct,0,VIAD.'DE POPPE'I/D ZANDHUIZERWEG,531362006,2021-10-01T00:00:00,1631,053136200620211001,PKK0000083531,I,,POINT (267264.5940000005 481707.12420000136)
kunstoverweg_wegvak.36,Viaduct,0,VIAD.'DE POPPE'I/D ZANDHUIZERWEG,600152816,2022-04-01T00:00:00,337,060015281620220401,PKK0000083531,I,,POINT (267262.7382000014 481720.2591999993)
kunstoverweg_wegvak.37,Viaduct,0,VIAD.'t HERSELER'I/D BORNESTRAAT =N743,498357022,2021-10-01T00:00:00,2,049835702220211001,PKK0000083509,I,,POINT (249446.0828000009 478596.23519999906)
kunstoverweg_wegvak.38,Brug,0,VIAD.'DE GROENE STEEG' I/D 'KP.EMPEL'RING-NOORD VBW. h,600136013,2021-10-01T00:00:00,7440,060013601320211001,PKK0000083583,I,,POINT (150592.02760000154 415108.4327000007)
kunstoverweg_wegvak.39,Brug,0,VIAD.'DE GROENE STEEG' I/D 'KP.EMPEL'RING-NOORD VBW. h,299231047,2021-10-01T00:00:00,845,029923104720211001,PKK0000083583,I,,POINT (150582.95580000058 415097.53610000014)
kunstoverweg_wegvak.40,Viaduct,0,VIAD.'MAGUSANUS' I/D RW059 VBW. t,600136013,2021-10-01T00:00:00,7108,060013601320211001,PKK0000083584,I,,POINT (150839.67190000042 414887.3440999985)
kunstoverweg_wegvak.41,Viaduct,0,VIAD.'MAGUSANUS' I/D RW059 VBW. t,299231047,2021-10-01T00:00:00,1176,029923104720211001,PKK0000083584,I,,POINT (150829.7890000008 414877.0399999991)
kunstoverweg_wegvak.42,Viaduct,0,VIAD.'HEINIS 1970'I/D BRUISTENSINGEL,600136013,2021-10-01T00:00:00,6101,060013601320211001,PKK0000083585,I,,POINT (151572.72080000117 414201.122299999)
kunstoverweg_wegvak.43,Viaduct,0,VIAD.'HEINIS 1970'I/D BRUISTENSINGEL,299231047,2021-10-01T00:00:00,2182,029923104720211001,PKK0000083585,I,,POINT (151560.813000001 414189.94619999826)
kunstoverweg_wegvak.44,Viaduct,0,VIAD.'HEINIS 1970'I/D BRUISTENSINGEL,600136013,2021-10-01T00:00:00,6083,060013601320211001,PKK0000083586,I,,POINT (151583.68820000067 414186.84970000014)
kunstoverweg_wegvak.45,Viaduct,0,VIAD.'HEINIS 1970'I/D BRUISTENSINGEL,299231047,2021-10-01T00:00:00,2200,029923104720211001,PKK0000083586,I,,POINT (151571.76040000096 414175.65790000185)
kunstoverweg_wegvak.46,Brug,0,VIAD. I/D RW002 VBW. g,600136013,2021-10-01T00:00:00,3870,060013601320211001,PKK0000083587,I,,POINT (152560.8632999994 412230.86349999905)
kunstoverweg_wegvak.47,Brug,0,VIAD. I/D RW002 VBW. g,299231047,2021-10-01T00:00:00,4404,029923104720211001,PKK0000083587,I,,POINT (152546.7617000006 412228.7954000011)
kunstoverweg_wegvak.48,Viaduct,0,VIAD.'DE PETTELAAR'I/D GESTELSEWEG =N617,600134953,2022-01-01T00:00:00,459,060013495320220101,PKK0000083588,I,,POINT (150915.5780000016 409472.58889999986)
kunstoverweg_wegvak.49,Viaduct,0,VIAD.'DE PETTELAAR'I/D GESTELSEWEG =N617,600136013,2021-10-01T00:00:00,264,060013601320211001,PKK0000083588,I,,POINT (150926.22740000114 409457.6810000017)
kunstoverweg_wegvak.50,Viaduct,0,VOETG.VIAD.'MUYSERICK',600135087,2021-10-01T00:00:00,557,060013508720211001,PKK0000083589,I,,POINT (149151.0225000009 407781.05490000173)
kunstoverweg_wegvak.51,Viaduct,0,VOETG.VIAD.'MUYSERICK',298215027,2021-10-01T00:00:00,80,029821502720211001,PKK0000083589,I,,POINT (149135.64919999987 407770.2320000008)
kunstoverweg_wegvak.52,Viaduct,0,VIAD.'GLORIEUX'I/D ST.MICHIELSGESTELSEWEG,600135086,2021-10-01T00:00:00,511,060013508620211001,PKK0000083590,I,,POINT (149362.1314000003 406854.68510000035)
kunstoverweg_wegvak.53,Viaduct,0,VIAD.'GLORIEUX'I/D ST.MICHIELSGESTELSEWEG,298214018,2021-10-01T00:00:00,390,029821401820211001,PKK0000083590,I,,POINT (149345.99590000138 406852.1143000014)
kunstoverweg_wegvak.54,Viaduct,0,VIAD.'ST.CHARLES'I/D BOSSCHEWEG,300205042,2021-10-01T00:00:00,56,030020504220211001,PKK0000083591,I,,POINT (150177.92529999837 402982.6132999994)
kunstoverweg_wegvak.55,Viaduct,0,VIAD.'HEULT'I/D KETTING =N618,600135101,2021-10-01T00:00:00,3807,060013510120211001,PKK0000083592,I,,POINT (150712.6889999993 402179.2082999982)
kunstoverweg_wegvak.56,Viaduct,0,VIAD.'HEULT'I/D KETTING =N618,300205044,2023-01-01T00:00:00,458,030020504420230101,PKK0000083592,I,,POINT (150698.2344999984 402170.96460000053)
kunstoverweg_wegvak.57,Viaduct,0,VIAD.'PETER'S HOEK'I/D SCHIJNDELSEDIJK,600135101,2021-10-01T00:00:00,2013,060013510120211001,PKK0000083593,I,,POINT (151869.18360000104 400812.1420999989)
kunstoverweg_wegvak.58,Viaduct,0,VIAD.'PETER'S HOEK'I/D SCHIJNDELSEDIJK,300205044,2023-01-01T00:00:00,2248,030020504420230101,PKK0000083593,I,,POINT (151852.70850000158 400807.5122000016)
kunstoverweg_wegvak.59,Ecoduct,0,'NATUURBRUG HET GROENE WOUD 2005',600135238,2021-10-01T00:00:00,1717,060013523820211001,PKK0000083595,I,,POINT (154303.67029999942 394491.27969999984)
kunstoverweg_wegvak.60,Ecoduct,0,'NATUURBRUG HET GROENE WOUD 2005',307189015,2021-10-01T00:00:00,569,030718901520211001,PKK0000083595,I,,POINT (154294.79410000145 394475.3040000014)
kunstoverweg_wegvak.61,Viaduct,0,FIETS-VOETG.VIAD.'BOSPAD',310185025,2021-10-01T00:00:00,1654,031018502520211001,PKK0000083598,I,,POINT (156438.29619999975 391193.58779999986)
kunstoverweg_wegvak.62,Viaduct,0,FIETS-VOETG.VIAD.'BOSPAD',600138954,2021-10-01T00:00:00,1036,060013895420211001,PKK0000083598,I,,POINT (156451.80820000172 391202.36190000176)
kunstoverweg_wegvak.63,Viaduct,0,VIAD.'EKKERSWEIJER'I/D VBW. u (R.RIJB.),315178016,2021-10-01T00:00:00,297,031517801620211001,PKK0000083599,I,,POINT (157927.0164999999 389370.5333000012)
kunstoverweg_wegvak.64,Viaduct,0,VIAD.'EKKERSWEIJER'I/D VBW. u (R.RIJB.),315179003,2021-10-01T00:00:00,348,031517900320211001,PKK0000083599,I,,POINT (157925.43059999868 389367.73739999905)
kunstoverweg_wegvak.65,Viaduct,0,VIAD.IN RW. 50 (R.RIJB.),315179003,2021-10-01T00:00:00,767,031517900320211001,PKK0000083600,I,,POINT (158315.68230000138 389231.2996999994)
kunstoverweg_wegvak.66,Viaduct,0,FIETS-VOETG.VIAD.,316178007,2021-10-01T00:00:00,531,031617800720211001,PKK0000083602,I,,POINT (158836.0749000013 389374.9200000018)
kunstoverweg_wegvak.67,Brug,0,VIAD.''T WERDJE 2' I/D RW67 LINKS,316159029,2021-10-01T00:00:00,460,031615902920211001,PKK0000083607,I,,POINT (158268.59800000116 379559.3125)
kunstoverweg_wegvak.68,Viaduct,0,VIAD.'HEEZERHUT'I/D OUDE BAAN,600137633,2022-06-01T00:00:00,1541,060013763320220601,PKK0000083612,I,,POINT (164800.39039999992 375192.56069999933)
kunstoverweg_wegvak.69,Viaduct,0,VIAD.'HEEZERHUT'I/D OUDE BAAN,329150021,2022-06-01T00:00:00,132,032915002120220601,PKK0000083612,I,,POINT (164789.00129999965 375186.995099999)
kunstoverweg_wegvak.70,Viaduct,0,VIAD.'ULKENDONK'I/D GROTE BLEEK,600139240,2021-10-01T00:00:00,712,060013924020211001,PKK0000083614,I,,POINT (169687.87220000103 370070.5923999995)
kunstoverweg_wegvak.71,Viaduct,0,VIAD.'AARDBRAND'I/D RANDWEG OOST =N611,343135022,2021-10-01T00:00:00,415,034313502220211001,PKK0000083615,I,,POINT (171887.81850000098 367531.10339999944)
kunstoverweg_wegvak.72,Viaduct,0,'VIADUCT NAPOLEONSWEG'I/D NAPOLEONSWEG =N273,373109009,2021-10-01T00:00:00,467,037310900920211001,PKK0000083630,I,,POINT (187113.51839999855 354530.78449999914)
kunstoverweg_wegvak.73,Viaduct,0,'VIADUCT NAPOLEONSWEG'I/D NAPOLEONSWEG =N273,600143966,2021-10-01T00:00:00,540,060014396620211001,PKK0000083631,I,,POINT (187137.53860000148 354512.5848999992)
kunstoverweg_wegvak.74,Viaduct,0,VIAD.'ST.JOOST'I/H VERK.PL.'ST.JOOST' =N271,600144547,2021-10-01T00:00:00,46,060014454720211001,PKK0000083633,I,,POINT (190661.54529999942 349648.92859999835)
kunstoverweg_wegvak.75,Viaduct,0,VIAD.'ST.JOOST'I/H VERK.PL.'ST.JOOST' =N271,600144547,2021-10-01T00:00:00,156,060014454720211001,PKK0000083634,I,,POINT (190639.6072999984 349541.1545000002)
kunstoverweg_wegvak.76,Viaduct,0,VIAD.'ST.JOOST'I/H VERK.PL.'ST.JOOST' =N271,381098018,2021-10-01T00:00:00,377,038109801820211001,PKK0000083634,I,,POINT (190651.26539999992 349539.9470000006)
kunstoverweg_wegvak.77,Viaduct,0,VIAD.IN RW. 73,379096024,2021-10-01T00:00:00,562,037909602420211001,PKK0000083635,I,,POINT (190143.9822999984 348602.6970999986)
kunstoverweg_wegvak.78,Viaduct,0,"VIAD. 'KLEINE HEIDE"" I/D HEIWEG",600145181,2021-10-01T00:00:00,1432,060014518120211001,PKK0000083636,I,,POINT (189594.25840000063 348155.27540000156)
kunstoverweg_wegvak.79,Viaduct,0,VIAD.'BERKELAAR'I/D MAASBRACHTERWEG,600145345,2021-10-01T00:00:00,430,060014534520211001,PKK0000083637,I,,POINT (189002.3473000005 347679.70540000126)
kunstoverweg_wegvak.80,Viaduct,0,VIAD.'SLAGMOLEN'I/D SLAGMOLEN,376094004,2021-08-01T00:00:00,84,037609400420210801,PKK0000083638,I,,POINT (188442.92190000042 347117.4932000004)
kunstoverweg_wegvak.81,Viaduct,0,VIAD.I/D MAASEIKERWEG =N296,371086016,2021-10-01T00:00:00,268,037108601620211001,PKK0000083639,I,,POINT (185820.43719999865 343355.1875)
kunstoverweg_wegvak.82,Viaduct,0,'VIAD. I/D HOLTUM-NOORDWEG',371085014,2021-10-01T00:00:00,35,037108501420211001,PKK0000083640,I,,POINT (185648.73779999837 342699.2435999997)
kunstoverweg_wegvak.83,Viaduct,0,VIAD.'GEBROEK'I/D GEBROEKWEG,600144657,2021-10-01T00:00:00,2160,060014465720211001,PKK0000083641,I,,POINT (185700.9737999998 341497.3867999986)
kunstoverweg_wegvak.84,Viaduct,0,VIAD.'t ROOTH'I/D STEENAKKERWEG =N574,368072016,2021-10-01T00:00:00,2582,036807201620211001,PKK0000083646,I,,POINT (185602.99650000036 338248.3434000015)
kunstoverweg_wegvak.85,Viaduct,0,VIAD.'MAASBAAN'I/D SWENTIBOLDWEG,366067007,2021-10-01T00:00:00,1558,036606700720211001,PKK0000083647,I,,POINT (183570.7958999984 335295.8654999994)
kunstoverweg_wegvak.86,Viaduct,0,VIAD.'GRAETHEIDE'I/D BERGERWEG,366067007,2021-10-01T00:00:00,845,036606700720211001,PKK0000083648,I,,POINT (183267.94509999827 334654.44319999963)
kunstoverweg_wegvak.87,Viaduct,0,VIAD.'KRUISBERG OOST'I/D VLIEGVELDWEG (L.RIJB.),600142290,2021-10-01T00:00:00,13,060014229020211001,PKK0000083654,I,,POINT (180858.8739 323473.85379999876)
kunstoverweg_wegvak.88,Viaduct,0,VIAD.'KRUISBERG OOST'I/D VLIEGVELDWEG (L.RIJB.),600198894,2021-10-01T00:00:00,15,060019889420211001,PKK0000083654,I,,POINT (180923.99920000136 323461.7074000016)
kunstoverweg_wegvak.89,Viaduct,0,VIAD.'KRUISBERG WEST'I/D VLIEGVELDWEG (R.RIJB.),600142290,2021-10-01T00:00:00,290,060014229020211001,PKK0000083655,I,,POINT (180632.02639999986 323316.2470000014)
kunstoverweg_wegvak.90,Viaduct,0,VIAD.'KRUISBERG WEST'I/D VLIEGVELDWEG (R.RIJB.),600198892,2021-10-01T00:00:00,200,060019889220211001,PKK0000083655,I,,POINT (180761.11019999906 323235.1319000013)
kunstoverweg_wegvak.91,Ecoduct,0,ECODUCT,600142290,2021-10-01T00:00:00,488,060014229020211001,PKK0000083656,I,,POINT (180495.95120000094 323172.8324000016)
kunstoverweg_wegvak.92,Viaduct,0,VIAD.'ALIDA 2017'IN RW.  9 (VBW. t) ='KP.HOLENDRECHT',600448394,2021-09-01T00:00:00,812,060044839420210901,PKK0000081202,I,,POINT (124307.54600000009 479142.9283999987)
kunstoverweg_wegvak.93,Viaduct,0,VIAD.'ALIDA 2017'IN RW.  9 (R.RIJB.) ='KP.HOLENDRECHT',600448394,2021-09-01T00:00:00,791,060044839420210901,PKK0000081203,I,,POINT (124317.88479999825 479124.6501000002)
kunstoverweg_wegvak.94,Viaduct,0,VIAD.'ALIDA 2017',600448394,2021-09-01T00:00:00,780,060044839420210901,PKK0000081204,I,,POINT (124323.09789999947 479114.96389999986)
kunstoverweg_wegvak.95,Viaduct,0,VIAD.'SNIPWIJK 2017'IN VBW.g ='KP.HOLENDRECHT',600448394,2021-09-01T00:00:00,360,060044839420210901,PKK0000081205,I,,POINT (124514.93149999902 478741.3541000001)
kunstoverweg_wegvak.96,Viaduct,0,FIETSBRUG I/H MEIBERGPAD,600448307,2021-09-01T00:00:00,265,060044830720210901,PKK0000081206,I,,POINT (124708.90590000153 478362.1048000008)
kunstoverweg_wegvak.97,Viaduct,0,VIAD.'ALIDA 2017'IN RW.  9 (VBW. t) ='KP.HOLENDRECHT',248358036,2021-08-01T00:00:00,212,024835803620210801,PKK0000081209,I,,POINT (124261.35599999875 479095.8814000003)
kunstoverweg_wegvak.98,Viaduct,0,VIAD.'ALIDA 2017'IN RW.  9 (R.RIJB.) ='KP.HOLENDRECHT',248358036,2021-08-01T00:00:00,229,024835803620210801,PKK0000081210,I,,POINT (124267.8564000018 479080.17610000074)
kunstoverweg_wegvak.99,Viaduct,0,VIAD.'ALIDA 2017',248358036,2021-08-01T00:00:00,242,024835803620210801,PKK0000081211,I,,POINT (124272.57919999957 479068.06430000067)
kunstoverweg_wegvak.100,Viaduct,0,VIAD.''t SCHILT'I/D WOOLDERBROEKWEG,600151059,2021-10-01T00:00:00,784,060015105920211001,PKK0000083506,I,,POINT (248771.69269999862 478368.93180000037)
kunstoverweg_wegvak.101,Viaduct,0,VIAD.'1985'I/D SPOORWEG HENGELO ALMELO,495356023,2021-10-01T00:00:00,874,049535602320211001,PKK0000083507,I,,POINT (248792.30139999837 478364.47619999945)
kunstoverweg_wegvak.102,Viaduct,0,VIAD.''t SCHILT'I/D OOSTERBOSWEG,495356023,2021-10-01T00:00:00,892,049535602320211001,PKK0000083508,I,,POINT (248809.37790000066 478370.1675999984)
kunstoverweg_wegvak.103,Viaduct,0,VIAD.'t HERSELER'I/D BORNESTRAAT =N743,600151059,2021-10-01T00:00:00,45,060015105920211001,PKK0000083510,I,,POINT (249466.8660000004 478619.3794)
kunstoverweg_wegvak.104,Viaduct,0,VIAD.'ACHTERHOEK'I/D ACHTERHOEKSEWEG,498357022,2021-10-01T00:00:00,905,049835702220211001,PKK0000083511,I,,POINT (250325.03159999847 478784.84750000015)
kunstoverweg_wegvak.105,Viaduct,0,VIAD.'ACHTERHOEK'I/D ACHTERHOEKSEWEG,498357022,2021-10-01T00:00:00,920,049835702220211001,PKK0000083512,I,,POINT (250340.02820000052 478785.1656000018)
kunstoverweg_wegvak.106,Viaduct,0,FIETS VIAD.,600151058,2021-10-01T00:00:00,2853,060015105820211001,PKK0000083514,I,,POINT (251229.41099999845 478601.32239999995)
kunstoverweg_wegvak.107,Viaduct,0,VIAD.'BINNENVELD'I/D DEURNINGERSTRAAT,600151058,2021-10-01T00:00:00,1726,060015105820211001,PKK0000083515,I,,POINT (252197.439100001 478025.1583000012)
kunstoverweg_wegvak.108,Viaduct,0,VIAD.'NOORKEVELD'I/D HASSELERBAAN,600151058,2021-10-01T00:00:00,834,060015105820211001,PKK0000083516,I,,POINT (252995.87150000036 477628.1479000002)
kunstoverweg_wegvak.109,Viaduct,0,FIETSVIAD.'DE PALLAST'I/D PALLASTWEG,600153004,2022-04-01T00:00:00,346,060015300420220401,PKK0000083518,I,,POINT (254278.3467000015 477663.64130000025)
kunstoverweg_wegvak.110,Viaduct,0,VIAD.'DE OUDE POSTWEG'I/D OUDE POSTWEG,514359026,2021-10-01T00:00:00,1165,051435902620211001,PKK0000083521,I,,POINT (258517.04549999908 479399.2813999988)
kunstoverweg_wegvak.111,Viaduct,0,VIAD.'BERGHUIZEN'I/D LOSSERSESTRAAT,521357009,2021-10-01T00:00:00,159,052135700920211001,PKK0000083522,I,,POINT (260898.49529999867 479025.0505999997)
kunstoverweg_wegvak.112,Viaduct,0,VIAD.'AARNINCK'I/D PAR.WEG,521357009,2021-10-01T00:00:00,933,052135700920211001,PKK0000083523,I,,POINT (261595.33559999987 479361.23519999906)
kunstoverweg_wegvak.113,Viaduct,0,VIAD.'ZINNINGVELD'I/D A9 (R.RIJB.),261365019,2021-10-01T00:00:00,708,026136501920211001,PKK0000083452,I,,POINT (130157.8321999982 482781.1871000007)
kunstoverweg_wegvak.114,Viaduct,0,VIAD.'ZINNINGVELD'I/D A9 (L.RIJB.),260365016,2021-10-01T00:00:00,117,026036501620211001,PKK0000083453,I,,POINT (130359.22910000011 482661.4600000009)
kunstoverweg_wegvak.115,Viaduct,0,VIAD.'BREEDLAND'I/D PAPELAAN,261365018,2021-10-01T00:00:00,1039,026136501820211001,PKK0000083454,I,,POINT (131756.5800999999 482310.3990000002)
kunstoverweg_wegvak.116,Viaduct,0,VIAD.'KOOILUST'(R.RIJB.),600127751,2021-10-01T00:00:00,557,060012775120211001,PKK0000083457,I,,POINT (135869.7512000017 480848.3145999983)
kunstoverweg_wegvak.117,Viaduct,0,VIAD.'KOOILUST'(L.RIJB.),600127751,2021-10-01T00:00:00,444,060012775120211001,PKK0000083458,I,,POINT (135981.1939000003 480829.6966999993)
kunstoverweg_wegvak.118,Viaduct,0,VIAD. (L.RIJB.),600127751,2021-10-01T00:00:00,256,060012775120211001,PKK0000083459,I,,POINT (136161.9615000002 480778.7622000016)
kunstoverweg_wegvak.119,Viaduct,0,VIAD. (L.RIJB.),271361048,2021-10-01T00:00:00,279,027136104820211001,PKK0000083460,I,,POINT (136154.2697999999 480663.15019999817)
kunstoverweg_wegvak.120,Viaduct,0,VIAD.'BURG.STRAMANWEG'I/D BURG.STRAMANWEG,600124078,2021-10-01T00:00:00,629,060012407820211001,PKK0000083538,I,,POINT (123657.2853000015 480170.06170000136)
kunstoverweg_wegvak.121,Viaduct,0,VIAD.'BURG.STRAMANWEG'I/D BURG.STRAMANWEG,600124078,2021-10-01T00:00:00,606,060012407820211001,PKK0000083539,I,,POINT (123669.4926000014 480150.568500001)
kunstoverweg_wegvak.122,Viaduct,0,VIAD.'ALIDA 2017'IN RW.  9 (VBW. t) ='KP.HOLENDRECHT',248358020,2021-10-01T00:00:00,417,024835802020211001,PKK0000083540,I,,POINT (124279.15670000017 479113.48220000044)
kunstoverweg_wegvak.123,Viaduct,0,VIAD.'VINKENNEST 2018'I/D LINTVELDSEWEG,600455065,2022-05-01T00:00:00,1117,060045506520220501,PKK0000082424,I,,POINT (239512.58300000057 457347.4706999995)
kunstoverweg_wegvak.124,Viaduct,0,VIAD.'VINKENNEST 2018'I/D LINTVELDSEWEG,600455068,2022-05-01T00:00:00,3403,060045506820220501,PKK0000082424,I,,POINT (239502.90139999986 457347.80469999835)
kunstoverweg_wegvak.125,Viaduct,0,VIAD.'OLDEN EIBERGEN 2018'I/D BORCULOSEWEG,600455065,2022-05-01T00:00:00,2086,060045506520220501,PKK0000082425,I,,POINT (239485.71400000155 458306.5304999985)
kunstoverweg_wegvak.126,Viaduct,0,VIAD.'OLDEN EIBERGEN 2018'I/D BORCULOSEWEG,600455068,2022-05-01T00:00:00,2431,060045506820220501,PKK0000082425,I,,POINT (239476.57009999827 458310.0142999999)
kunstoverweg_wegvak.127,Viaduct,0,VIAD.'LEUGEMORS 2018'I/D NEEDSEWEG,600455065,2022-05-01T00:00:00,3749,060045506520220501,PKK0000082426,I,,POINT (240424 459630.7377000004)
kunstoverweg_wegvak.128,Viaduct,0,VIAD.'LEUGEMORS 2018'I/D NEEDSEWEG,600455068,2022-05-01T00:00:00,760,060045506820220501,PKK0000082426,I,,POINT (240420.59279999882 459640.06379999965)
kunstoverweg_wegvak.129,Viaduct,0,VIAD.I/D RW.4 R.Rijb.,600454208,2021-07-01T00:00:00,506,060045420820210701,PKK0000082432,I,,POINT (86092.40900000185 432110.8055000007)
kunstoverweg_wegvak.130,Viaduct,0,VIAD.IN VBW.g ='KP.OUDENRIJN',266305026,2021-08-01T00:00:00,99,026630502620210801,PKK0000082838,I,,POINT (133193.6147999987 452773.11290000007)
kunstoverweg_wegvak.131,Brug,0,BRUG O/D,265297050,2021-08-01T00:00:00,170,026529705020210801,PKK0000082839,I,,POINT (132773.1127000004 448634.34420000017)
kunstoverweg_wegvak.132,Brug,0,VIAD. O/D,265297050,2021-08-01T00:00:00,196,026529705020210801,PKK0000082840,I,,POINT (132774.5159999989 448608.382100001)
kunstoverweg_wegvak.133,Viaduct,0,"VIAD.""KERKWEG""I/D REIJERSCOPSE OVERGANG",600125849,2021-08-01T00:00:00,181,060012584920210801,PKK0000082893,I,,POINT (126146.47740000114 454803.31610000134)
kunstoverweg_wegvak.134,Viaduct,0,VIAD.'IN VBW.g ='KP.LUNETTEN',600128716,2022-07-01T00:00:00,1417,060012871620220701,PKK0000082937,I,,POINT (138333.21990000084 451676.2961000018)
kunstoverweg_wegvak.135,Viaduct,0,VIAD.'IN VBW.g ='KP.LUNETTEN',276303073,2021-08-01T00:00:00,54,027630307320210801,PKK0000082937,I,,POINT (138348.1013999991 451673.6147999987)
kunstoverweg_wegvak.136,Viaduct,0,VIAD.IN RANG.BAAN x ='KP.LUNETTEN',600128716,2022-07-01T00:00:00,1187,060012871620220701,PKK0000082938,I,,POINT (138356.5799999982 451905.0122999996)
kunstoverweg_wegvak.137,Viaduct,0,VIAD.IN RANG.BAAN x ='KP.LUNETTEN',276303073,2021-08-01T00:00:00,283,027630307320210801,PKK0000082938,I,,POINT (138372.15349999815 451901.24819999933)
kunstoverweg_wegvak.138,Viaduct,0,VIAD.IN RW. 12 (R.RIJB.) ='KP.LUNETTEN',600128716,2022-07-01T00:00:00,1171,060012871620220701,PKK0000082939,I,,POINT (138357.33150000125 451920.9946000017)
kunstoverweg_wegvak.139,Viaduct,0,VIAD.IN RW. 12 (R.RIJB.) ='KP.LUNETTEN',276303073,2021-08-01T00:00:00,299,027630307320210801,PKK0000082939,I,,POINT (138372.83419999853 451917.23369999975)
kunstoverweg_wegvak.140,Viaduct,0,VIAD.IN RW. 12 (L.RIJB.) ='KP.LUNETTEN',600128716,2022-07-01T00:00:00,1154,060012871620220701,PKK0000082940,I,,POINT (138358.129900001 451937.97580000013)
kunstoverweg_wegvak.141,Viaduct,0,VIAD.IN RW. 12 (L.RIJB.) ='KP.LUNETTEN',276303073,2021-08-01T00:00:00,316,027630307320210801,PKK0000082940,I,,POINT (138373.557599999 451934.21829999983)
kunstoverweg_wegvak.142,Viaduct,0,VIAD.IN RANG.BAAN y ='KP.LUNETTEN',600128716,2022-07-01T00:00:00,1136,060012871620220701,PKK0000082941,I,,POINT (138358.97529999912 451955.95600000024)
kunstoverweg_wegvak.143,Viaduct,0,VIAD.IN RANG.BAAN y ='KP.LUNETTEN',276303073,2021-08-01T00:00:00,334,027630307320210801,PKK0000082941,I,,POINT (138374.32349999994 451952.2019999996)
kunstoverweg_wegvak.144,Viaduct,0,VIAD.IN VBW.g ='KP.LUNETTEN',600128540,2021-08-01T00:00:00,141,060012854020210801,PKK0000082948,I,,POINT (138317.30490000173 451675.21829999983)
kunstoverweg_wegvak.145,Viaduct,0,VIAD.I/D NIEUWE HOUTENSEWEG,600128717,2022-08-01T00:00:00,208,060012871720220801,PKK0000082949,I,,POINT (138394.47839999944 452881.1821000017)
kunstoverweg_wegvak.146,Viaduct,0,VIAD.'DE KNAPSCHINKEL'I/D SPOORWEG UTRECHT 's-H'BOSCH,600128717,2022-08-01T00:00:00,169,060012871720220801,PKK0000082950,I,,POINT (138404.60830000043 452918.8247999996)
kunstoverweg_wegvak.147,Viaduct,0,VIAD.'MEREVELD'I/D TUSSEN DE RAILS,600128937,2021-08-01T00:00:00,77,060012893720210801,PKK0000082951,I,,POINT (138568.95179999992 453333.1667999998)
kunstoverweg_wegvak.148,Viaduct,0,VIAD.'MEREVELD'I/D SPOORWEG UTRECHT ARNHEM,600128937,2021-08-01T00:00:00,63,060012893720210801,PKK0000082952,I,,POINT (138574.6656000018 453345.9477000013)
kunstoverweg_wegvak.149,Viaduct,0,VIAD.IN RW. 1,334328025,2021-08-01T00:00:00,214,033432802520210801,PKK0000082961,I,,POINT (167226.64389999956 464398.83839999884)
kunstoverweg_wegvak.150,Viaduct,0,VIAD.IN RW. 1,334329017,2021-08-01T00:00:00,169,033432901720210801,PKK0000082961,I,,POINT (167211.59629999846 464392.4365000017)
kunstoverweg_wegvak.151,Viaduct,0,VIAD.'BREEDLAND 2016'I/D PAPELAAN,261365026,2021-10-01T00:00:00,1121,026136502620211001,PKK0000083405,I,,POINT (131770.85799999908 482327.3033000007)
kunstoverweg_wegvak.152,Viaduct,0,VIAD.'DE GOOG',261365026,2021-10-01T00:00:00,4727,026136502620211001,PKK0000083406,I,,POINT (135150.32710000128 481110.2285999991)
kunstoverweg_wegvak.153,Viaduct,0,VIAD. I/D SPOORLIJN ALMERE - AMSTERDAM,261365026,2021-10-01T00:00:00,4973,026136502620211001,PKK0000083407,I,,POINT (135372.71059999987 481005.0571000017)
kunstoverweg_wegvak.154,Viaduct,0,VIAD.,271361054,2021-10-01T00:00:00,455,027136105420211001,PKK0000083408,A,,POINT (135953.6143000014 480816.77479999885)
kunstoverweg_wegvak.155,Viaduct,0,VIAD.,257364018,2021-10-01T00:00:00,83,025736401820211001,PKK0000083409,I,,POINT (128974.8852000013 482420.5815999992)
kunstoverweg_wegvak.156,Viaduct,0,VIAD.,257364018,2021-10-01T00:00:00,99,025736401820211001,PKK0000083410,I,,POINT (128976.07800000161 482404.6261)
kunstoverweg_wegvak.157,Viaduct,0,VIAD.,257364018,2021-10-01T00:00:00,113,025736401820211001,PKK0000083411,I,,POINT (128977.01929999888 482390.6581000015)
kunstoverweg_wegvak.158,Viaduct,0,VIAD.'BREEDLAND'I/D PAPELAAN,264364015,2022-06-01T00:00:00,432,026436401520220601,PKK0000083412,I,,POINT (131803.44999999925 482360.68129999936)
kunstoverweg_wegvak.159,Viaduct,0,VIAD.'BREEDLAND'I/D PAPELAAN,262364003,2021-10-01T00:00:00,447,026236400320211001,PKK0000083413,I,,POINT (131732.38560000062 482296.67720000073)
kunstoverweg_wegvak.160,Viaduct,0,VIAD.,271361039,2021-10-01T00:00:00,11,027136103920211001,PKK0000083414,A,,POINT (136113.44310000166 480775.20439999923)
kunstoverweg_wegvak.161,Viaduct,0,VIAD.,271361039,2021-10-01T00:00:00,60,027136103920211001,PKK0000083415,A,,POINT (136159.58190000057 480758.72089999914)
kunstoverweg_wegvak.162,Viaduct,0,VIAD.,600128887,2021-10-01T00:00:00,162,060012888720211001,PKK0000083416,A,,POINT (136125.64919999987 480775.7426000014)
kunstoverweg_wegvak.163,Viaduct,0,VIAD.,600128887,2021-10-01T00:00:00,110,060012888720211001,PKK0000083417,A,,POINT (136174.99799999967 480759.38809999824)
kunstoverweg_wegvak.164,Viaduct,0,VIAD.'GOOILAND'IN VBW.h ='KP.EEMNES',288343007,2021-10-01T00:00:00,274,028834300720211001,PKK0000083421,I,,POINT (144678.0022 471729.61620000005)
kunstoverweg_wegvak.165,Viaduct,0,VIAD.'PADDESTOEL'IN RW.  27 (L.RIJB) ='KP.EEMNES',289343009,2021-10-01T00:00:00,66,028934300920211001,PKK0000083422,I,,POINT (144837.17689999938 471545.97780000046)
kunstoverweg_wegvak.166,Viaduct,0,VIAD.'PADDESTOEL'IN RW.  27 (R.RIJB) ='KP.EEMNES',289343009,2021-10-01T00:00:00,93,028934300920211001,PKK0000083423,I,,POINT (144854.87409999967 471525.5863999985)
kunstoverweg_wegvak.167,Brug,0,VIAD.'KAAPBERG'I/D SCHALTERDALWEG,600144933,2021-08-01T00:00:00,244,060014493320210801,PKK0000082993,I,,POINT (194254.80950000137 459906.9272999987)
kunstoverweg_wegvak.168,Viaduct,0,FIETSVIAD.I/D RADIOWEG,600125964,2021-10-01T00:00:00,35,060012596420211001,PKK0000083403,I,,POINT (125575.41369999945 484096.8696000017)
kunstoverweg_wegvak.169,Viaduct,0,VIAD.'DE STOLPEN 2016',259365029,2021-10-01T00:00:00,612,025936502920211001,PKK0000083404,I,,POINT (130298.3889000006 482753.0229999982)
kunstoverweg_wegvak.170,Viaduct,0,VIAD.OVER VBW.u ='KP.KETHELPLEIN',169275055,2021-09-01T00:00:00,821,016927505520210901,PKK0000083139,I,,POINT (84496.36439999938 437993.4226000011)
kunstoverweg_wegvak.171,Viaduct,0,VIAD.OVER HR RECHTS RW.4='KP.KETHELPLEIN',169275055,2021-09-01T00:00:00,581,016927505520210901,PKK0000083141,I,,POINT (84684.0896999985 438132.86499999836)
kunstoverweg_wegvak.172,Viaduct,0,VIAD.OVER HR LINKS RW.4='KP.KETHELPLEIN',169275055,2021-09-01T00:00:00,547,016927505520210901,PKK0000083142,I,,POINT (84717.6801000014 438137.690200001)
kunstoverweg_wegvak.173,Viaduct,0,VIAD. FIETSERS I/D BUNNIKSEWEG,282312023,2021-09-01T00:00:00,7,028231202320210901,PKK0000083185,I,,POINT (141258.1228 456006.1794000007)
kunstoverweg_wegvak.174,Viaduct,0,VIAD.,600124969,2021-08-01T00:00:00,11,060012496920210801,PKK0000077573,I,,POINT (124423.92509999871 479166.61080000177)
kunstoverweg_wegvak.175,Viaduct,0,VIAD.'DE PADDESTOEL'I/D R.027 L.RB.,600129809,2021-10-01T00:00:00,298,060012980920211001,PKK0000083429,I,,POINT (145014.24300000072 471758.000500001)
kunstoverweg_wegvak.176,Viaduct,0,VIAD.'DE PADDESTOEL'I/D R.027 R.RB.,600129809,2021-10-01T00:00:00,271,060012980920211001,PKK0000083430,I,,POINT (145034.38170000166 471740.0650999993)
kunstoverweg_wegvak.177,Viaduct,0,VIAD. 'EEMLAND' I/D VBW. t,289342018,2021-10-01T00:00:00,120,028934201820211001,PKK0000083431,I,,POINT (145007.55260000005 471356.74010000005)
kunstoverweg_wegvak.178,Viaduct,0,VIAD.I/D RW001 RANG.BAAN m,397334010,2021-10-01T00:00:00,982,039733401020211001,PKK0000083438,I,,POINT (198439.50429999828 466782.72459999844)
kunstoverweg_wegvak.179,Viaduct,0,VIAD.I/D RW001 R.RIJB.,397334010,2021-10-01T00:00:00,963,039733401020211001,PKK0000083439,I,,POINT (198432.09109999985 466800.21880000085)
kunstoverweg_wegvak.180,Viaduct,0,VIAD.I/D RW001 L.RIJB.,397334010,2021-10-01T00:00:00,948,039733401020211001,PKK0000083440,I,,POINT (198426.23860000074 466814.0298999995)
kunstoverweg_wegvak.181,Viaduct,0,VIAD.I/D RW050 VBW. v,397334010,2021-10-01T00:00:00,924,039733401020211001,PKK0000083441,I,,POINT (198416.87460000068 466836.12779999897)
kunstoverweg_wegvak.182,Viaduct,0,VIAD.IN RW. 28 ='KP.HOEVELAKEN',600136530,2021-10-01T00:00:00,59,060013653020211001,PKK0000083434,I,,POINT (157836.23369999975 465292.5654999986)
kunstoverweg_wegvak.183,Viaduct,0,VIAD.'ZINNINGVELD'I/D A9 (R.RIJB.),259365028,2021-10-01T00:00:00,470,025936502820211001,PKK0000083452,I,,POINT (130140.82220000029 482713.35119999945)
kunstoverweg_wegvak.184,Viaduct,0,VIAD.'ZINNINGVELD'I/D A9 (L.RIJB.),261365019,2021-10-01T00:00:00,486,026136501920211001,PKK0000083453,I,,POINT (130377.86349999905 482752.0903999992)
kunstoverweg_wegvak.185,Viaduct,0,VIAD.'BREEDLAND'I/D PAPELAAN,265364114,2022-01-01T00:00:00,839,026536411420220101,PKK0000083454,I,,POINT (131769.42430000007 482350.45910000056)
kunstoverweg_wegvak.186,Brug,0,BRUG  'ZANDHAZENBRUG',600284427,2021-10-01T00:00:00,604,060028442720211001,PKK0000083456,I,,POINT (135341.1275999993 480998.500500001)
kunstoverweg_wegvak.187,Brug,0,BRUG  'ZANDHAZENBRUG',600405481,2021-10-01T00:00:00,77,060040548120211001,PKK0000083456,I,,POINT (135385.53339999914 481025.72769999877)
kunstoverweg_wegvak.188,Viaduct,0,VIAD.'KOOILUST'(R.RIJB.),271361050,2021-10-01T00:00:00,345,027136105020211001,PKK0000083457,I,,POINT (135808.0513000004 480760.4466999993)
kunstoverweg_wegvak.189,Viaduct,0,VIAD.'KOOILUST'(L.RIJB.),271361048,2021-10-01T00:00:00,31,027136104820211001,PKK0000083458,I,,POINT (135913.4268000014 480722.0498000011)
kunstoverweg_wegvak.190,Viaduct,0,VIAD. (L.RIJB.),271361048,2021-10-01T00:00:00,239,027136104820211001,PKK0000083459,I,,POINT (136115.44350000098 480672.7639000006)
kunstoverweg_wegvak.191,Viaduct,0,VIAD. (L.RIJB.),600127751,2021-10-01T00:00:00,216,060012775120211001,PKK0000083460,I,,POINT (136199.27479999885 480764.35649999976)
kunstoverweg_wegvak.192,Viaduct,0,VIAD.'ZEVENHUIZEN'I/D ZEVENHUIZERSTRAAT,600134874,2021-10-01T00:00:00,805,060013487420211001,PKK0000083472,I,,POINT (155102.34430000186 468371.9470999986)
kunstoverweg_wegvak.193,Viaduct,0,VIAD.'ZEVENHUIZEN'I/D ZEVENHUIZERSTRAAT,307337008,2021-10-01T00:00:00,1075,030733700820211001,PKK0000083472,I,,POINT (155093.30999999866 468352.4985000007)
kunstoverweg_wegvak.194,Viaduct,0,VIAD.,318328002,2021-10-01T00:00:00,833,031832800220211001,PKK0000083477,I,,POINT (159847.82889999822 464291.6554999985)
kunstoverweg_wegvak.195,Viaduct,0,VIAD.,600138551,2021-08-01T00:00:00,1215,060013855120210801,PKK0000083477,I,,POINT (159849.1873999983 464304.7265999988)
kunstoverweg_wegvak.196,Viaduct,0,VIAD.I/D STOUTENBURGERLAAN,318328002,2021-10-01T00:00:00,848,031832800220211001,PKK0000083478,I,,POINT (159862.72619999945 464289.9028999992)
kunstoverweg_wegvak.197,Viaduct,0,VIAD.I/D STOUTENBURGERLAAN,600138551,2021-08-01T00:00:00,1200,060013855120210801,PKK0000083478,I,,POINT (159864.0716000013 464302.86609999835)
kunstoverweg_wegvak.198,Viaduct,0,VIAD.'DE SLUINER'I/D ARDEWEG,600146658,2021-10-01T00:00:00,1383,060014665820211001,PKK0000083487,I,,POINT (201700.55840000138 468596.3462000005)
kunstoverweg_wegvak.199,Viaduct,0,VIAD.'DE SLUINER'I/D ARDEWEG,401336010,2021-10-01T00:00:00,1157,040133601020211001,PKK0000083487,I,,POINT (201705.09870000184 468579.4530999996)
kunstoverweg_wegvak.200,Viaduct,0,VIAD.'BUSSLOO'I/D TIENMORGEN,600146658,2021-10-01T00:00:00,317,060014665820211001,PKK0000083488,I,,POINT (202699.00470000133 468969.7912000008)
kunstoverweg_wegvak.201,Viaduct,0,VIAD.'BUSSLOO'I/D TIENMORGEN,401336010,2021-10-01T00:00:00,2225,040133601020211001,PKK0000083488,I,,POINT (202705.45120000094 468953.5104999989)
kunstoverweg_wegvak.202,Viaduct,0,VIAD.''t SCHILT'I/D WOOLDERBROEKWEG,495356023,2021-10-01T00:00:00,855,049535602320211001,PKK0000083506,I,,POINT (248774.24969999865 478358.5485999994)
kunstoverweg_wegvak.203,Viaduct,0,VIAD.'1985'I/D SPOORWEG HENGELO ALMELO,600151059,2021-10-01T00:00:00,765,060015105920211001,PKK0000083507,I,,POINT (248789.73710000142 478374.88170000166)
kunstoverweg_wegvak.204,Viaduct,0,VIAD.''t SCHILT'I/D OOSTERBOSWEG,600151059,2021-10-01T00:00:00,747,060015105920211001,PKK0000083508,I,,POINT (248806.8317000009 478380.51850000024)
kunstoverweg_wegvak.205,Viaduct,0,VIAD.'t HERSELER'I/D BORNESTRAAT =N743,600151059,2021-10-01T00:00:00,72,060015105920211001,PKK0000083509,I,,POINT (249441.2520999983 478610.83960000053)
kunstoverweg_wegvak.206,Viaduct,0,VIAD.'t HERSELER'I/D BORNESTRAAT =N743,498357022,2021-10-01T00:00:00,29,049835702220211001,PKK0000083510,I,,POINT (249471.73200000077 478604.66860000044)
kunstoverweg_wegvak.207,Viaduct,0,VIAD.'VEMDE'I/D VEMDERWEG,600146865,2022-03-01T00:00:00,743,060014686520220301,PKK0000089171,I,,POINT (198501.7259999998 486203.29839999974)
kunstoverweg_wegvak.208,Viaduct,0,VIAD.'VEMDE'I/D VEMDERWEG,395367007,2022-03-01T00:00:00,2699,039536700720220301,PKK0000089171,I,,POINT (198522.39400000125 486203.7201000005)
kunstoverweg_wegvak.209,Viaduct,0,VIAD.'OSSENBERG'I/D OSSENBERGWEG,600146885,2022-03-01T00:00:00,250,060014688520220301,PKK0000089172,I,,POINT (197722.6854000017 491101.4213999994)
kunstoverweg_wegvak.210,Viaduct,0,VIAD.'OSSENBERG'I/D OSSENBERGWEG,395379012,2022-03-01T00:00:00,1353,039537901220220301,PKK0000089172,I,,POINT (197743.18890000135 491098.0934000015)
kunstoverweg_wegvak.211,Viaduct,0,VIAD.'DE DELLEN'I/D KAMPERWEG,395383011,2022-03-01T00:00:00,26,039538301120220301,PKK0000089173,I,,POINT (197776.19790000096 491837.3876999989)
kunstoverweg_wegvak.212,Viaduct,0,VIAD.'HATTEMERVELD' I/D LEEMCULEWEG,396390005,2022-03-01T00:00:00,98,039639000520220301,PKK0000089174,I,,POINT (198293.5122999996 495431.3341999985)
kunstoverweg_wegvak.213,Viaduct,0,VIAD.'HATTEMERVELD' I/D LEEMCULEWEG,600146863,2022-03-01T00:00:00,1899,060014686320220301,PKK0000089174,I,,POINT (198274.70059999824 495441.13060000166)
kunstoverweg_wegvak.214,Viaduct,0,VIAD.'KEIZERSVELD' I/D HESSENWEG,600146587,2022-03-01T00:00:00,622,060014658720220301,PKK0000089175,I,,POINT (199107.21189999953 497586.74060000107)
kunstoverweg_wegvak.215,Viaduct,0,VIAD.'KEIZERSVELD' I/D HESSENWEG,398394004,2022-07-01T00:00:00,434,039839400420220701,PKK0000089175,I,,POINT (199127.9849999994 497582.21869999915)
kunstoverweg_wegvak.216,Ecoduct,0,VIAD.'SALBROEK' I/D WILDOVERGANG & FIETSROUTE,600192420,2022-05-01T00:00:00,28,060019242020220501,PKK0000089157,I,,POINT (168986.7633999996 410688.4193999991)
kunstoverweg_wegvak.217,Ecoduct,0,VIAD.'SALBROEK' I/D WILDOVERGANG & FIETSROUTE,600901519,2022-05-01T00:00:00,18,060090151920220501,PKK0000089157,I,,POINT (169007.65340000018 410660.15569999814)
kunstoverweg_wegvak.218,Viaduct,0,VIAD.'DE DELLEN'I/D KAMPERWEG,600146690,2021-10-01T00:00:00,3544,060014669020211001,PKK0000089173,I,,POINT (197755.5727000013 491841.7210999988)
kunstoverweg_wegvak.219,Viaduct,0,VIAD.'GANZENEBBE' I/D EEKTERWEG & GEERSTRAAT,600146806,2022-03-01T00:00:00,3,060014680620220301,PKK0000089166,I,,POINT (197450.54569999874 478334.2124999985)
kunstoverweg_wegvak.220,Viaduct,0,VIAD.'VOSSENBROEK'I/D WERLERWEG,394365015,2022-03-01T00:00:00,35,039436501520220301,PKK0000089178,I,,POINT (197291.057599999 482618.6290999986)
kunstoverweg_wegvak.221,Viaduct,0,VIAD.'POELZICHT'I/D DELTAWEG,97179007,2022-05-01T00:00:00,1026,009717900720220501,PKK0000089185,I,,POINT (49622.00899999961 389284.2269000001)
kunstoverweg_wegvak.222,Viaduct,0,VIAD.'POELZICHT'I/D DELTAWEG,600093398,2022-05-01T00:00:00,484,060009339820220501,PKK0000089185,I,,POINT (49625.87170000002 389303.07939999923)
kunstoverweg_wegvak.223,Viaduct,0,VIAD.'HARTELKRUIS'I/D HARTELWEG =N218,160263016,2022-02-01T00:00:00,729,016026301620220201,PKK0000084383,I,,POINT (80613.7408999987 431675.8819999993)
kunstoverweg_wegvak.224,Viaduct,0,'VIAD. I/D N57',600101221,2021-10-01T00:00:00,161,060010122120211001,PKK0000084498,I,,POINT (74177.38390000165 435600.9503999986)
kunstoverweg_wegvak.225,Viaduct,0,'VIAD. I/D N57',147271028,2022-02-01T00:00:00,257,014727102820220201,PKK0000084499,I,,POINT (74144.30050000176 435553.4492000006)
kunstoverweg_wegvak.226,Viaduct,0,VIAD. I/D RW57,600101222,2021-10-01T00:00:00,150,060010122220211001,PKK0000084500,I,,POINT (74175.78440000117 435610.2877999991)
kunstoverweg_wegvak.227,Viaduct,4.0999999,VIAD.I/H HARTELKRUIS                                   %4.10,600107627,2021-10-01T00:00:00,656,060010762720211001,PKK0000084504,I,,POINT (80599.51990000159 431709.8984999992)
kunstoverweg_wegvak.228,Viaduct,4.0999999,VIAD.I/H HARTELKRUIS                                   %4.10,600107627,2021-10-01T00:00:00,612,060010762720211001,PKK0000084505,I,,POINT (80643.24199999869 431714.7617000006)
kunstoverweg_wegvak.229,Viaduct,0,VIAD.I/H HARTELKRUIS,160263038,2021-10-01T00:00:00,441,016026303820211001,PKK0000084506,I,,POINT (80609.66079999879 431654.2644000016)
kunstoverweg_wegvak.230,Viaduct,0,VIAD.I/H HARTELKRUIS,160263038,2021-10-01T00:00:00,478,016026303820211001,PKK0000084507,I,,POINT (80646.52259999886 431657.45870000124)
kunstoverweg_wegvak.231,Viaduct,0,VIAD.I/D RW. 15 VBW. r,160263038,2021-10-01T00:00:00,942,016026303820211001,PKK0000084508,I,,POINT (81109.91919999942 431674.2109999992)
kunstoverweg_wegvak.232,Viaduct,0,VIAD. I/D VONDELINGENWEG,600107567,2021-10-01T00:00:00,250,060010756720211001,PKK0000084510,I,,POINT (84857.09120000154 432465.80779999867)
kunstoverweg_wegvak.233,Viaduct,0,VIAD.I/D GADERINGVIADUCT,600107568,2021-10-01T00:00:00,457,060010756820211001,PKK0000084511,I,,POINT (85280.5474999994 432393.0058999993)
kunstoverweg_wegvak.234,Viaduct,0,VIAD.I/D HOEFSMIDSTRAAT,169264016,2021-10-01T00:00:00,557,016926401620211001,PKK0000084513,I,,POINT (85278.90249999985 432249.2818999998)
kunstoverweg_wegvak.235,Viaduct,0,VIAD.I/D HOEFSMITSTRAAT,169264016,2021-10-01T00:00:00,577,016926401620211001,PKK0000084514,I,,POINT (85297.44790000096 432241.79830000177)
kunstoverweg_wegvak.236,Viaduct,0,VIAD.I/D METROLIJN C,171264017,2021-10-01T00:00:00,492,017126401720211001,PKK0000084515,I,,POINT (86014.11230000108 431991.60179999843)
kunstoverweg_wegvak.237,Viaduct,0,VIAD.I/D GROENEDIJK,174264015,2021-10-01T00:00:00,489,017426401520211001,PKK0000084516,I,,POINT (87846.55389999971 432058.00189999864)
kunstoverweg_wegvak.238,Viaduct,0,VIAD.I/D WILLEM BARENDSTRAAT,176263030,2021-10-01T00:00:00,600,017626303020211001,PKK0000084517,I,,POINT (89013.75809999928 431759.36670000106)
kunstoverweg_wegvak.239,Viaduct,0,VIAD.I/D VBW. b,176263030,2021-10-01T00:00:00,764,017626303020211001,PKK0000084518,I,,POINT (89157.10550000146 431680.879900001)
kunstoverweg_wegvak.240,Viaduct,0,VIAD.I/D GROENE VERBINDINGSWEG,181262026,2021-10-01T00:00:00,1003,018126202620211001,PKK0000084519,I,,POINT (91458.22529999912 430732.97260000184)
kunstoverweg_wegvak.241,Viaduct,0,VIAD.'OUDELAND'I/D VONDELINGENWEG,600107650,2021-10-01T00:00:00,520,060010765020211001,PKK0000084520,I,,POINT (84832.81850000098 432448.83769999817)
kunstoverweg_wegvak.242,Viaduct,0,VIAD. I/D HOEFSMITSSTRAAT,600107650,2021-10-01T00:00:00,54,060010765020211001,PKK0000084521,I,,POINT (85287.12139999866 432351.73270000145)
kunstoverweg_wegvak.243,Viaduct,0,VIAD.I/D RW. 015 VBW. s,600107652,2022-02-01T00:00:00,301,060010765220220201,PKK0000084525,I,,POINT (86671.17680000141 432176.00829999894)
kunstoverweg_wegvak.244,Viaduct,0,VIAD.I/D GROENE VERBINDINGSWEG,600115079,2021-10-01T00:00:00,269,060011507920211001,PKK0000084529,I,,POINT (91485.76929999888 430845.6011000015)
kunstoverweg_wegvak.245,Viaduct,0,VIAD.I/D RW. 15 VBW. b,170264050,2021-10-01T00:00:00,206,017026405020211001,PKK0000084530,I,,POINT (85604.42000000179 432133.1587000005)
kunstoverweg_wegvak.246,Viaduct,0,VIAD.I/D RW. 15 VBW. t,170264050,2021-10-01T00:00:00,649,017026405020211001,PKK0000084531,I,,POINT (86031.44319999963 432061.6094000004)
kunstoverweg_wegvak.247,Viaduct,0,VIAD.I/D SPOORBAAN,170264050,2021-10-01T00:00:00,688,017026405020211001,PKK0000084532,I,,POINT (86069.17300000042 432051.8299999982)
kunstoverweg_wegvak.248,Viaduct,0,'VIAD. I/D METRO,600106514,2021-10-01T00:00:00,496,060010651420211001,PKK0000084533,I,,POINT (86325.35660000145 432318.35720000044)
kunstoverweg_wegvak.249,Viaduct,0,VIAD.I/D RW. 50 VBW. w,362271006,2021-10-01T00:00:00,69,036227100620211001,PKK0000084610,I,,POINT (181160.90520000085 435580.78920000046)
kunstoverweg_wegvak.250,Viaduct,0,VIAD.I/D RW.15 VBW j,362271006,2021-10-01T00:00:00,124,036227100620211001,PKK0000084612,I,,POINT (181206.49460000172 435550.0221000016)
kunstoverweg_wegvak.251,Viaduct,0,VIAD.I/D RW. 50 VBW. t,362270006,2021-10-01T00:00:00,32,036227000620211001,PKK0000084613,I,,POINT (181391.61300000176 435432.9578000009)
kunstoverweg_wegvak.252,Viaduct,0,'VIAD. I/D BETUWELIJN',600145026,2021-10-01T00:00:00,467,060014502620211001,PKK0000084616,I,,POINT (188276.25840000063 434783.88109999895)
kunstoverweg_wegvak.253,Viaduct,0,'VIAD. I/D RW. 4 (R.RIJB.)',600107658,2021-10-01T00:00:00,336,060010765820211001,PKK0000084522,I,,POINT (86091.12819999829 432112.95809999853)
kunstoverweg_wegvak.254,Viaduct,0,'VIAD. I/D RW. 15 VBW. t,600107658,2021-10-01T00:00:00,324,060010765820211001,PKK0000084523,I,,POINT (86103.09389999881 432112.0509000011)
kunstoverweg_wegvak.255,Viaduct,0,'VIAD. I/D METROLIJN',600107658,2021-10-01T00:00:00,313,060010765820211001,PKK0000084524,I,,POINT (86114.06780000031 432111.2943999991)
kunstoverweg_wegvak.256,Viaduct,0,VIAD.I/D PERNIS,169264016,2021-10-01T00:00:00,15,016926401620211001,PKK0000084512,I,,POINT (84764.05820000172 432400.24980000034)
kunstoverweg_wegvak.257,Viaduct,0,VIAD.I/D TRAMBAAN,600115096,2021-10-01T00:00:00,443,060011509620211001,PKK0000084535,I,,POINT (94115.9560999982 431194.3427999988)
kunstoverweg_wegvak.258,Viaduct,0,VIAD.I/D VRIJENBURGWEG,187262018,2021-10-01T00:00:00,1,018726201820211001,PKK0000084541,I,,POINT (93716.4376000017 431041.46880000085)
kunstoverweg_wegvak.259,Viaduct,0,VIAD.I/D RW. 15 VBW. h,190262009,2021-10-01T00:00:00,6,019026200920211001,PKK0000084545,I,,POINT (95008.02329999954 431088.5577000007)
kunstoverweg_wegvak.260,Viaduct,0,VIAD.'DE ZIEUW'O/D EDISONWEG(R. RIJBAAN),212259010,2021-10-01T00:00:00,384,021225901020211001,PKK0000084568,I,,POINT (106112.44469999894 429414.1020000018)
kunstoverweg_wegvak.261,Viaduct,0,VIAD.'TOMATUVA'IN VBW.t ='KP.EEMNES',289343017,2021-10-01T00:00:00,220,028934301720211001,PKK0000089513,I,,POINT (145018.5791000016 471365.8473000005)
kunstoverweg_wegvak.262,Viaduct,0,VIAD.'TOMATUVA'IN VBW.t ='KP.EEMNES',600128597,2022-04-01T00:00:00,1340,060012859720220401,PKK0000089513,I,,POINT (145034.0914000012 471377.2344999984)
kunstoverweg_wegvak.263,Viaduct,0,VIAD.,600149119,2022-03-01T00:00:00,126,060014911920220301,PKK0000089194,I,,POINT (207140.999499999 370043.5122000016)
kunstoverweg_wegvak.264,Viaduct,0,VIAD.'DE GRAAF'I/D HAPSEWEG=N-264,379223016,2022-05-01T00:00:00,31,037922301620220501,PKK0000089195,I,,POINT (189674.6147999987 411560.241799999)
kunstoverweg_wegvak.265,Viaduct,0,VIAD. I/D LEROPPERWEG,600147422,2022-03-01T00:00:00,58,060014742220220301,PKK0000089196,I,,POINT (196717.01570000127 354091.9400999993)
kunstoverweg_wegvak.266,Viaduct,0,VIAD. I/D LEROPPERWEG,391106008,2022-03-01T00:00:00,1314,039110600820220301,PKK0000089196,I,,POINT (196721.56379999965 354080.5797000006)
kunstoverweg_wegvak.267,Viaduct,0,VIAD.'KLOOSTERHOF'I/D KONINGINNELAAN,397108059,2022-03-01T00:00:00,481,039710805920220301,PKK0000089197,I,,POINT (199109.26289999858 354844.1766999997)
kunstoverweg_wegvak.268,Viaduct,0,VIAD.'ASENRAY'I/D SPIK,600147459,2022-03-01T00:00:00,574,060014745920220301,PKK0000089199,I,,POINT (199936.33769999817 356681.42280000076)
kunstoverweg_wegvak.269,Viaduct,0,VIAD.'ASENRAY'I/D SPIK,400112017,2021-10-01T00:00:00,430,040011201720211001,PKK0000089199,I,,POINT (199949.5623999983 356682.4180999994)
kunstoverweg_wegvak.270,Viaduct,0,VIAD. I/D ELMPTERWEG=N280,399115048,2022-03-01T00:00:00,81,039911504820220301,PKK0000089200,I,,POINT (199517.3029000014 357801.3905999996)
kunstoverweg_wegvak.271,Viaduct,0,VIAD. I/D ELMPTERWEG=N280,600147462,2021-10-01T00:00:00,599,060014746220211001,PKK0000089200,I,,POINT (199505.62409999967 357795.66640000045)
kunstoverweg_wegvak.272,Viaduct,0,VIAD.'LEYGRAAF' I/D SINT WIROSINGEL,600435682,2022-03-01T00:00:00,191,060043568220220301,PKK0000089201,I,,POINT (199137.0053000003 358679.8814000003)
kunstoverweg_wegvak.273,Viaduct,0,VIAD.'LEYGRAAF' I/D SINT WIROSINGEL,399115048,2022-03-01T00:00:00,1046,039911504820220301,PKK0000089201,I,,POINT (199151.44310000166 358683.92379999906)
kunstoverweg_wegvak.274,Viaduct,0,VIAD.'SCHINHEUVEL' I/D OUDEBAAN,600435682,2022-03-01T00:00:00,41,060043568220220301,PKK0000089202,I,,POINT (199127.97439999878 358829.53720000014)
kunstoverweg_wegvak.275,Viaduct,0,VIAD.'SCHINHEUVEL' I/D OUDEBAAN,399115048,2022-03-01T00:00:00,1192,039911504820220301,PKK0000089202,I,,POINT (199142.6356999986 358829.5940000005)
kunstoverweg_wegvak.276,Viaduct,0,VIAD.'SCHOOLBROEK' I/D SCHOOLBROEK,600458055,2022-03-01T00:00:00,1200,060045805520220301,PKK0000089203,I,,POINT (201080.76639999822 361787.8271000013)
kunstoverweg_wegvak.277,Viaduct,0,VIAD.'SCHOOLBROEK' I/D SCHOOLBROEK,600458052,2022-03-01T00:00:00,1052,060045805220220301,PKK0000089203,I,,POINT (201067.32129999995 361794.0669)
kunstoverweg_wegvak.278,Ecoduct,0,ECODUCT WATERLOO,600147464,2022-03-01T00:00:00,1660,060014746420220301,PKK0000089204,I,,POINT (201643.49830000103 362774.0538999997)
kunstoverweg_wegvak.279,Ecoduct,0,ECODUCT WATERLOO,403125012,2022-03-01T00:00:00,94,040312501220220301,PKK0000089204,I,,POINT (201656.39299999923 362768.1684000008)
kunstoverweg_wegvak.280,Viaduct,0,VIAD. I/D RIJKSWEG,600147464,2022-03-01T00:00:00,137,060014746420220301,PKK0000089205,I,,POINT (202515.33720000088 363999.5395999998)
kunstoverweg_wegvak.281,Viaduct,0,VIAD. I/D RIJKSWEG,404127042,2021-10-01T00:00:00,95,040412704220211001,PKK0000089205,I,,POINT (202526.37299999967 363990.0020000003)
kunstoverweg_wegvak.282,Viaduct,0,VIAD.,600149118,2022-03-01T00:00:00,127,060014911820220301,PKK0000089206,I,,POINT (207149.73849999905 370036.1367000006)
kunstoverweg_wegvak.283,Viaduct,0,VIAD.'SNELLE SPRONG' FIETS-VOETG.VIAD.,600149284,2022-03-01T00:00:00,2866,060014928420220301,PKK0000089207,I,,POINT (207514.56639999896 370823.2512000017)
kunstoverweg_wegvak.284,Viaduct,0,VIAD.'SNELLE SPRONG' FIETS-VOETG.VIAD.,414140031,2021-10-01T00:00:00,885,041414003120211001,PKK0000089207,I,,POINT (207527.0324999988 370819.98699999973)
kunstoverweg_wegvak.285,Viaduct,0,VIAD.'HEIDE' I/D GLAZENAPSTRAAT,600149284,2022-03-01T00:00:00,1586,060014928420220301,PKK0000089208,I,,POINT (208053.3387000002 371983.6895000003)
kunstoverweg_wegvak.286,Viaduct,0,VIAD.'HEIDE' I/D GLAZENAPSTRAAT,414140031,2021-10-01T00:00:00,2162,041414003120211001,PKK0000089208,I,,POINT (208062.85229999945 371978.4490999989)
kunstoverweg_wegvak.287,Viaduct,0,VIAD.'TEGULA' I/D KALDENKERKERWEG,600149284,2022-03-01T00:00:00,1090,060014928420220301,PKK0000089209,I,,POINT (208307.19669999927 372409.5592)
kunstoverweg_wegvak.288,Viaduct,0,VIAD.'TEGULA' I/D KALDENKERKERWEG,414140031,2021-10-01T00:00:00,2656,041414003120211001,PKK0000089209,I,,POINT (208315.62079999968 372402.6477999985)
kunstoverweg_wegvak.289,Viaduct,0,VIAD. 'T BROOK' I/D RW. 74 L.RIJB. (R.RIJB.),600149284,2022-03-01T00:00:00,380,060014928420220301,PKK0000089210,I,,POINT (208656.89799999818 373020.8748999983)
kunstoverweg_wegvak.290,Viaduct,0,VIAD. 'T BROOK' I/D RW. 74 L.RIJB. (R.RIJB.),414140031,2021-10-01T00:00:00,3394,041414003120211001,PKK0000089210,I,,POINT (208731.5075000003 372997.69299999997)
kunstoverweg_wegvak.291,Viaduct,0,VIAD.I/D VRIJENBURGWEG,600115095,2021-10-01T00:00:00,362,060011509520211001,PKK0000084534,I,,POINT (93707.6875 431111.06610000134)
kunstoverweg_wegvak.292,Viaduct,0,VIAD.I/D RW. 29,600115365,2021-10-01T00:00:00,1647,060011536520211001,PKK0000084536,I,,POINT (94929.63470000029 431189.90100000054)
kunstoverweg_wegvak.293,Viaduct,0,VIAD.I/D RW. 29,600115365,2021-10-01T00:00:00,1533,060011536520211001,PKK0000084537,I,,POINT (95040.36419999972 431162.8337999992)
kunstoverweg_wegvak.294,Viaduct,0,VIAD.I/D RW. 15 VBW. h,600115365,2021-10-01T00:00:00,1455,060011536520211001,PKK0000084538,I,,POINT (95116.7340000011 431146.99010000005)
kunstoverweg_wegvak.295,Viaduct,0,VIAD.I/D RW. 15 VBW. h,600115365,2021-10-01T00:00:00,1153,060011536520211001,PKK0000084539,I,,POINT (95416.43980000168 431127.73849999905)
kunstoverweg_wegvak.296,Viaduct,0,VIAD.I/D RW. 15 VBW. f,600115365,2021-10-01T00:00:00,1127,060011536520211001,PKK0000084540,I,,POINT (95442.30160000175 431130.4153999984)
kunstoverweg_wegvak.297,Viaduct,0,VIAD. I/D SPOOR,187262018,2021-10-01T00:00:00,414,018726201820211001,PKK0000084542,I,,POINT (94127.25329999998 431081.41110000014)
kunstoverweg_wegvak.298,Viaduct,0,VIAD.I/D RW. 29 VBW. u,188262021,2021-10-01T00:00:00,444,018826202120211001,PKK0000084543,I,,POINT (94914.89090000093 431098.74109999835)
kunstoverweg_wegvak.299,Viaduct,0,VIAD.I/D RW. 29 R.RIJB.,188262021,2021-10-01T00:00:00,463,018826202120211001,PKK0000084544,I,,POINT (94933.77849999815 431096.67720000073)
kunstoverweg_wegvak.300,Viaduct,0,VIAD.I/D RW. 29 L.RIJB.,190262009,2021-10-01T00:00:00,74,019026200920211001,PKK0000084546,I,,POINT (95075.61320000142 431081.1009999998)
kunstoverweg_wegvak.301,Viaduct,0,VIAD.IN VBW.h KP.VAANPLEIN,189262026,2021-10-01T00:00:00,146,018926202620211001,PKK0000084547,I,,POINT (94900.78000000119 430896.17920000106)
kunstoverweg_wegvak.302,Viaduct,0,VIAD.I/D RW. 29,189262026,2021-10-01T00:00:00,254,018926202620211001,PKK0000084548,I,,POINT (95005.43450000137 430900.74529999867)
kunstoverweg_wegvak.303,Viaduct,0,VIAD.IN VBW. h KP.VAANPLEIN,189261046,2021-10-01T00:00:00,99,018926104620211001,PKK0000084549,I,,POINT (94905.70109999925 430849.30040000007)
kunstoverweg_wegvak.304,Viaduct,0,VIAD.IN VBW.g,195262089,2021-10-01T00:00:00,584,019526208920211001,PKK0000084550,I,,POINT (98163.62099999934 431590.4604000002)
kunstoverweg_wegvak.305,Viaduct,0,VIAD.IN RW. 15 (R.RIJB.) ='KP.RIDDERKERK',196263020,2021-10-01T00:00:00,233,019626302020211001,PKK0000084551,I,,POINT (98361.33249999955 431798.1004999988)
kunstoverweg_wegvak.306,Viaduct,0,VIAD.I/D VBW.e ='KP.RIDDERKERK',196263020,2021-10-01T00:00:00,272,019626302020211001,PKK0000084552,I,,POINT (98387.57710000128 431826.941300001)
kunstoverweg_wegvak.307,Viaduct,0,FLY-OVER VBW.g ='KP.RIDDERKERK',197264034,2021-10-01T00:00:00,112,019726403420211001,PKK0000084553,I,,POINT (98760.49210000038 432077.87849999964)
kunstoverweg_wegvak.308,Viaduct,0,VIAD.IN RW. 15 (L.RIJB.),600113460,2021-10-01T00:00:00,635,060011346020211001,PKK0000084554,I,,POINT (98151.90729999915 431761.0555999987)
kunstoverweg_wegvak.309,Viaduct,0,VIAD.I/D RW.15 VBW.g UTRECHT ='KP.RIDDERKERK-NOORD',600114110,2021-10-01T00:00:00,18,060011411020211001,PKK0000084555,I,,POINT (98783.39710000157 432109.2862999998)
kunstoverweg_wegvak.310,Viaduct,0,VIAD.I/D HRL RW.15='KP.RIDDERKERK-NOORD',600114110,2021-10-01T00:00:00,12,060011411020211001,PKK0000084556,I,,POINT (98788.51300000027 432112.4211000018)
kunstoverweg_wegvak.311,Viaduct,0,VIAD.I/D FLY-OVER RW 15 VBW. y,195262092,2021-10-01T00:00:00,1166,019526209220211001,PKK0000084557,I,,POINT (98765.55160000175 432091.38919999823)
kunstoverweg_wegvak.312,Viaduct,0,VIAD. 'I/D POPULIERENLAAN',198263019,2021-10-01T00:00:00,198,019826301920211001,PKK0000084558,I,,POINT (99374.11699999869 431415.4697000012)
kunstoverweg_wegvak.313,Viaduct,0,VIAD. I/D RW 15 VBW. g,196263026,2021-10-01T00:00:00,290,019626302620211001,PKK0000084559,I,,POINT (98566.6585999988 431808.3645000011)
kunstoverweg_wegvak.314,Viaduct,0,VIAD. I/D RW15 (L.RIJB.),600114210,2021-10-01T00:00:00,79,060011421020211001,PKK0000084560,I,,POINT (98588.09420000017 432059.42069999874)
kunstoverweg_wegvak.315,Viaduct,0,VIAD.IN RW. 38 (L.RIJB.),600114225,2021-10-01T00:00:00,266,060011422520211001,PKK0000084561,I,,POINT (99189.79190000147 432211.74870000035)
kunstoverweg_wegvak.316,Viaduct,0,VIAD. I/D GEERLAAN,600114367,2021-10-01T00:00:00,97,060011436720211001,PKK0000084562,I,,POINT (100327.40729999915 430524.57559999824)
kunstoverweg_wegvak.317,Viaduct,0,VIAD.I/D RW.15 VBW.K DORDRECHT ='KP.RIDDERKERK-ZUID',600114370,2021-10-01T00:00:00,1,060011437020211001,PKK0000084563,I,,POINT (100928.99949999899 430089.7980999984)
kunstoverweg_wegvak.318,Viaduct,0,'VIAD.ROTTERDAMSEWEG'I/D ROTTERDAMSEWEG,204260036,2021-10-01T00:00:00,179,020426003620211001,PKK0000084564,I,,POINT (102493.15199999884 430012.1013999991)
kunstoverweg_wegvak.319,Viaduct,0,VIAD.'ROTTERDAMSEWEG'I/D ROTTERDAMSEWEG,600115434,2021-10-01T00:00:00,420,060011543420211001,PKK0000084565,I,,POINT (102516.80460000038 430071.18129999936)
kunstoverweg_wegvak.320,Viaduct,0,'VIAD. DRIEVLIET' I/D RIJBAAN,206260004,2021-10-01T00:00:00,48,020626000420211001,PKK0000084566,I,,POINT (103221.49720000103 430048.7754999995)
kunstoverweg_wegvak.321,Viaduct,0,VIAD.IN RANG.BAAN y ='KP.GORINCHEM',600124139,2021-10-01T00:00:00,157,060012413920211001,PKK0000084575,I,,POINT (124888.33029999956 428717.9092000015)
kunstoverweg_wegvak.322,Viaduct,0,'VIAD. I/D MOLENBRUGSEWEG',251257011,2021-10-01T00:00:00,97,025125701120211001,PKK0000084583,I,,POINT (125949.05310000107 428728.46130000055)
kunstoverweg_wegvak.323,Viaduct,0,VIAD. I/D BANNEWEG (L.RIJBAAN),600124601,2021-10-01T00:00:00,35,060012460120211001,PKK0000084584,I,,POINT (124296.16420000046 428409.0562000014)
kunstoverweg_wegvak.324,Viaduct,0,VIAD. I/D BANNEWEG (R.RIJBAAN),600124601,2021-10-01T00:00:00,8,060012460120211001,PKK0000084585,I,,POINT (124276.73009999841 428390.3253000006)
kunstoverweg_wegvak.325,Viaduct,0,VIAD.IN RW. 2 VBW. g ='KP.DEIL',288259016,2021-10-01T00:00:00,138,028825901620211001,PKK0000084589,I,,POINT (144147.3836000003 429616.79399999976)
kunstoverweg_wegvak.326,Viaduct,0,VIAD.IN RW.15 VBW. v ='KP.DEIL',287259024,2021-10-01T00:00:00,209,028725902420211001,PKK0000084590,I,,POINT (144039.6442000009 429822.8555999994)
kunstoverweg_wegvak.327,Viaduct,0,VIAD.IN RW. 15 (R.RIJB.) ='KP.DEIL',287259024,2021-10-01T00:00:00,191,028725902420211001,PKK0000084591,I,,POINT (144031.30810000002 429838.80889999866)
kunstoverweg_wegvak.328,Viaduct,0,VIAD.IN RW. 15 (L.RIJB.) ='KP.DEIL',287259024,2021-10-01T00:00:00,176,028725902420211001,PKK0000084592,I,,POINT (144024.36140000075 429852.10339999944)
kunstoverweg_wegvak.329,Viaduct,0,VIAD.IN RANG.BAAN y ='KP.DEIL',287259024,2021-10-01T00:00:00,159,028725902420211001,PKK0000084593,I,,POINT (144016.48840000108 429867.1704000011)
kunstoverweg_wegvak.330,Viaduct,0,VIAD. I/D BETUWELIJN,600129627,2021-10-01T00:00:00,509,060012962720211001,PKK0000084594,I,,POINT (144117.72580000013 430091.5795000009)
kunstoverweg_wegvak.331,Viaduct,0,VIAD. I/D RIVIERENLANDLAAN,600254692,2021-10-01T00:00:00,607,060025469220211001,PKK0000084600,I,,POINT (157142.79309999943 434654.97289999947)
kunstoverweg_wegvak.332,Viaduct,0,VIAD.I/D RW. 15 VBW. h,361271012,2021-10-01T00:00:00,37,036127101220211001,PKK0000084609,I,,POINT (180990.2025000006 435705.5011)
kunstoverweg_wegvak.333,Viaduct,0,VIAD.'ALIDA 2017'IN RW.  9 (VBW. t) ='KP.HOLENDRECHT',600124084,2021-10-01T00:00:00,1415,060012408420211001,PKK0000083540,I,,POINT (124292.24230000004 479113.182599999)
kunstoverweg_wegvak.334,Viaduct,0,VIAD.'ALIDA 2017'IN RW.  9 (R.RIJB.) ='KP.HOLENDRECHT',248358020,2021-10-01T00:00:00,435,024835802020211001,PKK0000083541,I,,POINT (124287.51850000024 479097.5423000008)
kunstoverweg_wegvak.335,Viaduct,0,VIAD.'ALIDA 2017'IN RW.  9 (R.RIJB.) ='KP.HOLENDRECHT',600124084,2021-10-01T00:00:00,1397,060012408420211001,PKK0000083541,I,,POINT (124300.44550000131 479097.16050000116)
kunstoverweg_wegvak.336,Viaduct,0,VIAD.'ALIDA 2017',248358020,2021-10-01T00:00:00,450,024835802020211001,PKK0000083542,I,,POINT (124294.76960000023 479084.41230000183)
kunstoverweg_wegvak.337,Viaduct,0,VIAD.'ALIDA 2017',600124084,2021-10-01T00:00:00,1382,060012408420211001,PKK0000083542,I,,POINT (124307.28139999881 479083.8088000007)
kunstoverweg_wegvak.338,Viaduct,0,VIAD.'SNIPWIJK 2017'IN VBW.g ='KP.HOLENDRECHT',248358020,2021-10-01T00:00:00,862,024835802020211001,PKK0000083543,I,,POINT (124486.56909999996 478719.8618000001)
kunstoverweg_wegvak.339,Viaduct,0,VIAD.'SNIPWIJK 2017'IN VBW.g ='KP.HOLENDRECHT',600124084,2021-10-01T00:00:00,971,060012408420211001,PKK0000083543,I,,POINT (124497.45729999989 478719.46660000086)
kunstoverweg_wegvak.340,Viaduct,0,FIETSBRUG I/H MEIBERGPAD,248358020,2021-10-01T00:00:00,1283,024835802020211001,PKK0000083544,I,,POINT (124679.20699999854 478345.5251000002)
kunstoverweg_wegvak.341,Viaduct,0,FIETSBRUG I/H MEIBERGPAD,600124084,2021-10-01T00:00:00,549,060012408420211001,PKK0000083544,I,,POINT (124694.54670000076 478346.3850999996)
kunstoverweg_wegvak.342,Viaduct,0,VIAD.IN VBW.r ='KP.HOLENDRECHT',248358020,2021-10-01T00:00:00,1903,024835802020211001,PKK0000083545,I,,POINT (124963.42500000075 477794.66059999913)
kunstoverweg_wegvak.343,Viaduct,0,VIAD.IN VBW.r ='KP.HOLENDRECHT',600124085,2021-10-01T00:00:00,888,060012408520211001,PKK0000083545,I,,POINT (124984.11149999872 477798.6843999997)
kunstoverweg_wegvak.344,Viaduct,0,VIAD.'HOGENDIJK'IN RW. 9 ='KP.HOLENDRECHT',248358020,2021-10-01T00:00:00,2074,024835802020211001,PKK0000083546,I,,POINT (125042.40509999916 477642.99280000106)
kunstoverweg_wegvak.345,Viaduct,0,VIAD.'HOGENDIJK'IN RW. 9 ='KP.HOLENDRECHT',600124085,2021-10-01T00:00:00,719,060012408520211001,PKK0000083546,I,,POINT (125060.25939999893 477647.8125)
kunstoverweg_wegvak.346,Viaduct,0,VIAD.I/D TER AASEWEG,600125862,2021-10-01T00:00:00,301,060012586220211001,PKK0000083548,I,,POINT (127626.5588000007 466951.22250000015)
kunstoverweg_wegvak.347,Viaduct,0,VIAD.I/D TER AASEWEG,255341016,2021-10-01T00:00:00,3766,025534101620211001,PKK0000083548,I,,POINT (127579.62090000138 466953.45270000026)
kunstoverweg_wegvak.348,Brug,0,FIIETS VIAD. RIJNEVELDSE PAD,600125737,2021-10-01T00:00:00,1413,060012573720211001,PKK0000083549,I,,POINT (128941.09459999949 461215.1854999997)
kunstoverweg_wegvak.349,Brug,0,FIIETS VIAD. RIJNEVELDSE PAD,257322005,2021-10-01T00:00:00,272,025732200520211001,PKK0000083549,I,,POINT (128901.46840000153 461199.3872000016)
kunstoverweg_wegvak.350,Viaduct,0,VIAD. 'VERBINDINGSWEG' I/D MAARSSENSEWEG,600125738,2021-10-01T00:00:00,1216,060012573820211001,PKK0000083550,I,,POINT (129935.1763000004 459665.3834999986)
kunstoverweg_wegvak.351,Viaduct,0,VIAD. 'VERBINDINGSWEG' I/D MAARSSENSEWEG,257322005,2021-10-01T00:00:00,2153,025732200520211001,PKK0000083550,I,,POINT (129910.78759999946 459641.2027999982)
kunstoverweg_wegvak.352,Viaduct,0,"VIAD.""ZUILENSE RING""I/D ZUILENSE RING=N230",600125738,2021-10-01T00:00:00,101,060012573820211001,PKK0000083551,I,,POINT (130761.49720000103 458920.9367999993)
kunstoverweg_wegvak.353,Viaduct,0,"VIAD.""ZUILENSE RING""I/D ZUILENSE RING=N230",260319030,2021-10-01T00:00:00,989,026031903020211001,PKK0000083551,I,,POINT (130750.2221999988 458904.3238000013)
kunstoverweg_wegvak.354,Viaduct,0,"VIAD.""ZUILENSE RING""I/D ZUILENSE RING=N230",600125738,2021-10-01T00:00:00,81,060012573820211001,PKK0000083552,I,,POINT (130778.18169999868 458909.9083000012)
kunstoverweg_wegvak.355,Viaduct,0,"VIAD.""ZUILENSE RING""I/D ZUILENSE RING=N230",260319030,2021-10-01T00:00:00,1009,026031903020211001,PKK0000083552,I,,POINT (130766.90300000086 458893.28979999945)
kunstoverweg_wegvak.356,Viaduct,0,"VIAD.""LAGE WEIDE""I/D SOESTWETERING",600127264,2021-10-01T00:00:00,4718,060012726420211001,PKK0000083553,I,,POINT (132087.85700000077 458024.2833000012)
kunstoverweg_wegvak.357,Viaduct,0,"VIAD.""LAGE WEIDE""I/D SOESTWETERING",261317053,2021-10-01T00:00:00,1492,026131705320211001,PKK0000083553,I,,POINT (132072.40689999983 458010.6490999982)
kunstoverweg_wegvak.358,Viaduct,0,"VIAD.""VERKEERSPLEIN HOOGGELEGEN""I/D DOM.MARTIN LUTH.KINGLAAN",600127264,2021-10-01T00:00:00,802,060012726420211001,PKK0000083554,I,,POINT (133632.8273999989 454589.91600000113)
kunstoverweg_wegvak.359,Viaduct,0,"VIAD.""VERKEERSPLEIN HOOGGELEGEN""I/D DOM.MARTIN LUTH.KINGLAAN",261317053,2021-10-01T00:00:00,5391,026131705320211001,PKK0000083554,I,,POINT (133609.1873999983 454593.7089000009)
kunstoverweg_wegvak.360,Viaduct,0,"VIAD.""VERKEERSPLEIN HOOGGELEGEN""I/D DOM.MARTIN LUTH.KINGLAAN",600127264,2021-10-01T00:00:00,780,060012726420211001,PKK0000083555,I,,POINT (133628.37330000103 454568.3735000007)
kunstoverweg_wegvak.361,Viaduct,0,"VIAD.""VERKEERSPLEIN HOOGGELEGEN""I/D DOM.MARTIN LUTH.KINGLAAN",261317053,2021-10-01T00:00:00,5413,026131705320211001,PKK0000083555,I,,POINT (133604.99570000172 454572.11190000176)
kunstoverweg_wegvak.362,Viaduct,0,VIAD. I/D BUSLAAN,267308020,2021-10-01T00:00:00,73,026730802020211001,PKK0000083556,I,,POINT (133487.68939999864 454081.24010000005)
kunstoverweg_wegvak.363,Viaduct,0,VIAD. I/D BUSLAAN,600127264,2021-10-01T00:00:00,273,060012726420211001,PKK0000083556,I,,POINT (133503.2787999995 454077.10339999944)
kunstoverweg_wegvak.364,Viaduct,0,"VIAD.""MARINUS VAN TYRUSVIADUCT""I/D MARINUS VAN TYRUSLAAN",267308020,2021-10-01T00:00:00,120,026730802020211001,PKK0000083557,I,,POINT (133476.23429999873 454035.6574999988)
kunstoverweg_wegvak.365,Viaduct,0,"VIAD.""MARINUS VAN TYRUSVIADUCT""I/D MARINUS VAN TYRUSLAAN",600127264,2021-10-01T00:00:00,226,060012726420211001,PKK0000083557,I,,POINT (133491.8473000005 454031.5150000006)
kunstoverweg_wegvak.366,Viaduct,0,VIAD.IN VBW.h ='KP.OUDENRIJN',266304039,2021-10-01T00:00:00,781,026630403920211001,PKK0000083558,I,,POINT (133315.7157999985 453305.7278999984)
kunstoverweg_wegvak.367,Viaduct,0,VIAD.IN VBW.h ='KP.OUDENRIJN',267308020,2021-10-01T00:00:00,859,026730802020211001,PKK0000083558,I,,POINT (133306.58879999816 453316.44000000134)
kunstoverweg_wegvak.368,Viaduct,0,VIAD.IN VBW.g ='KP.OUDENRIJN',266304039,2021-10-01T00:00:00,214,026630403920211001,PKK0000083559,I,,POINT (133173.08839999884 452756.9629999995)
kunstoverweg_wegvak.369,Viaduct,0,VIAD.IN VBW.u ='KP.EVERDINGEN',269287019,2021-10-01T00:00:00,417,026928701920211001,PKK0000083562,I,,POINT (135247.3729000017 443354.0621000007)
kunstoverweg_wegvak.370,Viaduct,0,VIAD.IN RW. 27 (L.RIJB.) ='KP.EVERDINGEN',600129336,2021-10-01T00:00:00,782,060012933620211001,PKK0000083563,I,,POINT (135442.77210000157 443138.7595999986)
kunstoverweg_wegvak.371,Viaduct,0,VIAD.IN RW. 27 (R.RIJB.) ='KP.EVERDINGEN',600129336,2021-10-01T00:00:00,764,060012933620211001,PKK0000083564,I,,POINT (135453.7991000004 443124.53269999847)
kunstoverweg_wegvak.372,Viaduct,0,VIAD.IN VBW.t ='KP.EVERDINGEN',600129336,2021-10-01T00:00:00,441,060012933620211001,PKK0000083565,I,,POINT (135641.04690000042 442861.4527999982)
kunstoverweg_wegvak.373,Viaduct,0,VIAD.'KOSTVERLOPEN'I/D AUTENASEKADE,600127796,2021-10-01T00:00:00,3084,060012779620211001,PKK0000083566,I,,POINT (136127.62539999932 442080.26619999856)
kunstoverweg_wegvak.374,Viaduct,0,VIAD.'KOSTVERLOPEN'I/D AUTENASEKADE,271285012,2021-10-01T00:00:00,480,027128501220211001,PKK0000083566,I,,POINT (136107.42810000107 442066.4759000018)
kunstoverweg_wegvak.375,Ecoduct,0,ECODUCT I/D,271285012,2021-10-01T00:00:00,985,027128501220211001,PKK0000083567,I,,POINT (136373.84099999815 441637.4664000012)
kunstoverweg_wegvak.376,Viaduct,0,VIAD.I/D DIEFDIJK,600128534,2021-10-01T00:00:00,797,060012853420211001,PKK0000083569,I,,POINT (138991.84420000017 438825.9888000004)
kunstoverweg_wegvak.377,Viaduct,0,VIAD. I/D BETUWELIJN,600129501,2021-10-01T00:00:00,332,060012950120211001,PKK0000083573,I,,POINT (143960.20690000057 430047.7485000007)
kunstoverweg_wegvak.378,Viaduct,0,VIAD.IN RANG.BAAN y ='KP.DEIL',600129501,2021-10-01T00:00:00,134,060012950120211001,PKK0000083574,I,,POINT (144051.92240000144 429872.27120000124)
kunstoverweg_wegvak.379,Viaduct,0,VIAD.IN RW. 15 (L.RIJB.) ='KP.DEIL',287261012,2021-10-01T00:00:00,920,028726101220211001,PKK0000083575,I,,POINT (144044.04850000143 429850.4045000002)
kunstoverweg_wegvak.380,Viaduct,0,VIAD.IN RW. 15 (R.RIJB.) ='KP.DEIL',287261012,2021-10-01T00:00:00,937,028726101220211001,PKK0000083576,I,,POINT (144051.9237000011 429835.3385999985)
kunstoverweg_wegvak.381,Viaduct,0,VIAD.IN RW.15 VBW. v ='KP.DEIL',287261012,2021-10-01T00:00:00,954,028726101220211001,PKK0000083577,I,,POINT (144059.79899999872 429820.2727999985)
kunstoverweg_wegvak.382,Viaduct,0,VIAD.'DE EEUWERDEN'IN RW. 15 VBW. g ='KP.DEIL',288259023,2021-10-01T00:00:00,135,028825902320211001,PKK0000083578,I,,POINT (144161.00169999897 429626.68360000104)
kunstoverweg_wegvak.383,Viaduct,0,VIAD.'DE EEUWERDEN'IN RW. 15 VBW. g ='KP.DEIL',600128564,2021-10-01T00:00:00,684,060012856420211001,PKK0000083578,I,,POINT (144175.58509999886 429635.6598000005)
kunstoverweg_wegvak.384,Viaduct,0,FIETS-VOETG.VIAD.,600434054,2021-02-01T00:00:00,96,060043405420210201,PKK0000079974,I,,POINT (126512.97599999979 480082.14339999855)
kunstoverweg_wegvak.385,Viaduct,0,FIETS-VOETG.VIAD.,600449023,2021-05-01T00:00:00,148,060044902320210501,PKK0000081259,I,,POINT (126441.23279999942 479990.25869999826)
kunstoverweg_wegvak.386,Viaduct,0,VIAD. I/D RW 012,600146922,2021-05-01T00:00:00,72,060014692220210501,PKK0000081262,I,,POINT (195489.46930000186 443939.81599999964)
kunstoverweg_wegvak.387,Viaduct,0,VIAD.I/D TIELSESTRAAT FIETSBRUG,600142881,2021-08-01T00:00:00,52,060014288120210801,PKK0000081289,I,,POINT (181991.32759999856 435073.51209999993)
kunstoverweg_wegvak.388,Viaduct,0,VIAD.I/D TIELSESTRAAT,600142881,2021-08-01T00:00:00,44,060014288120210801,PKK0000081290,I,,POINT (181997.92330000177 435068.98490000144)
kunstoverweg_wegvak.389,Viaduct,0,VIAD.I/D TIELSESTRAAT FIETSBRUG,600142881,2021-08-01T00:00:00,38,060014288120210801,PKK0000081291,I,,POINT (182002.8702000007 435065.58940000087)
kunstoverweg_wegvak.390,Viaduct,0,VIAD.'BUREVELD'I/D UNIVERSITEITSWEG,280311003,2021-08-01T00:00:00,560,028031100320210801,PKK0000080417,I,,POINT (140780.97150000185 456038.96510000154)
kunstoverweg_wegvak.391,Viaduct,0,VIAD.'BUREVELD'I/D UNIVERSITEITSWEG,280311003,2021-08-01T00:00:00,581,028031100320210801,PKK0000080418,I,,POINT (140801.93290000036 456037.69299999997)
kunstoverweg_wegvak.392,Viaduct,0,VIAD.'OOSTBROEK'I/D BUNNIKSEWEG,281312031,2021-09-01T00:00:00,426,028131203120210901,PKK0000080419,I,,POINT (141249.2291000001 456012.1816999987)
kunstoverweg_wegvak.393,Viaduct,0,VIAD. METRO,600107661,2022-02-01T00:00:00,825,060010766120220201,PKK0000081921,I,,POINT (86246.83320000023 432341.9470999986)
kunstoverweg_wegvak.394,Viaduct,0,VIAD. I/D RW 15 VBW. g,196263025,2021-08-01T00:00:00,363,019626302520210801,PKK0000081925,I,,POINT (98613.64220000058 431850.373300001)
kunstoverweg_wegvak.395,Brug,0,BRUG O/D,600127254,2021-08-01T00:00:00,201,060012725420210801,PKK0000067762,I,,POINT (132889.27749999985 448734.98580000177)
kunstoverweg_wegvak.396,Viaduct,0,VIAD.I/D ROZENPAS,424279049,2022-11-01T00:00:00,1365,042427904920221101,PKK0000084470,I,,POINT (213633.2045999989 439872.76089999825)
kunstoverweg_wegvak.397,Viaduct,0,VIAD.I/D DOETINCHEMSEWEG,600149703,2021-10-01T00:00:00,1426,060014970320211001,PKK0000084474,I,,POINT (216454.95529999956 439860.6053000018)
kunstoverweg_wegvak.398,Ecoduct,0,ECOD.'ECODUCT KOEKENDAAL 2020',436280048,2021-10-01T00:00:00,1563,043628004820211001,PKK0000084475,I,,POINT (219825.0571999997 440517.2489)
kunstoverweg_wegvak.399,Ecoduct,0,ECOD.'ECODUCT KOEKENDAAL 2020',600149752,2021-10-01T00:00:00,4094,060014975220211001,PKK0000084475,I,,POINT (219827.28240000084 440530.4149999991)
kunstoverweg_wegvak.400,Viaduct,0,VIAD.'DE WRANGE'I/D REKHEMSEWEG,436280048,2021-10-01T00:00:00,1789,043628004820211001,PKK0000084476,I,,POINT (220049.1057999991 440546.65839999914)
kunstoverweg_wegvak.401,Viaduct,0,VIAD.'DE WRANGE'I/D REKHEMSEWEG,600149752,2021-10-01T00:00:00,3869,060014975220211001,PKK0000084476,I,,POINT (220050.3861999996 440559.3381000012)
kunstoverweg_wegvak.402,Viaduct,0,VIAD.'DE GAANDERHEI'I/D PEPPELMANSDIJK,436280048,2021-10-01T00:00:00,4492,043628004820211001,PKK0000084477,I,,POINT (222672.2589999996 440032.3850999996)
kunstoverweg_wegvak.403,Viaduct,0,VIAD.'DE GAANDERHEI'I/D PEPPELMANSDIJK,600149752,2021-10-01T00:00:00,1179,060014975220211001,PKK0000084477,I,,POINT (222660.80409999937 440047.6114999987)
kunstoverweg_wegvak.404,Viaduct,0,VIAD.,471291034,2021-10-01T00:00:00,667,047129103420211001,PKK0000084482,I,,POINT (236574.0725999996 446075.48050000146)
kunstoverweg_wegvak.405,Viaduct,0,VIAD.'TOSVELD 2018'I/D NEEDSEWEG,496333011,2022-05-01T00:00:00,8130,049633301120220501,PKK0000084485,I,,POINT (242971.61439999938 461488.73209999874)
kunstoverweg_wegvak.406,Viaduct,0,VIAD.'HET ROU HOF 2018'I/D KATTENDAMSEWEG,485322009,2022-05-01T00:00:00,3868,048532200920220501,PKK0000084487,I,,POINT (244907.9739000015 464727.69860000163)
kunstoverweg_wegvak.407,Viaduct,0,VIAD.'HET ROU HOF 2018'I/D KATTENDAMSEWEG,496333011,2022-05-01T00:00:00,4265,049633301120220501,PKK0000084487,I,,POINT (244903.86710000038 464736.10990000144)
kunstoverweg_wegvak.408,Viaduct,0,VIAD.'KOLDEVELD 2018'I/D GOORSESTRAAT,485322009,2022-05-01T00:00:00,4966,048532200920220501,PKK0000084488,I,,POINT (245656.34059999883 465520.8431000002)
kunstoverweg_wegvak.409,Viaduct,0,VIAD.'KOLDEVELD 2018'I/D GOORSESTRAAT,496333011,2022-05-01T00:00:00,3168,049633301120220501,PKK0000084488,I,,POINT (245650.67969999835 465529.2895000018)
kunstoverweg_wegvak.410,Viaduct,0,VIAD.'EPPENZOLDER 2018'I/D HENGELOSESTRAAT,485322009,2022-05-01T00:00:00,7218,048532200920220501,PKK0000084489,I,,POINT (247411.01410000026 466827.09420000017)
kunstoverweg_wegvak.411,Viaduct,0,VIAD.'EPPENZOLDER 2018'I/D HENGELOSESTRAAT,496333011,2022-05-01T00:00:00,914,049633301120220501,PKK0000084489,I,,POINT (247407.30200000107 466838.08940000087)
kunstoverweg_wegvak.412,Viaduct,0,VIAD.'VELDMAAT 20118'I/D KOLENBRANDERWEG,496333012,2022-05-01T00:00:00,404,049633301220220501,PKK0000084490,I,,POINT (248732.86199999973 466827.85379999876)
kunstoverweg_wegvak.413,Viaduct,0,VIAD.'VELDMAAT 20118'I/D KOLENBRANDERWEG,501332004,2022-05-01T00:00:00,2216,050133200420220501,PKK0000084490,I,,POINT (248738.04809999838 466838.1655000001)
kunstoverweg_wegvak.414,Viaduct,0,VIAD.'HANENBERG 2018'I/D GEUKERDIJK,498333011,2022-05-01T00:00:00,474,049833301120220501,PKK0000084491,I,,POINT (249572.52899999917 466571.79019999877)
kunstoverweg_wegvak.415,Viaduct,0,VIAD.'HANENBERG 2018'I/D GEUKERDIJK,501332004,2022-05-01T00:00:00,1334,050133200420220501,PKK0000084491,I,,POINT (249577.42969999835 466581.06430000067)
kunstoverweg_wegvak.416,Viaduct,0,VIAD.'BADWEG 2018'I/D BADWEG,501332003,2021-10-01T00:00:00,1939,050133200320211001,PKK0000084492,I,,POINT (252331.35379999876 467490.7091999985)
kunstoverweg_wegvak.417,Viaduct,0,VIAD.'BADWEG 2018'I/D BADWEG,506338019,2021-10-01T00:00:00,2144,050633801920211001,PKK0000084492,I,,POINT (252325.0789999999 467501.8531000018)
kunstoverweg_wegvak.418,Viaduct,0,VIAD.I/D GROENEDIJK,600107656,2021-10-01T00:00:00,4390,060010765620211001,PKK0000084396,I,,POINT (87845.36780000106 432098.9578000009)
kunstoverweg_wegvak.419,Viaduct,0,FIETSVIADUCT I/D BLANKERTSEWEG,298260004,2021-10-01T00:00:00,696,029826000420211001,PKK0000084437,I,,POINT (149740.89020000026 430323.32389999926)
kunstoverweg_wegvak.420,Viaduct,0,VIAD.  BLANKERTSEWEG'I/D BLANKERTSEWEG,298260004,2021-10-01T00:00:00,706,029826000420211001,PKK0000084438,I,,POINT (149750.2815000005 430326.7595000006)
kunstoverweg_wegvak.421,Viaduct,0,VIAD. I/D CUNERAWEG FIETSBRUG,333273042,2021-10-01T00:00:00,1050,033327304220211001,PKK0000084449,I,,POINT (167713.1596999988 436825.6037000008)
kunstoverweg_wegvak.422,Viaduct,0,VIAD.I/D BIEVANKWEG,415275012,2021-10-01T00:00:00,24,041527501220211001,PKK0000084465,I,,POINT (207739.04039999843 437599.4871999994)
kunstoverweg_wegvak.423,Viaduct,0,VIAD.I/D BIEVANKWEG,600148242,2021-10-01T00:00:00,409,060014824220211001,PKK0000084465,I,,POINT (207733.07779999822 437611.9490999989)
kunstoverweg_wegvak.424,Viaduct,0,VIAD.I/D WEHLSEWEG,423279017,2021-10-01T00:00:00,389,042327901720211001,PKK0000084469,I,,POINT (212263.2344999984 439917.82880000025)
kunstoverweg_wegvak.425,Viaduct,0,VIAD.I/D DOETINCHEMSEWEG,432279006,2022-11-01T00:00:00,478,043227900620221101,PKK0000084474,I,,POINT (216456.4096999988 439847.4633000009)
kunstoverweg_wegvak.426,Viaduct,0,VIAD.'TOSVELD 2018'I/D NEEDSEWEG,485322009,2022-05-01T00:00:00,3,048532200920220501,PKK0000084485,I,,POINT (242976.23970000073 461479.7853000015)
kunstoverweg_wegvak.427,Viaduct,0,VIAD.'DRIEVLIET'IN RW.915,600113395,2021-10-01T00:00:00,814,060011339520211001,PKK0000084414,I,,POINT (103209.1939000003 430076.43829999864)
kunstoverweg_wegvak.428,Viaduct,0,VIAD.I/D BEDIENINGSVERKEERSWEG,600280199,2021-10-01T00:00:00,1093,060028019920211001,PKK0000084415,I,,POINT (104908.64959999919 430152.52149999887)
kunstoverweg_wegvak.429,Viaduct,0,VIAD.'DE ZIEUWE'I/D EDISONWEG,600120002,2021-10-01T00:00:00,339,060012000220211001,PKK0000084416,I,,POINT (106103.04569999874 429397.4266999997)
kunstoverweg_wegvak.430,Viaduct,0,VIAD.'DE ZIEUWE'I/D EDISONWEG,211259011,2021-10-01T00:00:00,313,021125901120211001,PKK0000084417,I,,POINT (106107.1939000003 429370.84120000154)
kunstoverweg_wegvak.431,Viaduct,0,VIAD.I/D PEULENLAAN,228252106,2021-10-01T00:00:00,496,022825210620211001,PKK0000084422,I,,POINT (114843.31810000166 426207.51089999825)
kunstoverweg_wegvak.432,Viaduct,0,VIAD. I/D PEULENSTRAAT,600123310,2021-10-01T00:00:00,24,060012331020211001,PKK0000084423,I,,POINT (117233.35200000182 426261.6845000014)
kunstoverweg_wegvak.433,Viaduct,4.0999999,VIAD.I/D KON.WILHELMINALAAN                            %4.10,600124113,2021-10-01T00:00:00,356,060012411320211001,PKK0000084424,I,,POINT (120116.1763000004 427123.3035000004)
kunstoverweg_wegvak.434,Viaduct,0,VIAD.I/D BANNEWEG =N216,600124116,2021-10-01T00:00:00,1771,060012411620211001,PKK0000084425,I,,POINT (124237.08240000159 428410.3729000017)
kunstoverweg_wegvak.435,Viaduct,0,VIAD.IN RANG.BAAN y ='KP.GORINCHEM',247256014,2021-10-01T00:00:00,1259,024725601420211001,PKK0000084427,I,,POINT (124876.12110000104 428685.19689999893)
kunstoverweg_wegvak.436,Viaduct,0,VIAD.IN RW. 27 ='KP.GORINCHEM',247256014,2021-10-01T00:00:00,1290,024725601420211001,PKK0000084428,I,,POINT (124906.57930000126 428690.95980000123)
kunstoverweg_wegvak.437,Viaduct,0,VIAD.IN RANG.BAAN x ='KP.GORINCHEM',247256014,2021-10-01T00:00:00,1325,024725601420211001,PKK0000084429,I,,POINT (124941.08700000122 428696.80150000006)
kunstoverweg_wegvak.438,Viaduct,0,VIAD. O/D MOLLENBURGSEWEG,600125580,2021-10-01T00:00:00,2215,060012558020211001,PKK0000084430,I,,POINT (125949.65019999817 428750.02650000155)
kunstoverweg_wegvak.439,Viaduct,0,VIAD.'SPIJK'I/D SPIJKSESTEEG,600125581,2021-10-01T00:00:00,347,060012558120211001,PKK0000084431,I,,POINT (128556.92210000008 428384.249499999)
kunstoverweg_wegvak.440,Viaduct,0,VIAD.'DE WEVER'I/D MOLENWEG,600126997,2022-02-01T00:00:00,2150,060012699720220201,PKK0000084432,I,,POINT (131796.495099999 427952.89290000126)
kunstoverweg_wegvak.441,Viaduct,0,VIAD.'DE MERT'I/D NIEUWE STEEG,600127005,2021-10-01T00:00:00,1233,060012700520211001,PKK0000084434,I,,POINT (137391.85720000044 428824.6270000003)
kunstoverweg_wegvak.442,Viaduct,0,VIAD.'BOUTENSTEIN'I/D BOUTENSTEINSCHEWEG,282257015,2021-10-01T00:00:00,747,028225701520211001,PKK0000084435,I,,POINT (141837.72309999913 428956.1398999989)
kunstoverweg_wegvak.443,Viaduct,0,VIAD.I/D RIJKSSTRAATWEG,600432542,2021-10-01T00:00:00,1533,060043254220211001,PKK0000084436,I,,POINT (147721.07400000095 430039.91860000044)
kunstoverweg_wegvak.444,Viaduct,0,VIAD.  BLANKERTSEWEG'I/D BLANKERTSEWEG,600135472,2021-10-01T00:00:00,596,060013547220211001,PKK0000084438,I,,POINT (149744.5896999985 430337.0832999982)
kunstoverweg_wegvak.445,Viaduct,0,VIAD.I/D HEERSTEEG,600135508,2021-10-01T00:00:00,1311,060013550820211001,PKK0000084440,I,,POINT (153364.87319999933 432685.3933000006)
kunstoverweg_wegvak.446,Viaduct,0,VIAD.I/D PR.WILLEM ALEXANDERWEG =N323,600137791,2023-01-01T00:00:00,360,060013779120230101,PKK0000084445,I,,POINT (161861.04930000007 436091.6563999988)
kunstoverweg_wegvak.447,Viaduct,0,VIAD. I/D CUNERAWEG,600141258,2021-10-01T00:00:00,506,060014125820211001,PKK0000084448,I,,POINT (167691.66640000045 436838.30139999837)
kunstoverweg_wegvak.448,Viaduct,0,VIAD. I/D CUNERAWEG FIETSBRUG,600141258,2021-10-01T00:00:00,485,060014125820211001,PKK0000084449,I,,POINT (167712.65080000088 436839.11089999974)
kunstoverweg_wegvak.449,Viaduct,0,VIAD. I/D DALWAGEN,600140245,2021-10-01T00:00:00,576,060014024520211001,PKK0000084451,I,,POINT (172844.55209999904 436933.6059000008)
kunstoverweg_wegvak.450,Viaduct,0,VIAD.I/D KERKSTRAAT,600140247,2021-10-01T00:00:00,1657,060014024720211001,PKK0000084452,I,,POINT (174566.49720000103 436715.2686999999)
kunstoverweg_wegvak.451,Viaduct,0,VIAD.I/D RW. 15 VBW. h,361271014,2021-10-01T00:00:00,37,036127101420211001,PKK0000084455,I,,POINT (180996.07030000165 435711.3618000001)
kunstoverweg_wegvak.452,Viaduct,0,VIAD.I/D RW. 50 VBW. w,361271014,2021-10-01T00:00:00,242,036127101420211001,PKK0000084456,I,,POINT (181166.04080000147 435596.75360000134)
kunstoverweg_wegvak.453,Viaduct,0,VIAD.I/D RW. 50,600143263,2021-10-01T00:00:00,1147,060014326320211001,PKK0000084457,I,,POINT (181200.28090000153 435589.72740000114)
kunstoverweg_wegvak.454,Viaduct,0,VIAD.I/D RW. 15 VBW. j,600143263,2021-10-01T00:00:00,1118,060014326320211001,PKK0000084458,I,,POINT (181224.3205000013 435573.507100001)
kunstoverweg_wegvak.455,Viaduct,0,VIAD.I/D RW. 50 VBW. t,600143263,2021-10-01T00:00:00,895,060014326320211001,PKK0000084459,I,,POINT (181409.17689999938 435448.7789000012)
kunstoverweg_wegvak.456,Viaduct,0,VIAD.I/D TIELSESTRAAT,600143263,2021-10-01T00:00:00,190,060014326320211001,PKK0000084461,I,,POINT (181993.58830000088 435054.4587999992)
kunstoverweg_wegvak.457,Viaduct,0,VIAD.I/D TIELSESTRAAT FIETSBRUG,600143263,2021-10-01T00:00:00,183,060014326320211001,PKK0000084462,I,,POINT (181999.39090000093 435050.54360000044)
kunstoverweg_wegvak.458,Viaduct,0,VIAD.I/D GRIFTDIJK,600267500,2021-10-01T00:00:00,254,060026750020211001,PKK0000084463,I,,POINT (185937.11019999906 434029.0960999988)
kunstoverweg_wegvak.459,Viaduct,0,VIAD.I/D SMALLESTRAAT,416275004,2021-10-01T00:00:00,222,041627500420211001,PKK0000084466,I,,POINT (208279.44900000095 438106.1534000002)
kunstoverweg_wegvak.460,Viaduct,0,VIAD.I/D BEEKSEWEG,416275004,2021-10-01T00:00:00,776,041627500420211001,PKK0000084467,I,,POINT (208683.6013999991 438485.06870000064)
kunstoverweg_wegvak.461,Viaduct,0,VIAD.I/D BEEKSEWEG,600148591,2021-10-01T00:00:00,688,060014859120211001,PKK0000084468,I,,POINT (211054.10660000145 439781.9957999997)
kunstoverweg_wegvak.462,Viaduct,0,VIAD.I/D ROZENPAS,600149234,2021-10-01T00:00:00,1815,060014923420211001,PKK0000084470,I,,POINT (213634.4098000005 439886.0234000012)
kunstoverweg_wegvak.463,Viaduct,0,VIAD. I/D LEMMERWEG N354,345519132,2022-03-01T00:00:00,267,034551913220220301,PKK0000089065,I,,POINT (172972.8808999993 559506.8156000003)
kunstoverweg_wegvak.464,Viaduct,0,VIAD. I/D LEMMERWEG N354,600140723,2022-03-01T00:00:00,258,060014072320220301,PKK0000089066,I,,POINT (173019.21930000186 559514.1352000013)
kunstoverweg_wegvak.465,Viaduct,0,VIAD. I/D LEMMERWEG N354,345519132,2022-03-01T00:00:00,313,034551913220220301,PKK0000089066,I,,POINT (173018.82620000094 559504.5729999989)
kunstoverweg_wegvak.466,Viaduct,0,VIAD. 'KRÜSRAK' I/D AKKERWINDE,600140730,2022-03-01T00:00:00,198,060014073020220301,PKK0000089067,I,,POINT (173477.6136999987 559491.742800001)
kunstoverweg_wegvak.653,Viaduct,0,VIAD.I/D VBW.p,600113473,2022-05-01T00:00:00,78,060011347320220501,PKK0000084639,I,,POINT (98595.70569999889 432581.4814000018)
kunstoverweg_wegvak.467,Viaduct,0,VIAD. 'KRÜSRAK' I/D AKKERWINDE,346518096,2022-03-01T00:00:00,201,034651809620220301,PKK0000089067,I,,POINT (173477.19359999895 559482.190299999)
kunstoverweg_wegvak.468,Viaduct,0,VIAD.I/D SUDWEI,600280287,2022-03-01T00:00:00,831,060028028720220301,PKK0000089068,I,,POINT (176387.53029999882 556878.4277999997)
kunstoverweg_wegvak.469,Viaduct,0,VIAD.I/D SUDWEI,600280286,2021-10-01T00:00:00,45,060028028620211001,PKK0000089068,I,,POINT (176377.98669999838 556870.5793000013)
kunstoverweg_wegvak.470,Viaduct,0,VIAD.'UITGANGEN'I/D PONTWEG LANGWEER,600141449,2022-03-01T00:00:00,690,060014144920220301,PKK0000089069,I,,POINT (177866.28330000117 555587.3049999997)
kunstoverweg_wegvak.471,Viaduct,0,VIAD.'UITGANGEN'I/D PONTWEG LANGWEER,600427661,2021-10-01T00:00:00,1149,060042766120211001,PKK0000089069,I,,POINT (177854.15560000017 555570.7859000005)
kunstoverweg_wegvak.472,Viaduct,0,VIAD.'HASKERPOARTE'I/D POLDERDIJK,370504005,2022-03-01T00:00:00,289,037050400520220301,PKK0000089070,I,,POINT (185665.78620000184 552492.6821999997)
kunstoverweg_wegvak.473,Viaduct,0,VIAD.'HASKERPOARTE'I/D POLDERDIJK,600143610,2022-03-01T00:00:00,1584,060014361020220301,PKK0000089070,I,,POINT (185665.24080000073 552512.7580999993)
kunstoverweg_wegvak.474,Viaduct,0,VIAD.'DE DOLTEN'I/D NIJE FJILDWEI,600144573,2022-03-01T00:00:00,1192,060014457320220301,PKK0000089071,I,,POINT (187479.9728000015 553112.262600001)
kunstoverweg_wegvak.475,Viaduct,0,VIAD.'DE DOLTEN'I/D NIJE FJILDWEI,374506026,2022-03-01T00:00:00,142,037450602620220301,PKK0000089071,I,,POINT (187486.2012999989 553092.7963999994)
kunstoverweg_wegvak.476,Viaduct,0,FIETS VIAD.I/D ZESTIENROEDEN,600144680,2022-03-01T00:00:00,46,060014468020220301,PKK0000089074,I,,POINT (192930.81329999864 555400.6878999993)
kunstoverweg_wegvak.477,Viaduct,0,VIAD.'WITTE BERGEN'I/D GOOYERGRACHT ZUID,288344051,2022-04-01T00:00:00,65,028834405120220401,PKK0000089498,I,,POINT (144286.79419999942 472119.22150000185)
kunstoverweg_wegvak.478,Viaduct,0,VIAD.'AENGWIRDEN'I/D ZESTIENROEDEN,600144680,2022-03-01T00:00:00,38,060014468020220301,PKK0000089075,I,,POINT (192938.2848000005 555403.5474000014)
kunstoverweg_wegvak.479,Viaduct,0,VIAD.'KOAISBOSK'I/D KOAISBOSK =N392,600146367,2022-03-01T00:00:00,797,060014636720220301,PKK0000089076,I,,POINT (196819.89070000127 559592.3088999987)
kunstoverweg_wegvak.480,Viaduct,0,VIAD.'KOAISBOSK'I/D KOAISBOSK =N392,393518015,2021-10-01T00:00:00,28,039351801520211001,PKK0000089076,I,,POINT (196836.98039999977 559581.7379000001)
kunstoverweg_wegvak.481,Viaduct,0,VIAD.'SWEACH'I/D BEEMSTERWEG,600146650,2022-03-01T00:00:00,1149,060014665020220301,PKK0000089077,I,,POINT (199664.127700001 564274.3522000015)
kunstoverweg_wegvak.482,Viaduct,0,VIAD.'SWEACH'I/D BEEMSTERWEG,399528020,2022-03-01T00:00:00,28,039952802020220301,PKK0000089077,I,,POINT (199680.47619999945 564261.7336000018)
kunstoverweg_wegvak.483,Viaduct,0,VIAD.'SUDEREIN'I/D ZUIDERHOGEWEG,600146451,2022-06-01T00:00:00,446,060014645120220601,PKK0000089078,I,,POINT (201814.5304000005 567229.7921000011)
kunstoverweg_wegvak.484,Viaduct,0,VIAD.'SUDEREIN'I/D ZUIDERHOGEWEG,403534015,2021-10-01T00:00:00,7,040353401520211001,PKK0000089078,I,,POINT (201827.65720000118 567221.7368000001)
kunstoverweg_wegvak.485,Viaduct,0,VIAD. FIETSERS,600146387,2022-06-01T00:00:00,636,060014638720220601,PKK0000089079,I,,POINT (204232.00429999828 568445.4904000014)
kunstoverweg_wegvak.486,Viaduct,0,VIAD. FIETSERS,403534015,2021-10-01T00:00:00,2700,040353401520211001,PKK0000089079,I,,POINT (204231.82239999995 568430.5830999985)
kunstoverweg_wegvak.487,Viaduct,0,VIAD.'WITTE BERGEN'I/D GOOYERGRACHT ZUID,600128577,2022-04-01T00:00:00,67,060012857720220401,PKK0000089500,I,,POINT (144328.5095999986 472144.84959999844)
kunstoverweg_wegvak.488,Viaduct,0,VIAD.'GOOILAND'IN VBW.h ='KP.EEMNES',600128244,2022-04-01T00:00:00,118,060012824420220401,PKK0000089501,I,,POINT (144745.93129999936 471784.3504000008)
kunstoverweg_wegvak.489,Viaduct,0,VIAD.'STUIVERSCHEKAN'I/D IT WERP,600140613,2022-03-01T00:00:00,310,060014061320220301,PKK0000089058,I,,POINT (170131.57330000028 561571.809799999)
kunstoverweg_wegvak.490,Viaduct,0,FIETS VIAD.I/D ZESTIENROEDEN,381509010,2022-03-01T00:00:00,1902,038150901020220301,PKK0000089074,I,,POINT (192936.3209999986 555380.6576999985)
kunstoverweg_wegvak.491,Viaduct,0,VIAD.'AENGWIRDEN'I/D ZESTIENROEDEN,381509010,2022-03-01T00:00:00,1909,038150901020220301,PKK0000089075,I,,POINT (192942.8632999994 555383.1473999992)
kunstoverweg_wegvak.492,Ecoduct,0,ECODUCT 'LAARDERHOOGT',600128126,2021-10-01T00:00:00,1659,060012812620211001,PKK0000089508,I,,POINT (142742.20270000026 475171.5221000016)
kunstoverweg_wegvak.493,Ecoduct,0,ECODUCT 'LAARDERHOOGT',285350015,2022-04-01T00:00:00,291,028535001520220401,PKK0000089508,I,,POINT (142731.98570000008 475166.26960000023)
kunstoverweg_wegvak.494,Viaduct,0,VIAD.'WITTE BERGEN'I/D GOOYERGRACHT ZUID,600128598,2022-04-01T00:00:00,86,060012859820220401,PKK0000089509,I,,POINT (144307.66789999977 472143.6618999988)
kunstoverweg_wegvak.495,Viaduct,0,VIAD.'WITTE BERGEN'I/D GOOYERGRACHT ZUID,287345021,2022-04-01T00:00:00,857,028734502120220401,PKK0000089509,I,,POINT (144298.79250000045 472125.8425000012)
kunstoverweg_wegvak.496,Viaduct,0,VIAD.'TOMATUVA'IN RW. 27 (L.RIJB.) ='KP.EEMNES',288344055,2022-04-01T00:00:00,704,028834405520220401,PKK0000089511,I,,POINT (144848.9149999991 471560.17119999975)
kunstoverweg_wegvak.497,Viaduct,0,VIAD.'TOMATUVA'IN RW. 27 (L.RIJB.) ='KP.EEMNES',600128597,2022-04-01T00:00:00,1595,060012859720220401,PKK0000089511,I,,POINT (144866.38309999928 471569.3233000003)
kunstoverweg_wegvak.498,Viaduct,0,VIAD. FIETS,492517033,2022-03-01T00:00:00,63,049251703320220301,PKK0000089140,I,,POINT (246201.07440000027 558943.5747999996)
kunstoverweg_wegvak.499,Viaduct,0,VIAD. FIETS,600152229,2021-10-01T00:00:00,579,060015222920211001,PKK0000089140,I,,POINT (246196.43939999864 558956.2520999983)
kunstoverweg_wegvak.500,Viaduct,0,VIAD.I/D N34,492517033,2022-03-01T00:00:00,246,049251703320220301,PKK0000089141,I,,POINT (246373.74130000174 559004.1975000016)
kunstoverweg_wegvak.501,Viaduct,0,VIAD.I/D N34,600152229,2021-10-01T00:00:00,396,060015222920211001,PKK0000089141,I,,POINT (246369.0122999996 559017.1414999999)
kunstoverweg_wegvak.502,Viaduct,0,VIAD.I/D N34,492517033,2022-03-01T00:00:00,402,049251703320220301,PKK0000089142,I,,POINT (246521.07600000128 559055.4662999995)
kunstoverweg_wegvak.503,Viaduct,0,VIAD.I/D N34,600152229,2021-10-01T00:00:00,240,060015222920211001,PKK0000089142,I,,POINT (246516.3136 559068.5062000006)
kunstoverweg_wegvak.504,Viaduct,0,VIAD.I/D BAREVELDSTRAAT,503525013,2022-03-01T00:00:00,1200,050352501320220301,PKK0000089143,I,,POINT (252620.4748999998 563375.7674000002)
kunstoverweg_wegvak.505,Viaduct,0,VIAD.I/D BAREVELDSTRAAT,600153711,2021-10-01T00:00:00,338,060015371120211001,PKK0000089143,I,,POINT (252617.68510000035 563394.5379000008)
kunstoverweg_wegvak.506,Viaduct,0,VIAD.I/D SPOORWEG WILDERVANK STADSKANAAL,505526049,2022-03-01T00:00:00,58,050552604920220301,PKK0000089144,I,,POINT (253011.9552000016 563507.8159000017)
kunstoverweg_wegvak.507,Viaduct,0,VIAD.I/D SPOORWEG WILDERVANK STADSKANAAL,600153709,2021-10-01T00:00:00,320,060015370920211001,PKK0000089144,I,,POINT (253011.25 563523.631000001)
kunstoverweg_wegvak.508,Viaduct,0,VIAD.'A7 (ZUID)'I/D RW7 VBW.x ='KP.ZUIDBROEK',511554008,2022-03-01T00:00:00,91,051155400820220301,PKK0000089145,I,,POINT (255748.2226999998 577017.9096999988)
kunstoverweg_wegvak.509,Viaduct,0,VIAD.'A7 (ZUID)'I/D RW7 VBW.x ='KP.ZUIDBROEK',600153678,2022-03-01T00:00:00,33,060015367820220301,PKK0000089145,I,,POINT (255765.692400001 577018.9376999997)
kunstoverweg_wegvak.510,Viaduct,0,VIAD.'A7 (ZUID)'I/D RW7 ='KP.ZUIDBROEK',511554008,2022-03-01T00:00:00,66,051155400820220301,PKK0000089146,I,,POINT (255746.70160000026 577042.8634000011)
kunstoverweg_wegvak.511,Viaduct,0,VIAD.'A7 (ZUID)'I/D RW7 ='KP.ZUIDBROEK',600153678,2022-03-01T00:00:00,58,060015367820220301,PKK0000089146,I,,POINT (255764.16180000082 577043.8907999992)
kunstoverweg_wegvak.512,Viaduct,0,VIAD.'A7 (NOORD)'I/D RW7 VBW.k ='KP.ZUIDBROEK',511554008,2022-03-01T00:00:00,41,051155400820220301,PKK0000089147,I,,POINT (255745.18050000072 577067.8170999996)
kunstoverweg_wegvak.513,Viaduct,0,VIAD.'A7 (NOORD)'I/D RW7 VBW.k ='KP.ZUIDBROEK',600153678,2022-03-01T00:00:00,83,060015367820220301,PKK0000089147,I,,POINT (255762.60200000182 577068.8420999981)
kunstoverweg_wegvak.514,Viaduct,0,VIAD.'GALGENWEG'IN VBW.t  ='KP.ZUIDBROEK',511555032,2022-03-01T00:00:00,297,051155503220220301,PKK0000089148,I,,POINT (255733.26680000126 577264.5117000006)
kunstoverweg_wegvak.515,Viaduct,0,VIAD.'GALGENWEG'IN VBW.t  ='KP.ZUIDBROEK',600153678,2022-03-01T00:00:00,279,060015367820220301,PKK0000089148,I,,POINT (255748.2826000005 577264.3154999986)
kunstoverweg_wegvak.516,Viaduct,0,VIAD.'KLINGEWEG'I/D KLINGEWEG,600153669,2022-04-01T00:00:00,760,060015366920220401,PKK0000089149,I,,POINT (255705.3729000017 578402.7730999999)
kunstoverweg_wegvak.517,Viaduct,0,VIAD.'KLINGEWEG'I/D KLINGEWEG,511557022,2022-04-01T00:00:00,146,051155702220220401,PKK0000089149,I,,POINT (255691.23180000111 578397.0879000016)
kunstoverweg_wegvak.518,Viaduct,0,VIAD.I/D HOLEWEG,600153192,2022-03-01T00:00:00,41,060015319220220301,PKK0000089153,I,,POINT (252880.9800999984 591390.2978999987)
kunstoverweg_wegvak.519,Viaduct,0,VIAD.I/D HOLEWEG,505582018,2022-03-01T00:00:00,155,050558201820220301,PKK0000089153,I,,POINT (252888.4338000007 591384.8403000012)
kunstoverweg_wegvak.520,Ecoduct,0,VIAD.'SALBROEK' I/D WILDOVERGANG & FIETSROUTE,600192434,2022-05-01T00:00:00,316,060019243420220501,PKK0000089157,I,,POINT (168988.6554000005 410705.52270000055)
kunstoverweg_wegvak.521,Viaduct,0,VIAD.'WOUDHUIS' I/D WOUDHUIZERWEG,394347022,2022-03-01T00:00:00,4354,039434702220220301,PKK0000089161,I,,POINT (198430.1713999994 469609.20870000124)
kunstoverweg_wegvak.522,Viaduct,0,VIAD.'WOUDHUIS' I/D WOUDHUIZERWEG,396337013,2021-10-01T00:00:00,1129,039633701320211001,PKK0000089161,I,,POINT (198451.96869999915 469605.22239999846)
kunstoverweg_wegvak.523,Viaduct,0,VIAD.'ANKLAAR' I/D TERWOLDSEWEG,394347022,2022-03-01T00:00:00,1796,039434702220220301,PKK0000089162,I,,POINT (197793.67130000144 472072.75)
kunstoverweg_wegvak.524,Viaduct,0,VIAD.'ANKLAAR' I/D TERWOLDSEWEG,600146490,2021-10-01T00:00:00,2537,060014649020211001,PKK0000089162,I,,POINT (197812.3887999989 472082.5240000002)
kunstoverweg_wegvak.525,Viaduct,0,VIAD.'ZUIDBROEK' I/D OOST VELUWEWEG,394347022,2022-03-01T00:00:00,19,039434702220220301,PKK0000089163,I,,POINT (197255.123399999 473766.17540000007)
kunstoverweg_wegvak.526,Viaduct,0,VIAD.'ZUIDBROEK' I/D OOST VELUWEWEG,600146490,2021-10-01T00:00:00,4306,060014649020211001,PKK0000089163,I,,POINT (197276.4312000014 473768.37999999896)
kunstoverweg_wegvak.527,Viaduct,0,VIAD.'BEEMTE' I/D BEEMTERWEG,394348015,2022-03-01T00:00:00,85,039434801520220301,PKK0000089164,I,,POINT (197071.06859999895 474420.5507000014)
kunstoverweg_wegvak.528,Viaduct,0,VIAD.'BEEMTE' I/D BEEMTERWEG,600146805,2022-03-01T00:00:00,2243,060014680520220301,PKK0000089164,I,,POINT (197050.95960000157 474415.19409999996)
kunstoverweg_wegvak.529,Viaduct,0,VIAD.'BROEKLAND' I/D BROEKLANDERWEG,394348015,2022-03-01T00:00:00,1249,039434801520220301,PKK0000089165,I,,POINT (196972.9695999995 475573.00939999893)
kunstoverweg_wegvak.530,Viaduct,0,VIAD.'BROEKLAND' I/D BROEKLANDERWEG,600146805,2022-03-01T00:00:00,1073,060014680520220301,PKK0000089165,I,,POINT (196952.19000000134 475573.63589999825)
kunstoverweg_wegvak.531,Viaduct,0,VIAD.'GANZENEBBE' I/D EEKTERWEG & GEERSTRAAT,394353009,2022-03-01T00:00:00,1746,039435300920220301,PKK0000089166,I,,POINT (197471.61459999904 478335.2221999988)
kunstoverweg_wegvak.532,Viaduct,0,VIAD.'DE SCHOBBERT' I/D KANAALWEG,394365013,2022-03-01T00:00:00,2215,039436501320220301,PKK0000089167,I,,POINT (197283.28170000017 480340.945700001)
kunstoverweg_wegvak.533,Viaduct,0,VIAD.'DE SCHOBBERT' I/D KANAALWEG,394357013,2022-03-01T00:00:00,1475,039435701320220301,PKK0000089167,I,,POINT (197301.92179999873 480361.6625000015)
kunstoverweg_wegvak.534,Viaduct,0,VIAD.'HET VOSSENBROEK' I/D WERLERWEG,600146597,2022-03-01T00:00:00,417,060014659720220301,PKK0000089168,I,,POINT (197301.29470000044 482626.0152999982)
kunstoverweg_wegvak.535,Viaduct,0,VIAD.'HET VOSSENBROEK' I/D WERLERWEG,394357013,2022-03-01T00:00:00,3767,039435701320220301,PKK0000089168,I,,POINT (197325.49190000072 482639.37590000033)
kunstoverweg_wegvak.536,Viaduct,0,VIAD.'ZUUK' I/D ZUUKEREND,600146865,2022-03-01T00:00:00,4032,060014686520220301,PKK0000089169,I,,POINT (197418.19000000134 483109.7456)
kunstoverweg_wegvak.537,Viaduct,0,VIAD.'ZUUK' I/D ZUUKEREND,394357013,2022-03-01T00:00:00,4259,039435701320220301,PKK0000089169,I,,POINT (197441.76350000128 483117.4145000018)
kunstoverweg_wegvak.538,Viaduct,0,VIAD.'DE HORST' I/D OENERWEG,600146865,2022-03-01T00:00:00,2617,060014686520220301,PKK0000089170,I,,POINT (197840.48939999938 484459.5828999989)
kunstoverweg_wegvak.539,Viaduct,0,VIAD.'DE HORST' I/D OENERWEG,395367007,2022-03-01T00:00:00,820,039536700720220301,PKK0000089170,I,,POINT (197860.97360000014 484454.87950000167)
kunstoverweg_wegvak.540,Viaduct,0,VIAD. I/D RW. 13 (R.RIJB.) ='KP.KLEINPOLDERPLEIN',600261099,2021-10-01T00:00:00,865,060026109920211001,PKK0000084748,I,,POINT (89755.15769999847 438508.5971999988)
kunstoverweg_wegvak.541,Viaduct,0,VIAD. I/D RW. 13 (L.RIJB.) ='KP.KLEINPOLDERPLEIN',179276033,2021-10-01T00:00:00,196,017927603320211001,PKK0000084749,I,,POINT (89784.93219999969 438510.28610000014)
kunstoverweg_wegvak.542,Viaduct,0,VIAD. I/D RW. 13 (L.RIJB.) ='KP.KLEINPOLDERPLEIN',600261099,2021-10-01T00:00:00,850,060026109920211001,PKK0000084749,I,,POINT (89768.5962000005 438515.26099999994)
kunstoverweg_wegvak.543,Viaduct,0,Viad. I/D RW. 13 VBW g.,179276033,2021-10-01T00:00:00,241,017927603320211001,PKK0000084750,I,,POINT (89825.0951000005 438530.5797000006)
kunstoverweg_wegvak.544,Viaduct,0,Viad. I/D RW. 13 VBW g.,600261099,2021-10-01T00:00:00,805,060026109920211001,PKK0000084750,I,,POINT (89808.83100000024 438535.4140000008)
kunstoverweg_wegvak.545,Viaduct,0,VIAD.I/D ROTONDE'KP.KLEINPOLDERPLEIN',179276033,2021-10-01T00:00:00,248,017927603320211001,PKK0000084751,I,,POINT (89831.28959999979 438533.83989999816)
kunstoverweg_wegvak.546,Viaduct,0,VIAD.I/D ROTONDE'KP.KLEINPOLDERPLEIN',600261099,2021-10-01T00:00:00,798,060026109920211001,PKK0000084751,I,,POINT (89815.03159999847 438538.6623999998)
kunstoverweg_wegvak.547,Viaduct,0,FIETS-VOETG.VIAD.,179276033,2021-10-01T00:00:00,260,017927603320211001,PKK0000084752,I,,POINT (89841.9085999988 438539.42880000174)
kunstoverweg_wegvak.548,Viaduct,0,FIETS-VOETG.VIAD.,600261099,2021-10-01T00:00:00,786,060026109920211001,PKK0000084752,I,,POINT (89825.6614000015 438544.2309000008)
kunstoverweg_wegvak.549,Viaduct,0,VIAD.I/H SCHIEPLEIN,182278105,2021-10-01T00:00:00,372,018227810520211001,PKK0000084756,I,,POINT (91278.84439999983 439261.319600001)
kunstoverweg_wegvak.550,Viaduct,0,VIAD.I/H SCHIEPLEIN,600111721,2021-10-01T00:00:00,385,060011172120211001,PKK0000084756,I,,POINT (91271.47019999847 439272.7049999982)
kunstoverweg_wegvak.551,Viaduct,0,VIAD.I/D TRAMBAAN,182278105,2021-10-01T00:00:00,438,018227810520211001,PKK0000084757,I,,POINT (91335.74769999832 439294.7564000003)
kunstoverweg_wegvak.552,Viaduct,0,VIAD.I/D TRAMBAAN,600111721,2021-10-01T00:00:00,318,060011172120211001,PKK0000084757,I,,POINT (91329.2296999991 439306.6585999988)
kunstoverweg_wegvak.553,Viaduct,0,VIAD.I/H SCHIEPLEIN,182278105,2021-10-01T00:00:00,488,018227810520211001,PKK0000084758,I,,POINT (91378.91259999946 439319.9908000007)
kunstoverweg_wegvak.554,Viaduct,0,VIAD.I/H SCHIEPLEIN,600111721,2021-10-01T00:00:00,272,060011172120211001,PKK0000084758,I,,POINT (91368.91010000184 439329.92770000175)
kunstoverweg_wegvak.555,Viaduct,0,VIADUCT ROZENLAAN,183278102,2021-10-01T00:00:00,360,018327810220211001,PKK0000084759,I,,POINT (91922.17419999838 439495.3685000017)
kunstoverweg_wegvak.556,Viaduct,0,VIADUCT ROZENLAAN,600111777,2021-10-01T00:00:00,695,060011177720211001,PKK0000084759,I,,POINT (91918.97470000014 439508.3892999999)
kunstoverweg_wegvak.557,Viaduct,0,VIAD I/D WEG,600112491,2021-10-01T00:00:00,91,060011249120211001,PKK0000084762,I,,POINT (100348.89440000057 442498.57930000126)
kunstoverweg_wegvak.558,Viaduct,0,VIAD I/D WEG,199284036,2021-10-01T00:00:00,575,019928403620211001,PKK0000084762,I,,POINT (100356.86279999837 442482.49599999934)
kunstoverweg_wegvak.559,Viaduct,0,VIAD.OVER HR LINKS RW.4='KP.KETHELPLEIN',169275048,2021-10-01T00:00:00,82,016927504820211001,PKK0000084772,I,,POINT (84742.85029999912 437929.820700001)
kunstoverweg_wegvak.560,Viaduct,0,VIAD.I/D SPOORBAAN,600106519,2021-10-01T00:00:00,350,060010651920211001,PKK0000084773,I,,POINT (87034.04769999906 438122.9754000008)
kunstoverweg_wegvak.561,Viaduct,0,VIAD.I/D RW O13 (VBW),600107050,2021-10-01T00:00:00,41,060010705020211001,PKK0000084774,I,,POINT (89715.74740000069 438453.8621000014)
kunstoverweg_wegvak.562,Viaduct,0,VIAD.I/D RW 013 (R.RIJB.),600107050,2021-10-01T00:00:00,127,060010705020211001,PKK0000084775,I,,POINT (89799.20380000025 438470.08769999817)
kunstoverweg_wegvak.563,Viaduct,0,VIAD.I/D RW 013 (L.RIJB),600107050,2021-10-01T00:00:00,142,060010705020211001,PKK0000084776,I,,POINT (89810.62090000138 438479.76520000026)
kunstoverweg_wegvak.564,Viaduct,0,VIAD. I/D RW 013 VBW.g,600107050,2021-10-01T00:00:00,192,060010705020211001,PKK0000084777,I,,POINT (89827.48220000044 438525.48039999977)
kunstoverweg_wegvak.565,Viaduct,0,VIAD. I/D RW 020 VBW.s,600107050,2021-10-01T00:00:00,243,060010705020211001,PKK0000084778,I,,POINT (89806.48189999908 438570.45490000024)
kunstoverweg_wegvak.566,Viaduct,0,VIAD.I/D SCHIELANDWEG,204287095,2021-10-01T00:00:00,119,020428709520211001,PKK0000084782,I,,POINT (102167.75050000101 443794.250599999)
kunstoverweg_wegvak.567,Viaduct,0,VIAD.,208292010,2021-10-01T00:00:00,268,020829201020211001,PKK0000084783,I,,POINT (104583.72049999982 446345.87959999964)
kunstoverweg_wegvak.568,Viaduct,0,VIAD.I/D VELSERTRAVERSE N197,600120852,2021-10-01T00:00:00,265,060012085220211001,PKK0000084786,I,,POINT (105143.74590000138 498692.7457999997)
kunstoverweg_wegvak.569,Viaduct,0,VIAD.I/D VELSERTRAVERSE N197,210396019,2021-10-01T00:00:00,188,021039601920211001,PKK0000084786,I,,POINT (105154.53200000152 498687.31060000136)
kunstoverweg_wegvak.570,Viaduct,0,VIAD.I/D VELSERTRAVERSE N197,600120852,2021-10-01T00:00:00,248,060012085220211001,PKK0000084787,I,,POINT (105152.49500000104 498707.3216000013)
kunstoverweg_wegvak.571,Viaduct,0,VIAD.I/D VELSERTRAVERSE N197,210396019,2021-10-01T00:00:00,205,021039601920211001,PKK0000084787,I,,POINT (105163.28460000083 498701.8841999993)
kunstoverweg_wegvak.572,Viaduct,0,VIAD.IN AANLEG,600120845,2022-01-01T00:00:00,669,060012084520220101,PKK0000084788,I,,POINT (107329.73640000075 499837.85880000144)
kunstoverweg_wegvak.573,Viaduct,0,VIAD.IN AANLEG,210398149,2022-01-01T00:00:00,2184,021039814920220101,PKK0000084788,I,,POINT (107286.4448999986 499821.22949999943)
kunstoverweg_wegvak.574,Viaduct,0,VIAD. I/D VELSERTRAVERSE N197,210397092,2021-10-01T00:00:00,48,021039709220211001,PKK0000084790,I,,POINT (105164.12070000172 498681.0199000016)
kunstoverweg_wegvak.575,Viaduct,0,VIAD. I/D VELSERTRAVERSE N197,210397092,2021-10-01T00:00:00,68,021039709220211001,PKK0000084791,I,,POINT (105174.4488000013 498698.1466999985)
kunstoverweg_wegvak.576,Viaduct,0,VIAD.'SETERS'I/D DEL COURT VAN KRIMPENLAAN,600123012,2021-10-01T00:00:00,972,060012301220211001,PKK0000084798,I,,POINT (118512.86439999938 403199.870099999)
kunstoverweg_wegvak.577,Viaduct,0,VIAD.'SETERS'I/D DEL COURT VAN KRIMPENLAAN,236205025,2021-10-01T00:00:00,271,023620502520211001,PKK0000084798,I,,POINT (118523.01199999824 403193.09369999915)
kunstoverweg_wegvak.578,Aquaduct,0,ECODUCT KOOTWIJKERZAND,600142246,2022-10-01T00:00:00,159,060014224620221001,PKK0000091911,I,,POINT (179501.3299999982 467584.4160999991)
kunstoverweg_wegvak.579,Aquaduct,0,ECODUCT KOOTWIJKERZAND,600189941,2022-10-01T00:00:00,3024,060018994120221001,PKK0000091911,I,,POINT (179511.03379999846 467506.1387999989)
kunstoverweg_wegvak.580,Ecoduct,0,Hoog duurloo,371334005,2022-10-01T00:00:00,1380,037133400520221001,PKK0000091915,I,,POINT (187072.50169999897 466745.3924999982)
kunstoverweg_wegvak.581,Viaduct,0,VIAD.'DE POORTWACHTER'I/D DR.W.DREESLAAN = N781,600448012,2022-08-01T00:00:00,54,060044801220220801,PKK0000091567,I,,POINT (173114.53830000013 447384.3300999999)
kunstoverweg_wegvak.582,Ecoduct,0,Hoog duurloo,600141466,2022-12-01T00:00:00,2006,060014146620221201,PKK0000091915,I,,POINT (187075.6752000004 466757.71070000157)
kunstoverweg_wegvak.583,Viaduct,0,VIAD.'BAARLOSESTRAAT'I/D BAARLOSESTRAAT,600149096,2022-03-01T00:00:00,98,060014909620220301,PKK0000089211,I,,POINT (207327.8823999986 374733.89939999953)
kunstoverweg_wegvak.584,Viaduct,0,VIAD.'BAARLOSESTRAAT'I/D BAARLOSESTRAAT,600149127,2021-10-01T00:00:00,93,060014912720211001,PKK0000089211,I,,POINT (207332.31269999966 374716.7153999992)
kunstoverweg_wegvak.585,Viaduct,0,VIAD.'GROETWEG'I/D GROETWEG,600149096,2022-03-01T00:00:00,617,060014909620220301,PKK0000089212,I,,POINT (206870.11470000073 374978.45969999954)
kunstoverweg_wegvak.586,Viaduct,0,VIAD.'GROETWEG'I/D GROETWEG,413150054,2021-10-01T00:00:00,126,041315005420211001,PKK0000089212,I,,POINT (206869.04149999842 374964.3229999989)
kunstoverweg_wegvak.587,Viaduct,0,VIAD.,600149096,2022-03-01T00:00:00,1313,060014909620220301,PKK0000089213,I,,POINT (206358.2873999998 375433.8200000003)
kunstoverweg_wegvak.588,Viaduct,0,VIAD.,600149095,2021-10-01T00:00:00,932,060014909520211001,PKK0000089213,I,,POINT (206351.6297999993 375409.4653999992)
kunstoverweg_wegvak.589,Viaduct,0,VIAD.,412151020,2022-03-01T00:00:00,149,041215102020220301,PKK0000089214,I,,POINT (206241.44029999897 376086.7633999996)
kunstoverweg_wegvak.590,Viaduct,0,VIAD.,600149095,2021-10-01T00:00:00,235,060014909520211001,PKK0000089214,I,,POINT (206224.3103 376081.32550000027)
kunstoverweg_wegvak.591,Viaduct,0,VIAD.,412151020,2022-03-01T00:00:00,781,041215102020220301,PKK0000089215,I,,POINT (206238.00230000168 376717.0273000002)
kunstoverweg_wegvak.592,Viaduct,0,VIAD.,600149101,2021-10-01T00:00:00,2782,060014910120211001,PKK0000089215,I,,POINT (206223.5111999996 376715.22470000014)
kunstoverweg_wegvak.593,Brug,0,VOETG. BRUG. FLORIADE,412153049,2022-03-01T00:00:00,3063,041215304920220301,PKK0000089216,I,,POINT (206425.67379999906 379711.7344999984)
kunstoverweg_wegvak.594,Brug,0,VOETG. BRUG. FLORIADE,412161018,2021-10-01T00:00:00,937,041216101820211001,PKK0000089216,I,,POINT (206415.69689999893 379691.7173999995)
kunstoverweg_wegvak.595,Viaduct,0,VIAD.'ST.JAN'I/D HORSTERWEG,412153049,2022-03-01T00:00:00,3296,041215304920220301,PKK0000089217,I,,POINT (206393.59209999815 379942.48849999905)
kunstoverweg_wegvak.596,Viaduct,0,VIAD.'ST.JAN'I/D HORSTERWEG,412161018,2021-10-01T00:00:00,685,041216101820211001,PKK0000089217,I,,POINT (206380.4279000014 379941.2017999999)
kunstoverweg_wegvak.597,Viaduct,0,VIAD.'CALIFORNIE'I/D CALIFORNISCHEWEG,600147679,2022-03-01T00:00:00,36,060014767920220301,PKK0000089219,I,,POINT (205659.96020000055 381625.56749999896)
kunstoverweg_wegvak.598,Viaduct,0,VIAD.'CALIFORNIE'I/D CALIFORNISCHEWEG,405168029,2021-10-01T00:00:00,3969,040516802920211001,PKK0000089219,I,,POINT (205647.75620000064 381620.26399999857)
kunstoverweg_wegvak.599,Viaduct,0,VIAD.'WITVELD'I/D WITTEVELDWEG,600147679,2022-03-01T00:00:00,3346,060014767920220301,PKK0000089220,I,,POINT (203260.3599999994 383851.36400000006)
kunstoverweg_wegvak.600,Viaduct,0,VIAD.'WITVELD'I/D WITTEVELDWEG,405168029,2021-10-01T00:00:00,666,040516802920211001,PKK0000089220,I,,POINT (203252.68129999936 383840.72410000116)
kunstoverweg_wegvak.601,Viaduct,0,VIAD.'BRUKSKE'I/D DEURNESEWEG =N270,394190021,2022-03-01T00:00:00,2453,039419002120220301,PKK0000089222,I,,POINT (197716.8302000016 392616.19220000133)
kunstoverweg_wegvak.602,Viaduct,0,VIAD.'BRUKSKE'I/D DEURNESEWEG =N270,600146480,2022-03-01T00:00:00,73,060014648020220301,PKK0000089222,I,,POINT (197731.58260000125 392614.7248999998)
kunstoverweg_wegvak.603,Viaduct,0,VIAD.'LANDWEERT'I/D ROSMOLENBAAN,394190021,2022-03-01T00:00:00,593,039419002120220301,PKK0000089223,I,,POINT (197446.2298000008 394442.7795000002)
kunstoverweg_wegvak.604,Viaduct,0,VIAD.'LANDWEERT'I/D ROSMOLENBAAN,600146480,2022-03-01T00:00:00,1938,060014648020220301,PKK0000089223,I,,POINT (197458.9791000001 394445.8896000013)
kunstoverweg_wegvak.605,Viaduct,0,VIAD.'HOLTHEES'I/D LOONSEWEG,600146753,2022-05-01T00:00:00,751,060014675320220501,PKK0000089224,I,,POINT (196833.11690000072 398433.9640999995)
kunstoverweg_wegvak.606,Viaduct,0,VIAD.'HOLTHEES'I/D LOONSEWEG,392198011,2022-05-01T00:00:00,940,039219801120220501,PKK0000089224,I,,POINT (196821.51509999856 398427.8830999993)
kunstoverweg_wegvak.607,Viaduct,0,VIAD.'VIERLINGSBEEK'I/D OVERLOONSEWEG,388204008,2022-05-01T00:00:00,3345,038820400820220501,PKK0000089225,I,,POINT (196057.63859999925 399756.55640000105)
kunstoverweg_wegvak.608,Viaduct,0,VIAD. BUS,266307031,2022-04-01T00:00:00,261,026630703120220401,PKK0000089523,I,,POINT (133528.1248999983 454076.8359999992)
kunstoverweg_wegvak.609,Viaduct,0,"VIAD.""MARINUS VAN TYRUSVIADUCT""I/D MARINUS VAN TYRUSLAAN",266307031,2022-04-01T00:00:00,208,026630703120220401,PKK0000089524,I,,POINT (133515.17559999973 454025.44260000065)
kunstoverweg_wegvak.610,Viaduct,0,VIAD.'DE GRAAF'I/D HAPSEWEG,379223012,2022-05-01T00:00:00,41,037922301220220501,PKK0000089228,I,,POINT (189655.95169999823 411558.22349999845)
kunstoverweg_wegvak.611,Viaduct,0,VIAD.'HEYTRACK'I/D HEYTRACKSESTRAAT,600445566,2022-05-01T00:00:00,599,060044556620220501,PKK0000089229,I,,POINT (189060.79839999974 412593.16050000116)
kunstoverweg_wegvak.612,Viaduct,0,VIAD.'HEYTRACK'I/D HEYTRACKSESTRAAT,600445563,2022-05-01T00:00:00,693,060044556320220501,PKK0000089229,I,,POINT (189075.36780000106 412595.7934000008)
kunstoverweg_wegvak.613,Viaduct,0,VIAD.'KALKHOF'I/D HAPSEBAAN,600445565,2022-05-01T00:00:00,2164,060044556520220501,PKK0000089230,I,,POINT (188336.0020999983 414320.0698999986)
kunstoverweg_wegvak.614,Viaduct,0,VIAD.'KALKHOF'I/D HAPSEBAAN,600445564,2022-05-01T00:00:00,1286,060044556420220501,PKK0000089230,I,,POINT (188348.58049999923 414324.2357000001)
kunstoverweg_wegvak.615,Viaduct,0,VIAD.'VOSSENEIND'I/D J.J.LUDENLAAN =N271,600144186,2021-10-01T00:00:00,484,060014418620211001,PKK0000089231,I,,POINT (186052.41200000048 420253.935800001)
kunstoverweg_wegvak.616,Viaduct,0,VIAD.IN VBW.h ='KP.OUDENRIJN',266306045,2022-04-01T00:00:00,338,026630604520220401,PKK0000089525,I,,POINT (133343.67550000176 453301.7067999989)
kunstoverweg_wegvak.617,Viaduct,0,VIAD.'BLANKENBERG'I/D BLANKENBERGSEWEG,368245007,2022-03-01T00:00:00,1861,036824500720220301,PKK0000089232,I,,POINT (185711.02899999917 421459.5916999988)
kunstoverweg_wegvak.618,Viaduct,0,VIAD.'BLANKENBERG'I/D BLANKENBERGSEWEG,600142273,2021-10-01T00:00:00,758,060014227320211001,PKK0000089232,I,,POINT (185720.5784999989 421467.49170000106)
kunstoverweg_wegvak.619,Viaduct,0,VIAD.'WALRICK'I/D STADDIJK,366246019,2022-07-01T00:00:00,508,036624601920220701,PKK0000089233,I,,POINT (183542.34329999983 423066.69409999996)
kunstoverweg_wegvak.620,Viaduct,0,VIAD.'WALRICK'I/D STADDIJK,600142274,2021-10-01T00:00:00,855,060014227420211001,PKK0000089233,I,,POINT (183549.4257999994 423078.1609000005)
kunstoverweg_wegvak.621,Viaduct,0,VIAD.'STRAAT',399111053,2022-03-01T00:00:00,4,039911105320220301,PKK0000089198,I,,POINT (199869.9593999982 355638.76669999957)
kunstoverweg_wegvak.622,Viaduct,0,VIAD.'KIEFT'I/D FIETS-VOETG.BRUG KIEVITSWEG,411163004,2021-10-01T00:00:00,446,041116300420211001,PKK0000089218,I,,POINT (205910.36400000006 381257.0058000013)
kunstoverweg_wegvak.623,Viaduct,0,VIAD.'DE GRAAF'I/D HAPSEWEG,600144284,2022-05-01T00:00:00,30,060014428420220501,PKK0000089228,I,,POINT (189670.44469999894 411557.9294999987)
kunstoverweg_wegvak.624,Viaduct,0,VIAD.'KLOOSTERHOF'I/D KONINGINNELAAN,600147789,2022-03-01T00:00:00,18,060014778920220301,PKK0000089197,I,,POINT (199092.10159999877 354847.2501000017)
kunstoverweg_wegvak.625,Viaduct,0,VIAD.'STRAAT',600147457,2022-03-01T00:00:00,668,060014745720220301,PKK0000089198,I,,POINT (199856.76940000057 355645.3231999986)
kunstoverweg_wegvak.626,Viaduct,0,VIAD.,414140031,2021-10-01T00:00:00,18,041414003120211001,PKK0000089206,I,,POINT (207163.27659999952 370033.9517999999)
kunstoverweg_wegvak.627,Viaduct,0,VIAD.'KIEFT'I/D FIETS-VOETG.BRUG KIEVITSWEG,600149290,2022-03-01T00:00:00,7,060014929020220301,PKK0000089218,I,,POINT (205925.38859999925 381258.3599999994)
kunstoverweg_wegvak.628,Viaduct,0,VIAD.'VIERLINGSBEEK'I/D OVERLOONSEWEG,600144121,2022-05-01T00:00:00,10,060014412120220501,PKK0000089225,I,,POINT (196068.42300000042 399764.564199999)
kunstoverweg_wegvak.629,Viaduct,0,VIAD.'VOSSENEIND'I/D J.J.LUDENLAAN =N271,372241014,2022-03-01T00:00:00,559,037224101420220301,PKK0000089231,I,,POINT (186039.79439999908 420254.7120999992)
kunstoverweg_wegvak.630,Ecoduct,0,ECODUCT 'WARNBACH',600149286,2022-03-01T00:00:00,1680,060014928620220301,PKK0000089238,I,,POINT (209339.04890000075 371927.28770000115)
kunstoverweg_wegvak.631,Ecoduct,0,ECODUCT 'WARNBACH',419143002,2021-10-01T00:00:00,228,041914300220211001,PKK0000089238,I,,POINT (209344.7498999983 371939.0423000008)
kunstoverweg_wegvak.632,Viaduct,0,VIAD.'ULINGSHEIDE' I/D ULINGSHEIDE,600149286,2022-03-01T00:00:00,1573,060014928620220301,PKK0000089239,I,,POINT (209252.05330000073 371989.5199000016)
kunstoverweg_wegvak.633,Viaduct,0,VIAD.'ULINGSHEIDE' I/D ULINGSHEIDE,419143002,2021-10-01T00:00:00,335,041914300220211001,PKK0000089239,I,,POINT (209257.89979999885 372001.4706000015)
kunstoverweg_wegvak.634,Brug,0,FIETS VIAD. 'EGYPTE',600149286,2022-03-01T00:00:00,692,060014928620220301,PKK0000089240,I,,POINT (208787.44729999825 372719.85709999874)
kunstoverweg_wegvak.635,Brug,0,FIETS VIAD. 'EGYPTE',419143002,2021-10-01T00:00:00,1204,041914300220211001,PKK0000089240,I,,POINT (208809.38500000164 372725.1583000012)
kunstoverweg_wegvak.636,Viaduct,0,VIAD.I/D KERNHOOFDWEG IV =S105,600200399,2021-10-01T00:00:00,2075,060020039920211001,PKK0000089428,I,,POINT (150055.623399999 488838.8931999989)
kunstoverweg_wegvak.637,Viaduct,0,VIAD.I/D KERNHOOFDWEG IV =S105,600199559,2021-10-01T00:00:00,3465,060019955920211001,PKK0000089428,I,,POINT (150051.59530000016 488820.71990000084)
kunstoverweg_wegvak.638,Viaduct,0,'VAART VIADUCT'I/D BUITENRING =S106 & N702,600199540,2021-10-01T00:00:00,316,060019954020211001,PKK0000089429,I,,POINT (152104.9497999996 490037.76570000127)
kunstoverweg_wegvak.639,Viaduct,0,'VAART VIADUCT'I/D BUITENRING =S106 & N702,600200398,2021-10-01T00:00:00,480,060020039820211001,PKK0000089429,I,,POINT (152046.90879999846 490118.8654000014)
kunstoverweg_wegvak.640,Viaduct,0,VIAD.'RUNDERWEG'I/D RUNDERWEG,600138410,2021-10-01T00:00:00,2855,060013841020211001,PKK0000089430,I,,POINT (164900.1259999983 503605.2965000011)
kunstoverweg_wegvak.641,Viaduct,0,VIAD.'RUNDERWEG'I/D RUNDERWEG,328400004,2021-10-01T00:00:00,3559,032840000420211001,PKK0000089430,I,,POINT (164932.7875000015 503577.50510000065)
kunstoverweg_wegvak.642,Viaduct,0,VIAD.'ULESPRONG'I/D TSJUKERMARWEI =N927,362494016,2022-03-01T00:00:00,103,036249401620220301,PKK0000089432,I,,POINT (181064.3220999986 547561.881000001)
kunstoverweg_wegvak.643,Viaduct,0,VIAD.'ULESPRONG'I/D TSJUKERMARWEI =N927,600141515,2021-10-01T00:00:00,56,060014151520211001,PKK0000089432,I,,POINT (181043.72940000147 547561.873399999)
kunstoverweg_wegvak.644,Viaduct,0,VIAD.I/D RW27 R.RIJB.,600199684,2021-08-01T00:00:00,822,060019968420210801,PKK0000089433,I,,POINT (149212.58520000055 488293.2076999992)
kunstoverweg_wegvak.645,Viaduct,0,VIAD. 'BUITENHOUT ZUID'I/D VBW. h(RW. 6),298376013,2021-08-01T00:00:00,431,029837601320210801,PKK0000089459,I,,POINT (148882.95809999853 488107.14020000026)
kunstoverweg_wegvak.646,Viaduct,0,VIAD.'SPIER'I/D SPIEREGERWEG,600150228,2021-11-01T00:00:00,87,060015022820211101,PKK0000089462,I,,POINT (227441.78400000185 536987.2697999999)
kunstoverweg_wegvak.647,Ecoduct,0,"""ECODUCT - MARINIER DER 1E KLASSE MARC HARDERS""",600152417,2021-11-01T00:00:00,1175,060015241720211101,PKK0000089463,I,,POINT (228406.76900000125 538938.6374000013)
kunstoverweg_wegvak.648,Ecoduct,0,"""ECODUCT - MARINIER DER 1E KLASSE MARC HARDERS""",454473017,2021-10-01T00:00:00,2096,045447301720211001,PKK0000089463,I,,POINT (228443.6640000008 538917.2443000004)
kunstoverweg_wegvak.649,Viaduct,0,VIAD.'SPIER'I/D SPIEREGERWEG,454473013,2021-10-01T00:00:00,516,045447301320211001,PKK0000089462,I,,POINT (227473.6715000011 536975.6768999994)
kunstoverweg_wegvak.650,Viaduct,0,VIAD.'J.F.KENNEDY'I/D J.F.KENNEDYWEG,600115166,2022-05-01T00:00:00,910,060011516620220501,PKK0000084636,I,,POINT (97627.80330000073 434529.7133000009)
kunstoverweg_wegvak.651,Viaduct,0,VIAD.I/D MOERBEITUIN,600115166,2022-05-01T00:00:00,66,060011516620220501,PKK0000084637,I,,POINT (98185.8088000007 433923.03979999945)
kunstoverweg_wegvak.652,Viaduct,0,VIAD.'GROENINX VAN ZOELEN'I/D GROENINX VAN ZOELENLAAN,600112077,2022-05-01T00:00:00,587,060011207720220501,PKK0000084638,I,,POINT (98347.07349999994 433286.3541000001)
kunstoverweg_wegvak.654,Viaduct,0,VIAD.'J.F.KENNEDY'I/D J.F.KENNEDYWEG,194269016,2021-10-01T00:00:00,340,019426901620211001,PKK0000084640,I,,POINT (97497.20190000162 434545.30689999834)
kunstoverweg_wegvak.655,Viaduct,0,VIAD.I/E FIETSPAD,600114366,2021-10-01T00:00:00,63,060011436620211001,PKK0000084645,I,,POINT (98196.48629999906 433921.6860000007)
kunstoverweg_wegvak.656,Viaduct,0,VIAD.I/D RW A16,194269094,2021-10-01T00:00:00,214,019426909420211001,PKK0000084646,I,,POINT (97228.31450000033 434827.61300000176)
kunstoverweg_wegvak.657,Viaduct,0,VIAD.I/D VBW.r=KP.RIDDERKERK,600113469,2021-10-01T00:00:00,150,060011346920211001,PKK0000084648,I,,POINT (98506.48649999872 432382.3632999994)
kunstoverweg_wegvak.658,Viaduct,0,FLY-OVER RW. 15 (L.RIJB.) =KP.RIDDERKERK,197264006,2021-10-01T00:00:00,42,019726400620211001,PKK0000084649,I,,POINT (98743.54870000109 432109.1270999983)
kunstoverweg_wegvak.659,Viaduct,0,VIAD.'RIDDERSTER'IN RANG.BAAN y = KP.RIDDERKERK,197264006,2021-10-01T00:00:00,62,019726400620211001,PKK0000084650,I,,POINT (98754.5614 432092.43239999935)
kunstoverweg_wegvak.660,Viaduct,0,FLY-OVER VBW.g = KP.RIDDERKERK,197264006,2021-10-01T00:00:00,76,019726400620211001,PKK0000084651,I,,POINT (98762.35909999907 432080.8049999997)
kunstoverweg_wegvak.661,Viaduct,0,VIAD.'RIDDERSTER'IN RANG.BAAN m = KP.RIDDERKERK,197264006,2021-10-01T00:00:00,85,019726400620211001,PKK0000084652,I,,POINT (98767.37189999968 432073.33029999956)
kunstoverweg_wegvak.662,Viaduct,0,VIAD.'POPULIERENLAAN'I/D POPULIERENLAAN,198262022,2021-10-01T00:00:00,90,019826202220211001,PKK0000084654,I,,POINT (99346.0989000015 431385.98800000176)
kunstoverweg_wegvak.663,Viaduct,0,VIAD.O/D RW 15 VBW. g,600114209,2021-10-01T00:00:00,346,060011420920211001,PKK0000084655,I,,POINT (98609.19619999826 431907.54410000145)
kunstoverweg_wegvak.664,Viaduct,0,VIAD.I/D A15(VWB. h),600114243,2021-10-01T00:00:00,554,060011424320211001,PKK0000084656,I,,POINT (100611.28990000114 430215.22839999944)
kunstoverweg_wegvak.665,Viaduct,0,VIAD.I/D A15(VBW. k),600114243,2021-10-01T00:00:00,405,060011424320211001,PKK0000084657,I,,POINT (100671.87550000101 430079.21829999983)
kunstoverweg_wegvak.666,Viaduct,0,VIAD.I/D A15 (R.RIJB.),600114243,2021-10-01T00:00:00,347,060011424320211001,PKK0000084658,I,,POINT (100695.81060000136 430026.4138999991)
kunstoverweg_wegvak.667,Viaduct,0,VIAD.I/D LANGEWEG,600113429,2021-10-01T00:00:00,68,060011342920211001,PKK0000084660,I,,POINT (102311.52820000052 427191.7076999992)
kunstoverweg_wegvak.668,Viaduct,0,VIAD.I/D LANGEWEG,204254025,2021-10-01T00:00:00,176,020425402520211001,PKK0000084661,I,,POINT (102206.58920000121 427241.4305000007)
kunstoverweg_wegvak.669,Viaduct,0,VIAD.I/D RW16 VBW. e,208246081,2021-10-01T00:00:00,51,020824608120211001,PKK0000084662,I,,POINT (104136.80860000104 423423.6013999991)
kunstoverweg_wegvak.670,Viaduct,0,VIAD. 'MOSKESBRUG I/D FIETSERSBRUG,600120427,2021-10-01T00:00:00,302,060012042720211001,PKK0000084665,I,,POINT (108809.02589999884 402022.86609999835)
kunstoverweg_wegvak.671,Viaduct,0,VIAD. 'VALDIJK'I/D VALDIJK,217203083,2021-10-01T00:00:00,232,021720308320211001,PKK0000084667,I,,POINT (108955.14429999888 401323.32250000164)
kunstoverweg_wegvak.672,Viaduct,0,VIAD. 'VALDIJK'I/D VALDIJK,600120316,2021-10-01T00:00:00,62,060012031620211001,PKK0000084668,I,,POINT (108988.9112999998 401328.7164000012)
kunstoverweg_wegvak.673,Viaduct,0,VIAD.IN VBW.e = KP.RIDDERKERK,197263011,2021-10-01T00:00:00,18,019726301120211001,PKK0000084653,I,,POINT (98992.98539999872 431707.2074000016)
kunstoverweg_wegvak.674,Viaduct,0,VIAD.'J.F.KENNEDY'I/D J.F.KENNEDYWEG,194269109,2021-10-01T00:00:00,388,019426910920211001,PKK0000084672,I,,POINT (97529.23959999904 434546.5993999988)
kunstoverweg_wegvak.675,Viaduct,0,VIAD.'J.F.KENNEDY'I/D J.F.KENNEDYWEG,600115168,2021-10-01T00:00:00,1753,060011516820211001,PKK0000084672,I,,POINT (97539.21950000152 434560.4074999988)
kunstoverweg_wegvak.676,Viaduct,0,VIAD.I/D MOERBEITUIN,195268051,2021-10-01T00:00:00,371,019526805120211001,PKK0000084673,I,,POINT (98148.94779999927 433916.70230000094)
kunstoverweg_wegvak.677,Viaduct,0,VIAD.I/D MOERBEITUIN,600115168,2021-10-01T00:00:00,839,060011516820211001,PKK0000084673,I,,POINT (98166.63430000097 433927.42650000006)
kunstoverweg_wegvak.678,Viaduct,0,VIAD.'GROENINX VAN ZOELEN'I/D GROENINX VAN ZOELENLAAN,600115168,2021-10-01T00:00:00,175,060011516820211001,PKK0000084674,I,,POINT (98327.48409999907 433283.5694000013)
kunstoverweg_wegvak.679,Viaduct,0,VIAD.'GROENINX VAN ZOELEN'I/D GROENINX VAN ZOELENLAAN,196266037,2022-01-01T00:00:00,254,019626603720220101,PKK0000084674,I,,POINT (98314.74159999937 433280.2514999993)
kunstoverweg_wegvak.680,Viaduct,0,VIAD.I/D GEERLAAN,600115452,2022-05-01T00:00:00,1578,060011545220220501,PKK0000084681,I,,POINT (100326.21200000122 430510.26579999924)
kunstoverweg_wegvak.681,Viaduct,0,VIAD.I/D GEERLAAN,198262021,2022-05-01T00:00:00,1234,019826202120220501,PKK0000084681,I,,POINT (100301.09340000153 430499.8273999989)
kunstoverweg_wegvak.682,Viaduct,0,VIAD.IN VBW.k = KP.RIDDERKERK,600115452,2022-05-01T00:00:00,1074,060011545220220501,PKK0000084682,I,,POINT (100620.16560000181 430101.2795000002)
kunstoverweg_wegvak.683,Viaduct,0,VIAD.IN VBW.k = KP.RIDDERKERK,201260025,2022-05-01T00:00:00,81,020126002520220501,PKK0000084682,I,,POINT (100596.18149999902 430093.56329999864)
kunstoverweg_wegvak.684,Viaduct,0,VIAD.IN RW. 15 (R.RIJB.) = KP.RIDDERKERK,600115452,2022-05-01T00:00:00,978,060011545220220501,PKK0000084683,I,,POINT (100669.92190000042 430019.18360000104)
kunstoverweg_wegvak.685,Viaduct,0,VIAD.IN RW. 15 (R.RIJB.) = KP.RIDDERKERK,201260025,2022-05-01T00:00:00,179,020126002520220501,PKK0000084683,I,,POINT (100647.09930000082 430009.8326999992)
kunstoverweg_wegvak.686,Viaduct,0,VIAD.I/D ACHTERAMBACHTSEWEG,202258011,2021-10-01T00:00:00,101,020225801120211001,PKK0000084684,I,,POINT (101176.45540000126 429076.6070000008)
kunstoverweg_wegvak.687,Viaduct,0,VIAD.I/D H.YDENWEG,203256012,2021-10-01T00:00:00,732,020325601220211001,PKK0000084685,I,,POINT (101929.0410999991 427831.49450000003)
kunstoverweg_wegvak.688,Viaduct,0,VIAD.I/D H.YDENWEG,600113481,2021-10-01T00:00:00,776,060011348120211001,PKK0000084685,I,,POINT (101952.9552000016 427843.94370000064)
kunstoverweg_wegvak.689,Viaduct,0,VOETG.VIAD.REST.H.I.AMBACHT,203256012,2021-10-01T00:00:00,897,020325601220211001,PKK0000084686,I,,POINT (102012.16039999947 427688.9688999988)
kunstoverweg_wegvak.690,Viaduct,0,VOETG.VIAD.REST.H.I.AMBACHT,600113481,2021-10-01T00:00:00,616,060011348120211001,PKK0000084686,I,,POINT (102033.55090000108 427705.7322999984)
kunstoverweg_wegvak.691,Viaduct,0,VIAD.I/D A17 R. RIJB.,207226013,2022-05-01T00:00:00,334,020722601320220501,PKK0000084694,I,,POINT (103954.32880000025 412728.98220000044)
kunstoverweg_wegvak.692,Viaduct,0,VIAD.I/D A17 L.RIJB.,207226013,2022-05-01T00:00:00,566,020722601320220501,PKK0000084695,I,,POINT (104029.36239999905 412509.4613999985)
kunstoverweg_wegvak.693,Viaduct,0,VIAD.I/D A17 L.RIJB.,600262980,2021-10-01T00:00:00,465,060026298020211001,PKK0000084695,I,,POINT (104047.76159999892 412516.18239999935)
kunstoverweg_wegvak.694,Viaduct,0,VIAD.I/D LAPDIJK,209222020,2021-10-01T00:00:00,490,020922202020211001,PKK0000084697,I,,POINT (104792.21649999917 410872.9866999984)
kunstoverweg_wegvak.695,Viaduct,0,VIAD.'BLOEMENDAALSE ZEEDIJK'I/D HOGE ZEEDIJK,600113916,2021-10-01T00:00:00,1953,060011391620211001,PKK0000084698,I,,POINT (105877.51819999889 408962.0588000007)
kunstoverweg_wegvak.696,Viaduct,0,VIAD.'BLOEMENDAALSE ZEEDIJK'I/D HOGE ZEEDIJK,209221039,2021-10-01T00:00:00,1724,020922103920211001,PKK0000084698,I,,POINT (105859.28299999982 408954.68349999934)
kunstoverweg_wegvak.697,Viaduct,0,VIAD.'LANGEWEG'I/D LANGEWEG =N285,212215006,2021-10-01T00:00:00,454,021221500620211001,PKK0000084699,I,,POINT (106452.24870000035 407555.5133999996)
kunstoverweg_wegvak.698,Viaduct,0,VIAD.'LANGEWEG'I/D LANGEWEG =N285,600113916,2021-10-01T00:00:00,434,060011391620211001,PKK0000084699,I,,POINT (106470.09580000117 407563.44209999964)
kunstoverweg_wegvak.699,Viaduct,0,VIAD.'NERVA'IN RW. 59 (L.RIJB.) = KP.ZONZEEL,213214010,2021-10-01T00:00:00,693,021321401020211001,PKK0000084700,I,,POINT (106873.68259999901 406511.99020000175)
kunstoverweg_wegvak.838,Viaduct,0,VIAD.,600123027,2022-10-01T00:00:00,1347,060012302720221001,PKK0000092045,I,,POINT (115754.24410000071 397687.8634000011)
kunstoverweg_wegvak.700,Viaduct,0,VIAD.'NERVA'IN RW. 59 (L.RIJB.) = KP.ZONZEEL,600119873,2021-10-01T00:00:00,793,060011987320211001,PKK0000084700,I,,POINT (106894.93320000172 406511.74650000036)
kunstoverweg_wegvak.701,Viaduct,0,VIAD.'NERVA'IN RW. 59 (R.RIJB.) = KP.ZONZEEL,213214010,2021-10-01T00:00:00,710,021321401020211001,PKK0000084701,I,,POINT (106880.34800000116 406496.3513999991)
kunstoverweg_wegvak.702,Viaduct,0,VIAD.'NERVA'IN RW. 59 (R.RIJB.) = KP.ZONZEEL,600119873,2021-10-01T00:00:00,776,060011987320211001,PKK0000084701,I,,POINT (106901.60310000181 406496.10979999974)
kunstoverweg_wegvak.703,Viaduct,0,VIAD.'KLEIN-OVERVELD'I/D BRIELSEDREEF,214211010,2021-10-01T00:00:00,1303,021421101020211001,PKK0000084702,I,,POINT (107761.02710000053 404499.17969999835)
kunstoverweg_wegvak.704,Viaduct,0,VIAD.'KLEIN-OVERVELD'I/D BRIELSEDREEF,600120063,2021-10-01T00:00:00,2572,060012006320211001,PKK0000084702,I,,POINT (107778.0095999986 404509.15769999847)
kunstoverweg_wegvak.705,Viaduct,0,VIAD.'MOSKESBRUG' I/D FIETSERSBRUG,600119882,2021-10-01T00:00:00,766,060011988220211001,PKK0000084703,I,,POINT (108800.36430000141 402008.8762000017)
kunstoverweg_wegvak.706,Viaduct,0,VIAD.'MOSKESBRUG' I/D FIETSERSBRUG,217204061,2021-10-01T00:00:00,119,021720406120211001,PKK0000084703,I,,POINT (108782.0560999997 402015.5203000009)
kunstoverweg_wegvak.707,Viaduct,0,VIAD.'PRINSENBEEK'I/D LUNETSTRAAT,600119882,2021-10-01T00:00:00,482,060011988220211001,PKK0000084704,I,,POINT (108875.90329999849 401735.14279999956)
kunstoverweg_wegvak.708,Viaduct,0,VIAD.'PRINSENBEEK'I/D LUNETSTRAAT,217204061,2021-10-01T00:00:00,414,021720406120211001,PKK0000084704,I,,POINT (108860.6827000007 401731.2324000001)
kunstoverweg_wegvak.709,Viaduct,0,VIAD. 'VALDIJK'I/D VALDIJK,217204061,2021-10-01T00:00:00,830,021720406120211001,PKK0000084705,I,,POINT (108961.7595999986 401327.70010000095)
kunstoverweg_wegvak.710,Viaduct,0,VIAD. 'OVERBOS' I/D OVERBOS,600120315,2022-10-01T00:00:00,576,060012031520221001,PKK0000084706,I,,POINT (109035.2276000008 400982.93129999936)
kunstoverweg_wegvak.711,Viaduct,0,VIAD. 'OVERBOS' I/D OVERBOS,217202086,2021-10-01T00:00:00,302,021720208620211001,PKK0000084706,I,,POINT (109019.49219999835 400978.2017999999)
kunstoverweg_wegvak.712,Viaduct,0,VIAD.'PRINCENHAGE'I/D RW 58(R.RIJB.) & VBW. h,600120324,2022-10-01T00:00:00,569,060012032420221001,PKK0000084708,I,,POINT (109092.73779999837 399353.2624000013)
kunstoverweg_wegvak.713,Viaduct,0,VIAD.'PRINCENHAGE'I/D RW 58(R.RIJB.) & VBW. h,217200008,2021-10-01T00:00:00,720,021720000820211001,PKK0000084708,I,,POINT (109073.26469999924 399351.5172000006)
kunstoverweg_wegvak.714,Viaduct,0,VIAD.'KLEINE HOEF'IN RW. 58 (R.RIJB.),220187018,2021-10-01T00:00:00,650,022018701820211001,PKK0000084711,I,,POINT (110372.73699999973 393272.4299999997)
kunstoverweg_wegvak.715,Viaduct,0,VIAD.'KLEINE HOEF'IN RW. 58 (R.RIJB.),600121558,2021-10-01T00:00:00,498,060012155820211001,PKK0000084711,I,,POINT (110392.37150000036 393278.0196999982)
kunstoverweg_wegvak.716,Viaduct,0,VIAD.'BERKTE'IN VBW.g & RW. 58 (L.RIJB.),600121550,2021-10-01T00:00:00,61,060012155020211001,PKK0000084712,I,,POINT (110396.84750000015 393140.22030000016)
kunstoverweg_wegvak.717,Viaduct,0,VIAD.'BERKTE'IN VBW.g & RW. 58 (L.RIJB.),600121558,2021-10-01T00:00:00,361,060012155820211001,PKK0000084712,I,,POINT (110416.98169999942 393143.2569999993)
kunstoverweg_wegvak.718,Viaduct,0,VIAD.'RIJSBERGEN'I/D NIEUW GINNEKENSEBAAN,220181004,2021-10-01T00:00:00,1652,022018100420211001,PKK0000084713,I,,POINT (110466.78409999982 392428.0692999996)
kunstoverweg_wegvak.719,Viaduct,0,VIAD.'RIJSBERGEN'I/D NIEUW GINNEKENSEBAAN,600121550,2021-10-01T00:00:00,796,060012155020211001,PKK0000084713,I,,POINT (110449.66899999976 392408.1667999998)
kunstoverweg_wegvak.720,Viaduct,0,VIAD.'HAZELDONK'I/D HAZELDONKSESTRAAT,220181004,2021-10-01T00:00:00,115,022018100420211001,PKK0000084714,I,,POINT (110337.49309999868 390896.94779999927)
kunstoverweg_wegvak.721,Viaduct,0,VIAD.I/D ACHTERAMBACHTSEWEG,600112393,2021-10-01T00:00:00,1018,060011239320211001,PKK0000084684,I,,POINT (101206.5009999983 429089.93250000104)
kunstoverweg_wegvak.722,Viaduct,0,VIAD.I/D A17 R. RIJB.,600262980,2021-10-01T00:00:00,691,060026298020211001,PKK0000084694,I,,POINT (103974.7489 412730.05640000105)
kunstoverweg_wegvak.723,Viaduct,0,VIAD. 'VALDIJK'I/D VALDIJK,600119882,2021-10-01T00:00:00,64,060011988220211001,PKK0000084705,I,,POINT (108977.45930000022 401329.6682000011)
kunstoverweg_wegvak.724,Viaduct,0,VIAD.'HAZELDONK'I/D HAZELDONKSESTRAAT,600121550,2021-10-01T00:00:00,2308,060012155020211001,PKK0000084714,I,,POINT (110317.30370000005 390902.3088000007)
kunstoverweg_wegvak.725,Viaduct,0,VIAD.I/D LAPDIJK,600114103,2021-10-01T00:00:00,51,060011410320211001,PKK0000084697,I,,POINT (104808.91519999877 410883.35909999907)
kunstoverweg_wegvak.726,Viaduct,0,VIAD.I/D RW2 LINKS,325158025,2022-08-01T00:00:00,13,032515802520220801,PKK0000091503,I,,POINT (162675.5967000015 379477.9466000013)
kunstoverweg_wegvak.727,Viaduct,0,VIAD.IN RW. 67,600136774,2022-08-01T00:00:00,59,060013677420220801,PKK0000091505,I,,POINT (163134.3515000008 379544.24540000036)
kunstoverweg_wegvak.728,Viaduct,0,VIAD.IN RW. 67,600136755,2022-08-01T00:00:00,61,060013675520220801,PKK0000091506,I,,POINT (162920.1490000002 379541.9893000014)
kunstoverweg_wegvak.729,Viaduct,0,VIAD.'LANGSTRAAT'IN RW. 27 ='KP.HOOIPOLDER',240222024,2022-05-01T00:00:00,79,024022202420220501,PKK0000089485,I,,POINT (120190.29050000012 411039.0122999996)
kunstoverweg_wegvak.730,Viaduct,0,VIAD.I/D EMMIKHOVENSESTRAAT,600127464,2021-10-01T00:00:00,824,060012746420211001,PKK0000089486,I,,POINT (132452.24170000106 411521.5324999988)
kunstoverweg_wegvak.731,Viaduct,0,VIAD.I/D EMMIKHOVENSESTRAAT,264222061,2021-10-01T00:00:00,361,026422206120211001,PKK0000089486,I,,POINT (132448.2212000005 411508.2263999991)
kunstoverweg_wegvak.732,Viaduct,0,FIETS-VOETG.VIAD.,600135212,2021-10-01T00:00:00,818,060013521220211001,PKK0000089488,I,,POINT (145620.89229999855 412366.0789999999)
kunstoverweg_wegvak.733,Viaduct,0,FIETS-VOETG.VIAD.,291224058,2021-10-01T00:00:00,29,029122405820211001,PKK0000089488,I,,POINT (145629.94959999993 412355.3066999987)
kunstoverweg_wegvak.734,Viaduct,0,VIAD.'LANGSTRAAT'IN RW. 27 ='KP.HOOIPOLDER',600124322,2022-03-01T00:00:00,90,060012432220220301,PKK0000089485,I,,POINT (120180.6587000005 411076.8057000004)
kunstoverweg_wegvak.735,Viaduct,0,VIAD.I/D SPOORWEG UTRECHT 's-HERTOGENBOSCH,293227006,2021-10-01T00:00:00,1616,029322700620211001,PKK0000089489,I,,POINT (148296.55810000002 414249.52849999815)
kunstoverweg_wegvak.736,Viaduct,0,VIAD.I/D SPOORWEG UTRECHT 's-HERTOGENBOSCH,600134920,2021-10-01T00:00:00,870,060013492020211001,PKK0000089489,I,,POINT (148291.22410000116 414262.8313000016)
kunstoverweg_wegvak.737,Viaduct,0,VIAD.'A.A.REICHWEINVIADUCT'I/D N210,600126871,2021-08-01T00:00:00,435,060012687120210801,PKK0000091517,I,,POINT (132816.41479999945 448652.0219999999)
kunstoverweg_wegvak.738,Viaduct,0,VIAD.'A.A.REICHWEINVIADUCT'I/D N210,265298017,2022-08-01T00:00:00,1067,026529801720220801,PKK0000091517,I,,POINT (132794.44790000096 448651.6398999989)
kunstoverweg_wegvak.739,Viaduct,0,VIAD.'A.A.REICHWEINVIADUCT'I/D N210,600126871,2021-08-01T00:00:00,411,060012687120210801,PKK0000091518,I,,POINT (132818.33799999952 448628.09959999844)
kunstoverweg_wegvak.740,Viaduct,0,'ANTHONY FOKKER VIADUCT'I/D ANTHONY FOKKERWEG =N727,600441199,2022-01-01T00:00:00,4408,060044119920220101,PKK0000089545,I,,POINT (160835.82609999925 497482.37220000103)
kunstoverweg_wegvak.741,Viaduct,0,'ANTHONY FOKKER VIADUCT'I/D ANTHONY FOKKERWEG =N727,600441405,2022-04-01T00:00:00,1230,060044140520220401,PKK0000089545,I,,POINT (160809.47309999913 497499.5078999996)
kunstoverweg_wegvak.742,Viaduct,0,VIAD.'A.A.REICHWEINVIADUCT'I/D N210,265298017,2022-08-01T00:00:00,1091,026529801720220801,PKK0000091518,I,,POINT (132796.28940000013 448627.7109000012)
kunstoverweg_wegvak.743,Viaduct,0,VIAD.'ANJEWIER'IN RW. 32 (L.RIJB.) ='KP.HEERENVEEN',380508075,2022-03-01T00:00:00,43,038050807520220301,PKK0000089557,I,,POINT (190525.65989999846 554344.5936999992)
kunstoverweg_wegvak.744,Viaduct,0,VIAD.'ANJEWIER'IN RW. 32 (L.RIJB.) ='KP.HEERENVEEN',600144481,2022-04-01T00:00:00,72,060014448120220401,PKK0000089557,I,,POINT (190518.23900000006 554363.8724000007)
kunstoverweg_wegvak.745,Viaduct,0,VIAD.'ANJEWIER'IN RW. 32 (R.RIJB.) ='KP.HEERENVEEN',380508075,2022-03-01T00:00:00,60,038050807520220301,PKK0000089558,I,,POINT (190540.1127000004 554353.5441999994)
kunstoverweg_wegvak.746,Viaduct,0,VIAD.'ANJEWIER'IN RW. 32 (R.RIJB.) ='KP.HEERENVEEN',600144481,2022-04-01T00:00:00,46,060014448120220401,PKK0000089558,I,,POINT (190540.35799999908 554377.5381999984)
kunstoverweg_wegvak.747,Viaduct,0,VIAD.I/D BURG.DETMERSWEG =N206 (R.RIJB.),600424381,2022-08-01T00:00:00,556,060042438120220801,PKK0000091528,I,,POINT (93836.33449999988 460656.5771000013)
kunstoverweg_wegvak.748,Viaduct,0,VIAD.I/D BURG.DETMERSWEG =N206 (L.RIJB.),600424381,2022-08-01T00:00:00,538,060042438120220801,PKK0000091529,I,,POINT (93821.48910000175 460646.3979999982)
kunstoverweg_wegvak.749,Viaduct,0,FIETS-VOETG.VIAD.'KOPPELBRUG'I/D KOPPELDIJK,600127878,2022-04-01T00:00:00,270,060012787820220401,PKK0000089571,I,,POINT (137495.52389999852 451916.2340000011)
kunstoverweg_wegvak.750,Viaduct,0,VIAD.'MUNTWEG'I/D MUNTWEG =N351,600141540,2022-08-01T00:00:00,533,060014154020220801,PKK0000091540,I,,POINT (180931.22459999844 526522.4244999997)
kunstoverweg_wegvak.751,Viaduct,0,VIAD.'MUNTWEG'I/D MUNTWEG =N351,361453019,2022-08-01T00:00:00,592,036145301920220801,PKK0000091540,I,,POINT (180912.94429999962 526525.3572000004)
kunstoverweg_wegvak.752,Viaduct,0,VIAD.I/D DOENKADE =N209,176281041,2021-10-01T00:00:00,284,017628104120211001,PKK0000089573,I,,POINT (88275.06480000168 440637.02519999817)
kunstoverweg_wegvak.753,Viaduct,0,VIAD.I/D DOENKADE =N209,600104766,2022-04-01T00:00:00,321,060010476620220401,PKK0000089573,I,,POINT (88288.34860000014 440646.0954999998)
kunstoverweg_wegvak.754,Viaduct,0,VIAD.I/D DOENKADE =N209,176281041,2021-10-01T00:00:00,307,017628104120211001,PKK0000089574,I,,POINT (88288.03929999843 440618.0340999998)
kunstoverweg_wegvak.755,Viaduct,0,VIAD.I/D DOENKADE =N209,600104766,2022-04-01T00:00:00,298,060010476620220401,PKK0000089574,I,,POINT (88301.39350000024 440627.15260000154)
kunstoverweg_wegvak.756,Viaduct,0,VIAD.I/D BOBELDIJKERWEG,262439051,2022-08-01T00:00:00,1107,026243905120220801,PKK0000091544,I,,POINT (131369.60009999946 518783.3286000006)
kunstoverweg_wegvak.757,Viaduct,0,VIAD.I/D BOBELDIJKERWEG,600437687,2022-08-01T00:00:00,380,060043768720220801,PKK0000091544,I,,POINT (131382.97509999946 518781.59420000017)
kunstoverweg_wegvak.758,Viaduct,0,VIAD.I/D RW7 VBW.k,261445028,2022-08-01T00:00:00,2178,026144502820220801,PKK0000091545,I,,POINT (131040.70899999887 520322.28880000114)
kunstoverweg_wegvak.759,Viaduct,0,VIAD.I/D RW7 VBW.k,600127610,2022-07-01T00:00:00,288,060012761020220701,PKK0000091545,I,,POINT (131057.87999999896 520306.0291999988)
kunstoverweg_wegvak.760,Viaduct,0,VIAD.I/D RW7 VBW.u,261445028,2022-08-01T00:00:00,2132,026144502820220801,PKK0000091546,I,,POINT (131030.0401000008 520367.03449999914)
kunstoverweg_wegvak.761,Viaduct,0,VIAD.I/D RW7 VBW.u,600127610,2022-07-01T00:00:00,368,060012761020220701,PKK0000091546,I,,POINT (131039.36939999834 520383.85830000043)
kunstoverweg_wegvak.762,Viaduct,0,VIAD.I/D WIJZEND,261445028,2022-08-01T00:00:00,54,026144502820220801,PKK0000091547,I,,POINT (130860.21579999849 522428.40260000154)
kunstoverweg_wegvak.763,Viaduct,0,VIAD.I/D WIJZEND,600127609,2022-06-01T00:00:00,1825,060012760920220601,PKK0000091547,I,,POINT (130873.32829999924 522429.4875999987)
kunstoverweg_wegvak.764,Viaduct,0,VIAD.I/D A.C.DE GRAAFWEG =N241,261446030,2022-08-01T00:00:00,359,026144603020220801,PKK0000091548,I,,POINT (130852.44440000132 522998.9461000003)
kunstoverweg_wegvak.765,Viaduct,0,VIAD.I/D A.C.DE GRAAFWEG =N241,600126945,2022-06-01T00:00:00,82,060012694520220601,PKK0000091548,I,,POINT (130865.71990000084 522992.64869999886)
kunstoverweg_wegvak.766,Viaduct,0,VIAD.'OKKE E'I/D NOORDERLAAN,600136844,2022-03-01T00:00:00,234,060013684420220301,PKK0000091553,I,,POINT (157198.26810000092 567403.6981000006)
kunstoverweg_wegvak.767,Viaduct,0,VIAD.'OKKE E'I/D NOORDERLAAN,314534009,2022-08-01T00:00:00,56,031453400920220801,PKK0000091553,I,,POINT (157191.98649999872 567384.3500000015)
kunstoverweg_wegvak.768,Viaduct,0,VIAD.'LANGHERAHOF'I/D VIERSPRONG,600460358,2022-08-01T00:00:00,1523,060046035820220801,PKK0000091554,I,,POINT (161166.36039999872 565435.9497999996)
kunstoverweg_wegvak.769,Viaduct,0,VIAD.'LANGHERAHOF'I/D VIERSPRONG,600460355,2022-08-01T00:00:00,1503,060046035520220801,PKK0000091554,I,,POINT (161180.0236000009 565451.3984000012)
kunstoverweg_wegvak.770,Viaduct,0,VIAD.'OLDEBERTWEG'I/D OLDEBERTWEG,600457575,2022-08-01T00:00:00,703,060045757520220801,PKK0000091558,I,,POINT (219580.84899999946 576971.1774000004)
kunstoverweg_wegvak.771,Viaduct,0,VIAD.'OLDEBERTWEG'I/D OLDEBERTWEG,600457574,2022-08-01T00:00:00,911,060045757420220801,PKK0000091558,I,,POINT (219572.4349000007 576987.8093999997)
kunstoverweg_wegvak.772,Viaduct,0,VIAD.'HOOFDSTRAAT'I/D HOOFDSTRAAT,600963884,2022-08-01T00:00:00,291,060096388420220801,PKK0000091559,I,,POINT (224319.11820000038 579188.9968999997)
kunstoverweg_wegvak.773,Viaduct,0,VIAD.'HOOFDSTRAAT'I/D HOOFDSTRAAT,600963886,2022-08-01T00:00:00,2392,060096388620220801,PKK0000091559,I,,POINT (224330.27210000157 579173.1264999993)
kunstoverweg_wegvak.774,Viaduct,0,'VIAD.WESTPOORT2008',600151950,2022-08-01T00:00:00,322,060015195020220801,PKK0000091560,I,,POINT (227604.57039999962 580084.8715000004)
kunstoverweg_wegvak.775,Viaduct,0,'VIAD.WESTPOORT2008',454559006,2022-08-01T00:00:00,333,045455900620220801,PKK0000091560,I,,POINT (227608.8729000017 580067.565299999)
kunstoverweg_wegvak.776,Viaduct,0,VIAD.'RODERWOLDERDIJK'I/D RODERWOLDERDIJK,455560023,2022-08-01T00:00:00,739,045556002320220801,PKK0000091561,I,,POINT (228703.87840000167 580247.1020999998)
kunstoverweg_wegvak.777,Viaduct,0,VIAD.'RODERWOLDERDIJK'I/D RODERWOLDERDIJK,600151954,2022-08-01T00:00:00,881,060015195420220801,PKK0000091561,I,,POINT (228711.59950000048 580260.7457999997)
kunstoverweg_wegvak.778,Viaduct,0,VIAD.I/D RW16 (VBW. x),192273075,2022-04-01T00:00:00,41,019227307520220401,PKK0000089605,I,,POINT (96396.07669999823 436461.7906999998)
kunstoverweg_wegvak.779,Viaduct,0,VIAD.'POPULIERENLAAN'I/D POPULIERENLAAN,197264030,2022-05-01T00:00:00,825,019726403020220501,PKK0000089612,I,,POINT (99376.30519999936 431427.17500000075)
kunstoverweg_wegvak.780,Viaduct,0,VIAD.'POPULIERENLAAN'I/D POPULIERENLAAN,600112603,2022-05-01T00:00:00,1251,060011260320220501,PKK0000089612,I,,POINT (99416.3471999988 431423.5185999982)
kunstoverweg_wegvak.781,Viaduct,0,VIAD.I/D LAGENDIJK,198262021,2022-05-01T00:00:00,711,019826202120220501,PKK0000089613,I,,POINT (99944.03510000184 430881.4710999988)
kunstoverweg_wegvak.782,Viaduct,0,VIAD.I/D LAGENDIJK,600112603,2022-05-01T00:00:00,462,060011260320220501,PKK0000089613,I,,POINT (99988.90540000051 430880.65780000016)
kunstoverweg_wegvak.783,Viaduct,0,VIAD. I/D RW 28,600146240,2022-04-01T00:00:00,88,060014624020220401,PKK0000089630,I,,POINT (201219.46950000152 502402.57880000025)
kunstoverweg_wegvak.784,Viaduct,0,VIAD. I/D RW 28,402404032,2022-04-01T00:00:00,67,040240403220220401,PKK0000089631,I,,POINT (201094.3563000001 502243.4778999984)
kunstoverweg_wegvak.785,Viaduct,0,VIAD.'MARKTEWEG'I/D MARKTEWEG,600148488,2021-10-01T00:00:00,487,060014848820211001,PKK0000089636,I,,POINT (207907.253800001 506520.1358000003)
kunstoverweg_wegvak.786,Viaduct,0,VIAD.'MARKTEWEG'I/D MARKTEWEG,600468596,2022-04-01T00:00:00,1282,060046859620220401,PKK0000089636,I,,POINT (207920.22819999978 506514.0780000016)
kunstoverweg_wegvak.787,Viaduct,0,VIAD.'DE MEELE'I/D MEELEWEG,600148798,2021-10-01T00:00:00,745,060014879820211001,PKK0000089637,I,,POINT (209182.99599999934 509789.2708999999)
kunstoverweg_wegvak.788,Viaduct,0,VIAD.'DE MEELE'I/D MEELEWEG,416415016,2022-04-01T00:00:00,2215,041641501620220401,PKK0000089637,I,,POINT (209196.7049999982 509785.12579999864)
kunstoverweg_wegvak.789,Aquaduct,0,AQUADUCT'LEPPA AKWADUKT'I/D BOARN,600930586,2022-04-01T00:00:00,333,060093058620220401,PKK0000089644,I,,POINT (185428.27639999986 563431.2545000017)
kunstoverweg_wegvak.790,Aquaduct,0,AQUADUCT'LEPPA AKWADUKT'I/D BOARN,600930587,2022-04-01T00:00:00,2612,060093058720220401,PKK0000089644,I,,POINT (185415.6085000001 563428.9226000011)
kunstoverweg_wegvak.791,Viaduct,0,VIAD.'ZANDDIJK'I/D ZANDDIJK,600280463,2022-04-01T00:00:00,69,060028046320220401,PKK0000089657,I,,POINT (60357.47129999846 386919.6801000014)
kunstoverweg_wegvak.792,Viaduct,0,VIAD.'ZANDDIJK'I/D ZANDDIJK,600280466,2022-04-01T00:00:00,1246,060028046620220401,PKK0000089657,I,,POINT (60342.38589999825 386907.5971999988)
kunstoverweg_wegvak.793,Viaduct,0,VIAD.'RODE WEEL'I/D SCHEERBIESSTRAAT,600121699,2021-10-01T00:00:00,710,060012169920211001,PKK0000089662,I,,POINT (112469.18349999934 408118.3487999998)
kunstoverweg_wegvak.794,Viaduct,0,VIAD.'RODE WEEL'I/D SCHEERBIESSTRAAT,223215006,2022-04-01T00:00:00,688,022321500620220401,PKK0000089662,I,,POINT (112478.3845999986 408108.6020000018)
kunstoverweg_wegvak.795,Viaduct,0,VIAD.'HAASDIJK'I/D GODFRIED SCHALKENSTRAAT =N629,600121388,2021-10-01T00:00:00,483,060012138820211001,PKK0000089663,I,,POINT (114179.32950000092 409062.8101999983)
kunstoverweg_wegvak.796,Viaduct,0,VIAD.'HAASDIJK'I/D GODFRIED SCHALKENSTRAAT =N629,227217013,2022-04-01T00:00:00,509,022721701320220401,PKK0000089663,I,,POINT (114185.1165000014 409051.2353999987)
kunstoverweg_wegvak.797,Viaduct,0,VIAD.'HESPELAAR'I/D BRIELTJENSWEG,600122881,2022-05-01T00:00:00,656,060012288120220501,PKK0000089664,I,,POINT (115898.92770000175 409683.5993000008)
kunstoverweg_wegvak.798,Viaduct,0,VIAD.'HESPELAAR'I/D BRIELTJENSWEG,231219036,2022-04-01T00:00:00,420,023121903620220401,PKK0000089664,I,,POINT (115900.89420000091 409671.2509999983)
kunstoverweg_wegvak.799,Viaduct,0,VIAD.I/D HEEMRAADSINGEL,240222033,2022-04-01T00:00:00,1261,024022203320220401,PKK0000089666,I,,POINT (121432.15080000088 411579.71389999986)
kunstoverweg_wegvak.800,Viaduct,0,VIAD.I/D HEEMRAADSINGEL,600124460,2022-04-01T00:00:00,1783,060012446020220401,PKK0000089666,I,,POINT (121427.89930000156 411590.8033999987)
kunstoverweg_wegvak.801,Viaduct,0,VIAD.I/D ZIJLWEG,240222033,2022-04-01T00:00:00,2913,024022203320220401,PKK0000089667,I,,POINT (123054.36809999868 411814.59479999915)
kunstoverweg_wegvak.802,Viaduct,0,VIAD.I/D ZIJLWEG,600124460,2022-04-01T00:00:00,125,060012446020220401,PKK0000089667,I,,POINT (123055.9582999982 411826.86019999906)
kunstoverweg_wegvak.803,Viaduct,0,VIAD.I/D ELSHOUTSEWEG,600129622,2021-10-01T00:00:00,1597,060012962220211001,PKK0000089668,I,,POINT (137511.1517000012 411775.98959999904)
kunstoverweg_wegvak.804,Viaduct,0,VIAD.I/D ELSHOUTSEWEG,271223018,2022-04-01T00:00:00,1912,027122301820220401,PKK0000089668,I,,POINT (137514.58210000023 411764.3729999997)
kunstoverweg_wegvak.805,Viaduct,0,VIAD.I/D DE TOL =N267,600423249,2021-10-01T00:00:00,18,060042324920211001,PKK0000089669,I,,POINT (139513.70160000026 412222.4748999998)
kunstoverweg_wegvak.806,Viaduct,0,VIAD.I/D DE TOL =N267,600423242,2022-04-01T00:00:00,443,060042324220220401,PKK0000089669,I,,POINT (139514.4268000014 412210.2793000005)
kunstoverweg_wegvak.807,Viaduct,0,VIAD.I/D VLIJMENSEWEG,290223041,2021-10-01T00:00:00,322,029022304120211001,PKK0000089670,I,,POINT (145246.2463000007 412056.9237000011)
kunstoverweg_wegvak.808,Viaduct,0,VIAD.I/D VLIJMENSEWEG,600135313,2022-04-01T00:00:00,456,060013531320220401,PKK0000089670,I,,POINT (145240.61499999836 412069.82660000026)
kunstoverweg_wegvak.809,Viaduct,0,VIAD.'MELKVONDER VIADUCT',262222061,2022-04-01T00:00:00,86,026222206120220401,PKK0000089673,I,,POINT (131068.3013000004 411324.6515999995)
kunstoverweg_wegvak.810,Viaduct,0,VIAD.'TAXANDRIA VIADUCT',262222090,2022-04-01T00:00:00,278,026222209020220401,PKK0000089675,I,,POINT (131599.35090000182 411381.4327000007)
kunstoverweg_wegvak.811,Viaduct,0,VIAD.'LEERLOOIER VIADUCT'I/D vbw. z,262222090,2022-04-01T00:00:00,20,026222209020220401,PKK0000089674,I,,POINT (131354.49670000002 411349.371199999)
kunstoverweg_wegvak.812,Viaduct,0,VIAD.'LOSEKAAT'I/D LOSEKAAT,202219040,2022-10-01T00:00:00,118,020221904020221001,PKK0000084716,I,,POINT (101162.79399999976 409458.3379999995)
kunstoverweg_wegvak.813,Viaduct,0,VIAD.'LOSEKAAT'I/D LOSEKAAT,202218009,2021-10-01T00:00:00,40,020221800920211001,PKK0000084717,I,,POINT (101176.57019999996 409443.08469999954)
kunstoverweg_wegvak.814,Viaduct,0,VIAD.'PANNENHOEF'I/D MARKWEG,600114291,2021-10-01T00:00:00,10,060011429120211001,PKK0000084721,I,,POINT (94485.07730000094 403932.7382000014)
kunstoverweg_wegvak.815,Viaduct,0,VIAD.'ZEELANDPOORT'I/D RW.017 RANG.BAAN M,600106619,2021-10-01T00:00:00,478,060010661920211001,PKK0000084730,I,,POINT (88623.95069999993 393876.6895999983)
kunstoverweg_wegvak.816,Viaduct,0,VIAD.'PANNENHOEVE'I/D VLIETWEG,187205008,2021-10-01T00:00:00,1635,018720500820211001,PKK0000084734,I,,POINT (94516.87200000137 403941.22470000014)
kunstoverweg_wegvak.817,Viaduct,0,VIAD.'PANNENHOEVE'I/D PAR.WEG V/D VLIETWEG,187205008,2021-10-01T00:00:00,1607,018720500820211001,PKK0000084735,I,,POINT (94494.72159999982 403924.09690000117)
kunstoverweg_wegvak.818,Viaduct,0,VIAD.'BORCHWERF'I/D STEPVELDEN,600113680,2021-10-01T00:00:00,489,060011368020211001,PKK0000084739,I,,POINT (90507.7798999995 396907.4349000007)
kunstoverweg_wegvak.819,Viaduct,0,VIAD.'BORCHWERF'I/D STEPVELDEN,180193012,2021-10-01T00:00:00,487,018019301220211001,PKK0000084739,I,,POINT (90519.55820000172 396899.2045999989)
kunstoverweg_wegvak.820,Viaduct,0,VIAD.'PANNENHOEVE'I/D VLIETWEG,600113139,2021-10-01T00:00:00,1786,060011313920211001,PKK0000084734,I,,POINT (94512.09299999848 403952.2575000003)
kunstoverweg_wegvak.821,Viaduct,0,VIAD.'PANNENHOEVE'I/D PAR.WEG V/D VLIETWEG,600113138,2021-10-01T00:00:00,8,060011313820211001,PKK0000084735,I,,POINT (94487.30950000137 403933.01249999925)
kunstoverweg_wegvak.822,Viaduct,0,VIAD.I/D VBW.h ='KP.KETHELPLEIN',169275050,2021-10-01T00:00:00,320,016927505020211001,PKK0000084744,I,,POINT (84935.49529999867 437946.60179999843)
kunstoverweg_wegvak.823,Viaduct,0,VIAD.I/D VBW.h ='KP.KETHELPLEIN',600107494,2021-10-01T00:00:00,888,060010749420211001,PKK0000084744,I,,POINT (84939.07959999889 437958.1365999989)
kunstoverweg_wegvak.824,Viaduct,0,VIAD.I/D SPOORWEG DELFT ROTTERDAM,171275050,2021-10-01T00:00:00,1172,017127505020211001,PKK0000084745,I,,POINT (87077.49500000104 438051.1387999989)
kunstoverweg_wegvak.825,Viaduct,0,VIAD.I/D SPOORWEG DELFT ROTTERDAM,600105292,2021-10-01T00:00:00,292,060010529220211001,PKK0000084745,I,,POINT (87079.00730000064 438065.9497000016)
kunstoverweg_wegvak.826,Viaduct,0,FIETS-VOETG.VIAD.,179276033,2021-10-01T00:00:00,91,017927603320211001,PKK0000084746,I,,POINT (89691.28709999844 438462.805399999)
kunstoverweg_wegvak.827,Viaduct,0,FIETS-VOETG.VIAD.,600261099,2021-10-01T00:00:00,950,060026109920211001,PKK0000084746,I,,POINT (89679.5260999985 438469.82009999827)
kunstoverweg_wegvak.828,Viaduct,0,VIAD.I/D ROTONDE'KP.KLEINPOLDERPLEIN',179276033,2021-10-01T00:00:00,107,017927603320211001,PKK0000084747,I,,POINT (89705.433699999 438470.2802999988)
kunstoverweg_wegvak.829,Viaduct,0,VIAD.I/D ROTONDE'KP.KLEINPOLDERPLEIN',600261099,2021-10-01T00:00:00,936,060026109920211001,PKK0000084747,I,,POINT (89691.88149999827 438476.40359999985)
kunstoverweg_wegvak.830,Viaduct,0,VIAD. I/D RW. 13 (R.RIJB.) ='KP.KLEINPOLDERPLEIN',179276033,2021-10-01T00:00:00,178,017927603320211001,PKK0000084748,I,,POINT (89768.81430000067 438502.27270000055)
kunstoverweg_wegvak.831,Viaduct,0,VIAD.'WOESTENBERG'I/D WOESTENBERGSEWEG (L.RIJB.),231192010,2022-10-01T00:00:00,1517,023119201020221001,PKK0000092041,I,,POINT (116998.01260000095 396124.94839999825)
kunstoverweg_wegvak.832,Viaduct,0,VIAD.'EIKBERG'IN RW. 58 (L.RIJB.) ='KP.ST.ANNABOSCH',231192010,2022-10-01T00:00:00,818,023119201020221001,PKK0000092042,I,,POINT (116401.86459999904 395893.03730000183)
kunstoverweg_wegvak.833,Viaduct,0,VIAD.'EIKBERG'IN RW. 58 (L.RIJB.) ='KP.ST.ANNABOSCH',600122805,2022-03-01T00:00:00,0,060012280520220301,PKK0000092042,I,,POINT (116415.95459999889 395912.6678000018)
kunstoverweg_wegvak.834,Viaduct,0,VIAD.'EIKBERG'IN RW. 58 (R.RIJB.) ='KP.ST.ANNABOSCH',600122805,2022-03-01T00:00:00,24,060012280520220301,PKK0000092043,I,,POINT (116393.65040000156 395921.5278000012)
kunstoverweg_wegvak.835,Viaduct,0,VIAD.'EIKBERG'IN RW. 58 (R.RIJB.) ='KP.ST.ANNABOSCH',231192010,2022-10-01T00:00:00,793,023119201020221001,PKK0000092043,I,,POINT (116378.69249999896 395902.42060000077)
kunstoverweg_wegvak.836,Viaduct,0,VIAD.'ROOSBERG'I/D DEKEN DR.DIRICKXWEG,600123027,2022-10-01T00:00:00,2093,060012302720221001,PKK0000092044,I,,POINT (115670.55939999968 396946.78830000013)
kunstoverweg_wegvak.837,Viaduct,0,VIAD.'ROOSBERG'I/D DEKEN DR.DIRICKXWEG,231192007,2022-10-01T00:00:00,455,023119200720221001,PKK0000092044,I,,POINT (115712.54930000007 396946.6684000008)
kunstoverweg_wegvak.839,Viaduct,0,VIAD.,231192007,2022-10-01T00:00:00,1198,023119200720221001,PKK0000092045,I,,POINT (115767.37209999934 397686.7993000001)
kunstoverweg_wegvak.840,Viaduct,0,VIAD.'IJPELAAR'I/D LANGE BUNDER,600123027,2022-10-01T00:00:00,716,060012302720221001,PKK0000092046,I,,POINT (115869.44799999893 398308.19530000165)
kunstoverweg_wegvak.841,Viaduct,0,VIAD.'IJPELAAR'I/D LANGE BUNDER,231192007,2022-10-01T00:00:00,1828,023119200720221001,PKK0000092046,I,,POINT (115882.50820000097 398306.125500001)
kunstoverweg_wegvak.842,Viaduct,0,VIAD.'HEUSDENHOUT'I/D ZUID.RONDWEG,600123123,2022-10-01T00:00:00,308,060012312320221001,PKK0000092047,I,,POINT (115945.77100000158 399396.57820000127)
kunstoverweg_wegvak.843,Viaduct,0,VIAD.'HEUSDENHOUT'I/D ZUID.RONDWEG,231197009,2022-10-01T00:00:00,703,023119700920221001,PKK0000092047,I,,POINT (115957.92990000173 399389.6779000014)
kunstoverweg_wegvak.844,Viaduct,0,VIAD.'HOOGSTRAAT'I/D HOOGSTRAAT,239210005,2021-10-01T00:00:00,700,023921000520211001,PKK0000092048,I,,POINT (120086.51069999859 405628.94260000065)
kunstoverweg_wegvak.845,Viaduct,0,VIAD.'HOOGSTRAAT'I/D HOOGSTRAAT,600122974,2022-10-01T00:00:00,959,060012297420221001,PKK0000092048,I,,POINT (120074.64039999992 405631.43829999864)
kunstoverweg_wegvak.846,Viaduct,0,VIAD.'OOSTEIND'I/D BOVENSTEWEG,600124335,2021-10-01T00:00:00,225,060012433520211001,PKK0000092049,I,,POINT (120072.29580000043 406857.73860000074)
kunstoverweg_wegvak.847,Viaduct,0,VIAD.'OOSTEIND'I/D BOVENSTEWEG,240214007,2022-10-01T00:00:00,281,024021400720221001,PKK0000092049,I,,POINT (120060.33199999854 406858.35020000115)
kunstoverweg_wegvak.848,Viaduct,0,VIAD.'OOSTEIND'I/D BOVENSTEWEG,600124335,2021-10-01T00:00:00,241,060012433520211001,PKK0000092050,I,,POINT (120071.68420000002 406873.7269000001)
kunstoverweg_wegvak.849,Viaduct,0,VIAD.'OOSTEIND'I/D BOVENSTEWEG,240214007,2022-10-01T00:00:00,265,024021400720221001,PKK0000092050,I,,POINT (120059.71889999881 406874.33839999884)
kunstoverweg_wegvak.850,Viaduct,0,VIAD.'RIJNSWEERD OOST'IN RANG.BAAN y='KP.RIJNSWEERD',600128966,2022-10-01T00:00:00,223,060012896620221001,PKK0000092054,I,,POINT (139980.50429999828 456124.42449999973)
kunstoverweg_wegvak.851,Viaduct,0,VIAD.'FLIERHAAR'I/D KUIPERSWEG,600151073,2021-10-01T00:00:00,1135,060015107320211001,PKK0000092064,I,,POINT (245332.6132999994 480425.6944000013)
kunstoverweg_wegvak.852,Viaduct,0,VIAD.'FLIERHAAR'I/D KUIPERSWEG,489361009,2022-10-01T00:00:00,446,048936100920221001,PKK0000092064,I,,POINT (245322.8739 480412.93829999864)
kunstoverweg_wegvak.853,Viaduct,0,VIAD.'VOORVELD'I/D BLOKSTEGENWEG,600151073,2021-10-01T00:00:00,363,060015107320211001,PKK0000092065,I,,POINT (245891.14730000123 479893.6213000007)
kunstoverweg_wegvak.854,Viaduct,0,VIAD.'VOORVELD'I/D BLOKSTEGENWEG,489361009,2022-10-01T00:00:00,1217,048936100920221001,PKK0000092065,I,,POINT (245880.44159999862 479881.3271000013)
kunstoverweg_wegvak.855,Viaduct,0,VIAD.'LETTERVELD'I/D HOBROEKEWEG,600151007,2021-10-01T00:00:00,156,060015100720211001,PKK0000092066,I,,POINT (246583.57189999893 479168.59600000083)
kunstoverweg_wegvak.856,Viaduct,0,VIAD.'LETTERVELD'I/D HOBROEKEWEG,492358015,2022-10-01T00:00:00,527,049235801520221001,PKK0000092066,I,,POINT (246572.46599999815 479155.8530000001)
kunstoverweg_wegvak.857,Viaduct,0,VIAD.I/D AAMSVEENWEG,520338018,2022-10-01T00:00:00,1629,052033801820221001,PKK0000092069,I,,POINT (261829.65549999848 468703.67119999975)
kunstoverweg_wegvak.858,Viaduct,0,FIETS-VOETG.VIAD.,317178058,2021-10-01T00:00:00,220,031717805820211001,PKK0000092071,I,,POINT (158840.01850000024 389402.9754000008)
kunstoverweg_wegvak.859,Viaduct,0,VIAD. I/D HUIZINGALAAN,318178093,2022-01-01T00:00:00,294,031817809320220101,PKK0000092072,I,,POINT (159434.05249999836 389539.28819999844)
kunstoverweg_wegvak.860,Viaduct,0,VIAD. I/D HUIZINGALAAN,600138341,2022-10-01T00:00:00,439,060013834120221001,PKK0000092072,I,,POINT (159429.11019999906 389560.9237000011)
kunstoverweg_wegvak.861,Viaduct,0,VIAD. I/D HUIZINGALAAN,318178093,2022-01-01T00:00:00,317,031817809320220101,PKK0000092073,I,,POINT (159456.4690000005 389544.435800001)
kunstoverweg_wegvak.862,Viaduct,0,VIAD. I/D HUIZINGALAAN,600138341,2022-10-01T00:00:00,416,060013834120221001,PKK0000092073,I,,POINT (159451.56749999896 389565.89070000127)
kunstoverweg_wegvak.863,Viaduct,0,VIAD.'AANSCHOT' I/D EKKERSRIJT 4600,319179014,2022-01-01T00:00:00,428,031917901420220101,PKK0000092074,I,,POINT (160294.6700000018 389674.34420000017)
kunstoverweg_wegvak.864,Viaduct,0,VIAD.'AANSCHOT' I/D EKKERSRIJT 4600,600138976,2022-10-01T00:00:00,337,060013897620221001,PKK0000092074,I,,POINT (160292.47830000147 389687.86879999936)
kunstoverweg_wegvak.865,Ecoduct,0,ECODUCT HERPERDUIN,600140489,2022-05-01T00:00:00,275,060014048920220501,PKK0000092077,I,,POINT (169055.4915000014 417240.2391999997)
kunstoverweg_wegvak.866,Ecoduct,0,ECODUCT HERPERDUIN,337233010,2022-10-01T00:00:00,396,033723301020221001,PKK0000092077,I,,POINT (169061.31450000033 417220.86199999973)
kunstoverweg_wegvak.867,Viaduct,0,VIAD.'LAGE HEIDE'I/D LAGE BAAN,600140489,2022-05-01T00:00:00,227,060014048920220501,PKK0000092078,I,,POINT (169096.26810000092 417265.56120000035)
kunstoverweg_wegvak.868,Viaduct,0,VIAD.'LAGE HEIDE'I/D LAGE BAAN,337233010,2022-10-01T00:00:00,444,033723301020221001,PKK0000092078,I,,POINT (169101.96970000118 417246.3772)
kunstoverweg_wegvak.869,Viaduct,0,VIAD.'BREEMHAER' I/D KLAPPERSTRAAT,600139970,2022-05-01T00:00:00,1526,060013997020220501,PKK0000092079,I,,POINT (170292.93980000168 417658.246199999)
kunstoverweg_wegvak.870,Viaduct,0,VIAD.'BREEMHAER' I/D KLAPPERSTRAAT,339234008,2022-10-01T00:00:00,912,033923400820221001,PKK0000092079,I,,POINT (170295.1686999984 417638.69729999825)
kunstoverweg_wegvak.871,Viaduct,0,VIAD.'DASSENBURCHT' I/D RUNSTRAAT,600958404,2022-10-01T00:00:00,17,060095840420221001,PKK0000092080,I,,POINT (171419.68290000036 418710.1068999991)
kunstoverweg_wegvak.872,Viaduct,0,VIAD.'HULSHORST'I/D HIERDERWEG,600140526,2021-10-01T00:00:00,82,060014052620211001,PKK0000084895,I,,POINT (176579.43989999965 483970.56500000134)
kunstoverweg_wegvak.873,Viaduct,0,VIAD.'HULSHORST'I/D HIERDERWEG,352367003,2021-10-01T00:00:00,396,035236700320211001,PKK0000084895,I,,POINT (176584.26779999956 483958.45699999854)
kunstoverweg_wegvak.874,Ecoduct,0,ECODUCT 'HULSHORST',353367008,2021-10-01T00:00:00,733,035336700820211001,PKK0000084896,I,,POINT (177337.35080000013 484256.66010000184)
kunstoverweg_wegvak.875,Ecoduct,0,ECODUCT 'HULSHORST',600142282,2021-10-01T00:00:00,3527,060014228220211001,PKK0000084896,I,,POINT (177325.41409999877 484282.5122000016)
kunstoverweg_wegvak.876,Viaduct,0,VIAD.'KLARENWEG'I/D KLARENWEG,353367008,2021-10-01T00:00:00,2339,035336700820211001,PKK0000084897,I,,POINT (178771.19619999826 484980.0329999998)
kunstoverweg_wegvak.877,Viaduct,0,VIAD.'KLARENWEG'I/D KLARENWEG,600142282,2021-10-01T00:00:00,1921,060014228220211001,PKK0000084897,I,,POINT (178759.8332999982 485004.7544)
kunstoverweg_wegvak.878,Viaduct,0,VIAD.'BRANDSWEG'I/D BRANDSWEG,353367008,2021-10-01T00:00:00,3649,035336700820211001,PKK0000084898,I,,POINT (179923.4226000011 485603.2721000016)
kunstoverweg_wegvak.879,Viaduct,0,VIAD.'BRANDSWEG'I/D BRANDSWEG,600142282,2021-10-01T00:00:00,613,060014228220211001,PKK0000084898,I,,POINT (179910.12920000032 485627.35500000045)
kunstoverweg_wegvak.880,Viaduct,0,VIAD.'NUNSPEET'I/D ELSPETERWEG,600142166,2022-04-01T00:00:00,357,060014216620220401,PKK0000084899,I,,POINT (182154.52919999883 486096.55959999934)
kunstoverweg_wegvak.881,Viaduct,0,VIAD.'NUNSPEET'I/D ELSPETERWEG,363372009,2021-10-01T00:00:00,347,036337200920211001,PKK0000084899,I,,POINT (182165.0476000011 486086.58689999953)
kunstoverweg_wegvak.882,Viaduct,0,VIAD.'VENNEPAD'I/H VENNENPAD,600142177,2022-04-01T00:00:00,1932,060014217720220401,PKK0000084900,I,,POINT (182784.40780000016 486274.56069999933)
kunstoverweg_wegvak.883,Viaduct,0,VIAD.'VENNEPAD'I/H VENNENPAD,365372005,2021-10-01T00:00:00,335,036537200520211001,PKK0000084900,I,,POINT (182788.28970000148 486263.2523000017)
kunstoverweg_wegvak.884,Viaduct,0,VIAD.'VOSKUILDIJK'I/D VOSKUILERDIJK,392396018,2021-10-01T00:00:00,1169,039239601820211001,PKK0000084902,I,,POINT (196982.24399999902 498963.0817000009)
kunstoverweg_wegvak.885,Viaduct,0,VIAD.'VOSKUILDIJK'I/D VOSKUILERDIJK,394398001,2021-10-01T00:00:00,708,039439800120211001,PKK0000084902,I,,POINT (196975.7584999986 498972.33040000126)
kunstoverweg_wegvak.886,Viaduct,0,VIAD.'SLUITERSWEG'I/D SLUITERSWEG,419423012,2021-10-01T00:00:00,1053,041942301220211001,PKK0000084912,I,,POINT (210175.19269999862 512540.0406000018)
kunstoverweg_wegvak.887,Viaduct,0,VIAD.'SLUITERSWEG'I/D SLUITERSWEG,600283820,2021-10-01T00:00:00,2768,060028382020211001,PKK0000084912,I,,POINT (210161.46159999818 512544.07930000126)
kunstoverweg_wegvak.888,Viaduct,0,VIAD.'SCHOLENWEG'I/D SCHOLENWEG,419423012,2021-10-01T00:00:00,2096,041942301220211001,PKK0000084913,I,,POINT (210507.29030000046 513528.3625999987)
kunstoverweg_wegvak.889,Viaduct,0,VIAD.'SCHOLENWEG'I/D SCHOLENWEG,600283820,2021-10-01T00:00:00,1725,060028382020211001,PKK0000084913,I,,POINT (210493.65399999917 513532.3671000004)
kunstoverweg_wegvak.890,Viaduct,0,VIAD.'DEKKERSWEG'I/D DEKKERSWEG,419423012,2021-10-01T00:00:00,3766,041942301220211001,PKK0000084914,I,,POINT (210554.01480000094 515194.75090000033)
kunstoverweg_wegvak.891,Viaduct,0,VIAD.'DEKKERSWEG'I/D DEKKERSWEG,600283820,2021-10-01T00:00:00,59,060028382020211001,PKK0000084914,I,,POINT (210539.6726000011 515194.7708999999)
kunstoverweg_wegvak.892,Viaduct,0,VIAD.'MIDDENWOLDERWEG'I/D MIDDENWOLDERWEG,600283819,2021-10-01T00:00:00,560,060028381920211001,PKK0000084915,I,,POINT (210328.7666000016 516573.6015000008)
kunstoverweg_wegvak.893,Viaduct,0,VIAD.'MIDDENWOLDERWEG'I/D MIDDENWOLDERWEG,600148152,2021-08-01T00:00:00,878,060014815220210801,PKK0000084915,I,,POINT (210341.00659999996 516574.9593999982)
kunstoverweg_wegvak.894,Viaduct,0,VIAD.'KLOOSTERWEG'I/D KLOOSTERWEG,600148201,2022-03-01T00:00:00,665,060014820120220301,PKK0000084916,I,,POINT (209957.96119999886 518968.1867999993)
kunstoverweg_wegvak.895,Viaduct,0,VIAD.'KLOOSTERWEG'I/D KLOOSTERWEG,600283827,2021-10-01T00:00:00,922,060028382720211001,PKK0000084916,I,,POINT (209940.16970000044 518967.49500000104)
kunstoverweg_wegvak.896,Viaduct,0,VIAD. I/D RW. 32 vbw w,600149185,2021-10-01T00:00:00,390,060014918520211001,PKK0000084917,I,,POINT (209852.0623999983 520213.80050000176)
kunstoverweg_wegvak.897,Viaduct,0,VIAD. I/D RW. 32 vbw w,419440013,2021-10-01T00:00:00,157,041944001320211001,PKK0000084917,I,,POINT (209868.24069999903 520207.63259999827)
kunstoverweg_wegvak.898,Viaduct,0,VIAD.'WUBBELAAN'IN RW. 32 (R.RIJB.),600149185,2021-10-01T00:00:00,357,060014918520211001,PKK0000084918,I,,POINT (209857.85190000013 520246.2879000008)
kunstoverweg_wegvak.899,Viaduct,0,VIAD.'WUBBELAAN'IN RW. 32 (R.RIJB.),419440013,2021-10-01T00:00:00,190,041944001320211001,PKK0000084918,I,,POINT (209874.12469999865 520240.10339999944)
kunstoverweg_wegvak.900,Viaduct,0,VIAD.'LANKHORST'I/D LANKHORSTERWEG,600149193,2021-10-01T00:00:00,533,060014919320211001,PKK0000084920,I,,POINT (211037.4563000016 521754.32660000026)
kunstoverweg_wegvak.901,Viaduct,0,VIAD.'LANKHORST'I/D LANKHORSTERWEG,419440013,2021-10-01T00:00:00,2158,041944001320211001,PKK0000084920,I,,POINT (211045.25829999894 521739.00569999963)
kunstoverweg_wegvak.902,Viaduct,0,VIAD.'DE VELTKAMP'I/D SCHIPHORSTERWEG,423444013,2021-10-01T00:00:00,993,042344401320211001,PKK0000084921,I,,POINT (212429.84760000184 522357.0936000012)
kunstoverweg_wegvak.903,Viaduct,0,VIAD.'DE VELTKAMP'I/D SCHIPHORSTERWEG,600413919,2021-10-01T00:00:00,1,060041391920211001,PKK0000084921,I,,POINT (212429.91380000114 522374.21440000087)
kunstoverweg_wegvak.904,Viaduct,0,VIAD.'DE WIEKE'I/D WIEKE,431444014,2021-10-01T00:00:00,1118,043144401420211001,PKK0000084922,I,,POINT (216693.86050000042 521767.4365000017)
kunstoverweg_wegvak.905,Viaduct,0,VIAD.'DE WIEKE'I/D WIEKE,600150079,2021-10-01T00:00:00,3058,060015007920211001,PKK0000084922,I,,POINT (216697.02980000153 521784.2259000018)
kunstoverweg_wegvak.906,Viaduct,0,VIAD.'KLAVERBLAD HOOGEVEEN'IN RW. 28 ='KP.HOOGEVEEN',452449001,2021-10-01T00:00:00,886,045244900120211001,PKK0000084923,I,,POINT (227367.35539999977 525023.6763000004)
kunstoverweg_wegvak.907,Viaduct,0,VIAD.'KLAVERBLAD HOOGEVEEN'IN RW. 28 ='KP.HOOGEVEEN',600151211,2021-10-01T00:00:00,121,060015121120211001,PKK0000084924,I,,POINT (227394.0170999989 525041.0899999999)
kunstoverweg_wegvak.908,Viaduct,0,VIAD.'KLAVERBLAD HOOGEVEEN'IN RW. 28 ='KP.HOOGEVEEN',452449001,2021-10-01T00:00:00,911,045244900120211001,PKK0000084924,I,,POINT (227392.1719999984 525026.699000001)
kunstoverweg_wegvak.909,Viaduct,0,VIAD.'DE KOPPELING'I/D SMEENGELAAN,600150890,2021-10-01T00:00:00,999,060015089020211001,PKK0000084925,I,,POINT (227753.49749999866 527016.6959000006)
kunstoverweg_wegvak.910,Viaduct,0,VIAD.'DE KOPPELING'I/D SMEENGELAAN,455453044,2021-10-01T00:00:00,183,045545304420211001,PKK0000084925,I,,POINT (227771.79710000008 527019.4829999991)
kunstoverweg_wegvak.911,Viaduct,0,VIAD.I/D SPOORWEG MEPPEL HOOGEVEEN,600150890,2021-10-01T00:00:00,553,060015089020211001,PKK0000084926,I,,POINT (227768.24769999832 527462.1435999982)
kunstoverweg_wegvak.912,Viaduct,0,VIAD.I/D SPOORWEG MEPPEL HOOGEVEEN,455453044,2021-10-01T00:00:00,621,045545304420211001,PKK0000084926,I,,POINT (227787.9277999997 527456.8812000006)
kunstoverweg_wegvak.913,Viaduct,0,VIAD.'DASSENBURCHT' I/D RUNSTRAAT,600958407,2022-07-01T00:00:00,2579,060095840720220701,PKK0000092080,I,,POINT (171404.79069999978 418722.91690000147)
kunstoverweg_wegvak.914,Viaduct,0,VIAD.'HET BROEK' I/D BERGHEMSEWEG,600958404,2022-10-01T00:00:00,1593,060095840420221001,PKK0000092081,I,,POINT (171844.67210000008 420225.09380000085)
kunstoverweg_wegvak.915,Viaduct,0,VIAD.'HET BROEK' I/D BERGHEMSEWEG,600958407,2022-07-01T00:00:00,1013,060095840720220701,PKK0000092081,I,,POINT (171825.79309999943 420228.751600001)
kunstoverweg_wegvak.916,Viaduct,0,VIAD.'ERWENPAS' I/D HAMSTRAAT,600958405,2022-10-01T00:00:00,785,060095840520221001,PKK0000092082,I,,POINT (172737.82039999962 421720.2223000005)
kunstoverweg_wegvak.917,Viaduct,0,VIAD.'ERWENPAS' I/D HAMSTRAAT,600958406,2022-07-01T00:00:00,486,060095840620220701,PKK0000092082,I,,POINT (172729.48519999906 421737.79360000044)
kunstoverweg_wegvak.918,Viaduct,0,VIAD.'RAMENBERG' I/D GROENENDAALSEWEG,600145278,2022-10-01T00:00:00,1702,060014527820221001,PKK0000092086,I,,POINT (193835.92309999838 457224.7806000002)
kunstoverweg_wegvak.919,Ecoduct,0,ECODUCT'WOESTE HOEVE' I/D WILDWISSEL,600143874,2022-10-01T00:00:00,1248,060014387420221001,PKK0000092087,I,,POINT (193723.1427000016 458338.3049999997)
kunstoverweg_wegvak.920,Ecoduct,0,ECODUCT'WOESTE HOEVE' I/D WILDWISSEL,600145278,2022-10-01T00:00:00,566,060014527820221001,PKK0000092087,I,,POINT (193710.03440000117 458335.40029999986)
kunstoverweg_wegvak.921,Viaduct,0,VIAD.'SCHALTERBERG' I/D GROOT PANORAMA,387318013,2021-10-01T00:00:00,1689,038731801320211001,PKK0000092088,I,,POINT (194922.4635999985 460362.9211000018)
kunstoverweg_wegvak.922,Viaduct,0,VIAD.'SCHALTERBERG' I/D GROOT PANORAMA,600143878,2022-10-01T00:00:00,1459,060014387820221001,PKK0000092088,I,,POINT (194908.98779999837 460375.86089999974)
kunstoverweg_wegvak.923,Viaduct,0,VIAD.'REENBERG' I/D SCHALTERBERGWEG,387318013,2021-10-01T00:00:00,2686,038731801320211001,PKK0000092089,I,,POINT (195700.27450000122 460986.53229999915)
kunstoverweg_wegvak.924,Viaduct,0,VIAD.'REENBERG' I/D SCHALTERBERGWEG,600143878,2022-10-01T00:00:00,462,060014387820221001,PKK0000092089,I,,POINT (195686.95219999924 460999.2714000009)
kunstoverweg_wegvak.925,Viaduct,0,FIETS-VOETG.VIAD.,600138341,2022-10-01T00:00:00,1034,060013834120221001,PKK0000092071,I,,POINT (158850.0758999996 389424.26949999854)
kunstoverweg_wegvak.926,Viaduct,0,VIAD.'RAMENBERG' I/D GROENENDAALSEWEG,600143874,2022-10-01T00:00:00,82,060014387420221001,PKK0000092086,I,,POINT (193842.76689999923 457198.45600000024)
kunstoverweg_wegvak.927,Viaduct,0,VIAD.'EINDHOVENSEDIJK'I/D EINDHOVENSEDIJK,600135414,2022-09-01T00:00:00,1392,060013541420220901,PKK0000092094,I,,POINT (151474.5938999988 389312.9653999992)
kunstoverweg_wegvak.928,Viaduct,0,VIAD.'EINDHOVENSEDIJK'I/D EINDHOVENSEDIJK,600940412,2022-10-01T00:00:00,1496,060094041220221001,PKK0000092094,I,,POINT (151473.9998999983 389295.7399000004)
kunstoverweg_wegvak.929,Viaduct,0,VIAD.'HEMELRIJKEN'I/D KEMPENWEG,600135248,2022-09-01T00:00:00,498,060013524820220901,PKK0000092095,I,,POINT (149586.47289999947 389443.40900000185)
kunstoverweg_wegvak.930,Viaduct,0,VIAD.'HEMELRIJKEN'I/D KEMPENWEG,298179014,2022-10-01T00:00:00,326,029817901420221001,PKK0000092095,I,,POINT (149579.64919999987 389428.1790000014)
kunstoverweg_wegvak.931,Viaduct,0,VIAD.'LUBBERSTRAAT'I/D GROENEWOUD,600128635,2022-10-01T00:00:00,2721,060012863520221001,PKK0000092096,I,,POINT (147071.17810000107 391073.89919999987)
kunstoverweg_wegvak.932,Viaduct,0,VIAD.'LUBBERSTRAAT'I/D GROENEWOUD,288184005,2022-10-01T00:00:00,3235,028818400520221001,PKK0000092096,I,,POINT (147065.83940000087 391064.20800000057)
kunstoverweg_wegvak.933,Viaduct,0,VIAD.'KATTENBERG'I/D KATTENBERG,600128635,2022-10-01T00:00:00,4247,060012863520221001,PKK0000092097,I,,POINT (145698.96070000157 391741.2093999982)
kunstoverweg_wegvak.934,Viaduct,0,VIAD.'KATTENBERG'I/D KATTENBERG,288184005,2022-10-01T00:00:00,1711,028818400520221001,PKK0000092097,I,,POINT (145695.36230000108 391730.52439999953)
kunstoverweg_wegvak.935,Viaduct,0,VIAD.'REEDIJK'I/D REEDIJK,600128526,2022-10-01T00:00:00,1191,060012852620221001,PKK0000092098,I,,POINT (143070.1420999989 392967.90790000185)
kunstoverweg_wegvak.936,Viaduct,0,VIAD.'REEDIJK'I/D REEDIJK,281187006,2022-10-01T00:00:00,2416,028118700620221001,PKK0000092098,I,,POINT (143067.24920000136 392956.90680000186)
kunstoverweg_wegvak.937,Viaduct,0,VIAD.'VINKENBERG'I/D VINKENBERG,280188021,2021-10-01T00:00:00,258,028018802120211001,PKK0000092099,I,,POINT (140558.26330000162 394087.1757999994)
kunstoverweg_wegvak.938,Viaduct,0,VIAD.'VINKENBERG'I/D VINKENBERG,600127923,2022-10-01T00:00:00,244,060012792320221001,PKK0000092099,I,,POINT (140554.04340000078 394101.5117000006)
kunstoverweg_wegvak.939,Viaduct,0,VIAD.'MOLENSCHOT'I/D RAAKEINDSE KERKWEG,600124371,2021-10-01T00:00:00,779,060012437120211001,PKK0000092100,I,,POINT (120819.20499999821 396647.9690999985)
kunstoverweg_wegvak.940,Viaduct,0,VIAD.'MOLENSCHOT'I/D RAAKEINDSE KERKWEG,240193007,2022-10-01T00:00:00,741,024019300720221001,PKK0000092100,I,,POINT (120812.8823999986 396628.5438000001)
kunstoverweg_wegvak.941,Viaduct,0,VIAD.'ANNEVILLE'I/D ANNEVILLE-LAAN,228188015,2021-10-01T00:00:00,1182,022818801520211001,PKK0000092102,I,,POINT (115232.81639999896 395143.34219999984)
kunstoverweg_wegvak.942,Viaduct,0,VIAD.'ANNEVILLE'I/D ANNEVILLE-LAAN,600121691,2022-10-01T00:00:00,514,060012169120221001,PKK0000092102,I,,POINT (115218.56100000069 395157.9937000014)
kunstoverweg_wegvak.943,Viaduct,0,VIAD.'t HOEKSKE'I/D CHAAMSEWEG,227188014,2021-10-01T00:00:00,598,022718801420211001,PKK0000092103,I,,POINT (114217.14279999956 394442.0705999993)
kunstoverweg_wegvak.944,Viaduct,0,VIAD.'CAUWELAER'I/D CHAAMSEWEG,227188014,2021-10-01T00:00:00,577,022718801420211001,PKK0000092104,I,,POINT (114199.47720000148 394430.71609999985)
kunstoverweg_wegvak.945,Viaduct,0,VIAD.'NOTSEL'I/D STRIJBEEKSEWEG,600121690,2021-10-01T00:00:00,130,060012169020211001,PKK0000092105,I,,POINT (113581.35599999875 394090.06280000135)
kunstoverweg_wegvak.946,Viaduct,0,VIAD.'NOTSEL'I/D STRIJBEEKSEWEG,221186010,2022-10-01T00:00:00,2938,022118601020221001,PKK0000092105,I,,POINT (113593.75560000166 394073.7804000005)
kunstoverweg_wegvak.947,Viaduct,0,VIAD.'DRIE ZWAANTJES'I/D GALDERSEDREEF,600121690,2021-10-01T00:00:00,1725,060012169020211001,PKK0000092106,I,,POINT (112152.42480000108 393384.8616000004)
kunstoverweg_wegvak.948,Viaduct,0,VIAD.'HARDERWIJK'I/D DEVENTERWEG,342364006,2021-10-01T00:00:00,1052,034236400620211001,PKK0000084892,I,,POINT (172111.06789999828 482913.60649999976)
kunstoverweg_wegvak.949,Viaduct,0,VIAD.'HARDERWIJK'I/D DEVENTERWEG,600139438,2021-10-01T00:00:00,298,060013943820211001,PKK0000084892,I,,POINT (172105.9050000012 482926.1171000004)
kunstoverweg_wegvak.950,Viaduct,0,VIAD.'FLEVO'I/D CEINTUURBAAN =N302,344366063,2021-10-01T00:00:00,425,034436606320211001,PKK0000084893,I,,POINT (172580.49489999935 483295.98149999976)
kunstoverweg_wegvak.951,Viaduct,0,VIAD.'FLEVO'I/D CEINTUURBAAN =N302,600139448,2021-10-01T00:00:00,429,060013944820211001,PKK0000084893,I,,POINT (172570.97670000046 483305.34959999844)
kunstoverweg_wegvak.952,Viaduct,0,VOETG.VIAD.'BEEKHUIZEN',600140526,2021-10-01T00:00:00,1434,060014052620211001,PKK0000084894,I,,POINT (175232.7259999998 483874.6704999991)
kunstoverweg_wegvak.953,Viaduct,0,VOETG.VIAD.'BEEKHUIZEN',345366029,2021-10-01T00:00:00,2438,034536602920211001,PKK0000084894,I,,POINT (175237.4189000018 483846.6024999991)
kunstoverweg_wegvak.954,Viaduct,0,VIAD.'DE POORTWACHTER'I/D DR.W.DREESLAAN = N781,600140168,2021-10-01T00:00:00,386,060014016820211001,PKK0000091572,I,,POINT (173107.94139999896 447410.65569999814)
kunstoverweg_wegvak.955,Viaduct,0,VIAD.'DE POORTWACHTER'I/D DR.W.DREESLAAN = N781,600448023,2022-08-01T00:00:00,477,060044802320220801,PKK0000091572,I,,POINT (173106.3280000016 447395.4327000007)
kunstoverweg_wegvak.956,Viaduct,0,VIAD.I/D BOVENBUURTWEG,600141188,2021-10-01T00:00:00,923,060014118820211001,PKK0000091573,I,,POINT (173705.48180000111 447323.24450000003)
kunstoverweg_wegvak.957,Viaduct,0,VIAD.I/D BOVENBUURTWEG,600963170,2022-08-01T00:00:00,315,060096317020220801,PKK0000091573,I,,POINT (173704.35960000008 447307.8256999999)
kunstoverweg_wegvak.958,Viaduct,0,VIAD.'DE HUL'I/D N310,352334023,2022-10-01T00:00:00,540,035233402320221001,PKK0000091910,I,,POINT (176509.93609999865 467111.243999999)
kunstoverweg_wegvak.959,Viaduct,0,VIAD.'DE HUL'I/D N310,600139601,2022-06-01T00:00:00,9,060013960120220601,PKK0000091910,I,,POINT (176507.60170000046 467123.78180000186)
kunstoverweg_wegvak.960,Viaduct,0,FLY-OVER IN VBW.g (L.RIJB.) ='KP.KLEINPOLDERPLEIN',179277097,2022-08-01T00:00:00,146,017927709720220801,PKK0000091578,I,,POINT (89724.57519999892 438554.56280000135)
kunstoverweg_wegvak.961,Viaduct,0,FLY-OVER IN VBW.g (L.RIJB.) ='KP.KLEINPOLDERPLEIN',600106211,2022-08-01T00:00:00,574,060010621120220801,PKK0000091578,I,,POINT (89736.58309999853 438573.8434999995)
kunstoverweg_wegvak.962,Viaduct,0,VIAD.I/D STEENWEG = N322,292245029,2022-10-01T00:00:00,106,029224502920221001,PKK0000091926,I,,POINT (146080.71920000017 422810.37689999864)
kunstoverweg_wegvak.963,Viaduct,0,VIAD.I/D STEENWEG = N322,292245029,2022-10-01T00:00:00,120,029224502920221001,PKK0000091927,I,,POINT (146085.19799999893 422797.5947000012)
kunstoverweg_wegvak.964,Viaduct,0,VIAD.I/D RW. 15 VBW. j,600143262,2022-08-01T00:00:00,697,060014326220220801,PKK0000091594,I,,POINT (181312.51350000128 435743.9781000018)
kunstoverweg_wegvak.965,Viaduct,0,VIAD.I/D SPOORLIJN GOUDA - ROTTERDAM (L.RIJB.),600114123,2022-08-01T00:00:00,868,060011412320220801,PKK0000091597,I,,POINT (96190.82459999993 440403.6314999983)
kunstoverweg_wegvak.966,Viaduct,0,VIAD.I/D SPOORLIJN GOUDA - ROTTERDAM (L.RIJB.),600114413,2022-05-01T00:00:00,80,060011441320220501,PKK0000091597,I,,POINT (96017.8412999995 440376.75290000066)
kunstoverweg_wegvak.967,Viaduct,0,VIAD.I/D ZANDWEG,600128312,2022-10-01T00:00:00,302,060012831220221001,PKK0000091943,I,,POINT (145524.4952000007 427412.9541000016)
kunstoverweg_wegvak.968,Viaduct,0,VIAD.'ZEVENHUIZEN 1971'I/D ZEVENHUIZEN,600139880,2021-10-01T00:00:00,2057,060013988020211001,PKK0000091948,I,,POINT (167483.84450000152 372184.27320000157)
kunstoverweg_wegvak.969,Viaduct,0,VIAD.'ZEVENHUIZEN 1971'I/D ZEVENHUIZEN,332146033,2022-10-01T00:00:00,1655,033214603320221001,PKK0000091948,I,,POINT (167477.33819999918 372174.7939000018)
kunstoverweg_wegvak.970,Ecoduct,0,ECODUCT 'NATUURBRUG WEERTERBERGEN',345133020,2021-10-01T00:00:00,759,034513302020211001,PKK0000091949,I,,POINT (173360.8002000004 366008.21489999816)
kunstoverweg_wegvak.971,Ecoduct,0,ECODUCT 'NATUURBRUG WEERTERBERGEN',600139412,2022-10-01T00:00:00,625,060013941220221001,PKK0000091949,I,,POINT (173370.3674999997 366017.15309999883)
kunstoverweg_wegvak.972,Viaduct,0,VIAD.'MAARHEEZERHUTTEN'I/D MAARHEEZERHUTTENDIJK,345133020,2021-10-01T00:00:00,1010,034513302020211001,PKK0000091950,I,,POINT (173530.08779999986 365822.9477000013)
kunstoverweg_wegvak.973,Viaduct,0,VIAD.'MAARHEEZERHUTTEN'I/D MAARHEEZERHUTTENDIJK,600139412,2022-10-01T00:00:00,376,060013941220221001,PKK0000091950,I,,POINT (173538.12920000032 365833.2111000009)
kunstoverweg_wegvak.974,Viaduct,0,VIAD.'WEERTERBOS'I/D EINDHOVENSEWEG,347130016,2021-10-01T00:00:00,615,034713001620211001,PKK0000091951,I,,POINT (174331.73629999906 365282.314100001)
kunstoverweg_wegvak.975,Viaduct,0,VIAD.I/D RW20 VBW. u,191281023,2022-08-01T00:00:00,13,019128102320220801,PKK0000091605,I,,POINT (95855.0604000017 440625.4684999995)
kunstoverweg_wegvak.976,Viaduct,0,VIAD. I/D RW20,192281023,2022-08-01T00:00:00,63,019228102320220801,PKK0000091606,I,,POINT (96060.83570000157 440605.557599999)
kunstoverweg_wegvak.977,Viaduct,0,VIAD.I/D SPOORLIJN GOUDA - ROTTERDAM,192279032,2022-08-01T00:00:00,309,019227903220220801,PKK0000091607,I,,POINT (96200.76590000093 440413.2749999985)
kunstoverweg_wegvak.978,Viaduct,0,VIAD.'WEERTERBOS'I/D EINDHOVENSEWEG,600139414,2022-10-01T00:00:00,496,060013941420221001,PKK0000091951,I,,POINT (174337.97089999914 365297.6367999986)
kunstoverweg_wegvak.979,Viaduct,0,VIAD.'HOOGBOS'I/D HOOGBOSWEG,349130022,2021-10-01T00:00:00,23,034913002220211001,PKK0000091952,I,,POINT (174855.40989999846 365261.90029999986)
kunstoverweg_wegvak.980,Viaduct,0,VIAD.'VLASVEN'I/D HUSHOVERHEGGEN,349130022,2021-10-01T00:00:00,1195,034913002220211001,PKK0000091953,I,,POINT (175923.43459999934 365732.62739999965)
kunstoverweg_wegvak.981,Viaduct,0,VIAD.'VLASVEN'I/D HUSHOVERHEGGEN,600139468,2022-10-01T00:00:00,3274,060013946820221001,PKK0000091953,I,,POINT (175918.38850000128 365744.8823999986)
kunstoverweg_wegvak.982,Viaduct,0,VIAD.I/D SPOORWEG ROTTERDAM GOUDA,180277016,2022-08-01T00:00:00,426,018027701620220801,PKK0000091610,I,,POINT (90563.80299999937 438918.7384000011)
kunstoverweg_wegvak.983,Viaduct,0,VIAD.I/D SPOORWEG ROTTERDAM GOUDA,600111657,2021-10-01T00:00:00,345,060011165720211001,PKK0000091611,I,,POINT (90623.4048999995 438951.1002999991)
kunstoverweg_wegvak.984,Viaduct,0,VIAD.I/D SPOORWEG ROTTERDAM GOUDA,180277016,2022-08-01T00:00:00,492,018027701620220801,PKK0000091611,I,,POINT (90627.88839999959 438934.5199000016)
kunstoverweg_wegvak.985,Viaduct,0,VIAD.I/D NOORDERBOCHT,600111657,2021-10-01T00:00:00,271,060011165720211001,PKK0000091612,I,,POINT (90694.91039999947 438970.12750000134)
kunstoverweg_wegvak.986,Viaduct,0,VIAD.I/D NOORDERBOCHT,180277016,2022-08-01T00:00:00,566,018027701620220801,PKK0000091612,I,,POINT (90699.38580000028 438953.58480000123)
kunstoverweg_wegvak.987,Viaduct,0,VIAD.IN VBW.u ='KP.TERBREGSEPLEIN',600113698,2022-08-01T00:00:00,398,060011369820220801,PKK0000091613,I,,POINT (95884.41679999977 440564.2675999999)
kunstoverweg_wegvak.988,Viaduct,0,VIAD.IN VBW.u ='KP.TERBREGSEPLEIN',190280009,2022-08-01T00:00:00,800,019028000920220801,PKK0000091613,I,,POINT (95888.90139999986 440551.6645999998)
kunstoverweg_wegvak.989,Viaduct,0,VIAD.I/D SPOORWEG ROTTERDAM GOUDA,600111657,2021-10-01T00:00:00,405,060011165720211001,PKK0000091610,I,,POINT (90565.14770000055 438936.7441999987)
kunstoverweg_wegvak.990,Viaduct,0,VIAD.'LAAR'I/D HEUGTERBROEKDIJK,349130022,2021-10-01T00:00:00,2038,034913002220211001,PKK0000091954,I,,POINT (176732.16279999912 365966.07349999994)
kunstoverweg_wegvak.991,Viaduct,0,VIAD.'LAAR'I/D HEUGTERBROEKDIJK,600139468,2022-10-01T00:00:00,2428,060013946820221001,PKK0000091954,I,,POINT (176730.0188000016 365979.06060000136)
kunstoverweg_wegvak.992,Viaduct,0,VIAD.'TOLHEUVEL'I/D BOEKETWEG,349130022,2021-10-01T00:00:00,3086,034913002220211001,PKK0000091955,I,,POINT (177775.20589999855 366039.7489)
kunstoverweg_wegvak.993,Viaduct,0,VIAD.'TOLHEUVEL'I/D BOEKETWEG,600139468,2022-10-01T00:00:00,1377,060013946820221001,PKK0000091955,I,,POINT (177776.04820000008 366052.8962999992)
kunstoverweg_wegvak.994,Viaduct,0,VIAD.I/D A 050(L.RIJB),396400014,2022-08-01T00:00:00,307,039640001420220801,PKK0000091618,I,,POINT (198051.623399999 500210.5086000003)
kunstoverweg_wegvak.995,Viaduct,0,VIAD.I/D A 050(R.RIJB),396400014,2022-08-01T00:00:00,280,039640001420220801,PKK0000091619,I,,POINT (198070.92309999838 500229.36930000037)
kunstoverweg_wegvak.996,Viaduct,0,VIAD.I/D SPOORLIJN ZWOLLE LELYSTAD,600147155,2022-08-01T00:00:00,458,060014715520220801,PKK0000091620,I,,POINT (198498.73559999838 500340.48000000045)
kunstoverweg_wegvak.997,Viaduct,0,VIAD.OSTERSED JK I/D OOSTERSEDIJK,600147155,2022-08-01T00:00:00,159,060014715520220801,PKK0000091621,I,,POINT (198747.19559999928 500502.40670000017)
kunstoverweg_wegvak.998,Viaduct,0,VIAD.'MIDDELDIJK'I/D MIDDELDIJK,395398011,2022-08-01T00:00:00,239,039539801120220801,PKK0000091622,I,,POINT (197727.22210000083 499585.6356000006)
kunstoverweg_wegvak.999,Viaduct,0,VIAD.'MIDDELWETERING'IN VBW.h ='KP.HATTEMERBROEK',395399002,2022-08-01T00:00:00,322,039539900220220801,PKK0000091623,I,,POINT (198058.79430000111 499866.9989)
kunstoverweg_wegvak.1000,Viaduct,0,VIAD.'HATTEMERBROEK'IN RW. 50 (L.RIJB.),396399013,2022-08-01T00:00:00,79,039639901320220801,PKK0000091624,I,,POINT (198239.61100000143 500020.2544)
kunstoverweg_wegvak.1001,Viaduct,0,VIAD.'HATTEMERBROEK'IN RW. 50 (R.RIJB.),396399013,2022-08-01T00:00:00,105,039639901320220801,PKK0000091625,I,,POINT (198259.44220000133 500037.0687999986)
kunstoverweg_wegvak.1002,Viaduct,0,VIAD.I/D VECHTDALVERBINDING =N340,600468606,2022-08-01T00:00:00,102,060046860620220801,PKK0000091626,I,,POINT (207020.47370000184 505294.65349999815)
kunstoverweg_wegvak.1003,Viaduct,0,VIAD.'HEIHOEK'I/D KRAAN,600141880,2021-10-01T00:00:00,747,060014188020211001,PKK0000091956,I,,POINT (180684.0799999982 363389.88269999996)
kunstoverweg_wegvak.1004,Viaduct,0,VIAD.'HEIHOEK'I/D KRAAN,358129018,2022-10-01T00:00:00,1948,035812901820221001,PKK0000091956,I,,POINT (180669.39979999885 363375.07449999824)
kunstoverweg_wegvak.1005,Viaduct,0,VIAD.'SCHOORDIJK'I/D SCHOORDIJK,363125006,2021-10-01T00:00:00,830,036312500620211001,PKK0000091957,I,,POINT (182275.9811999984 362358.7067999989)
kunstoverweg_wegvak.1006,Viaduct,0,VIAD.'SCHOORDIJK'I/D SCHOORDIJK,600141881,2022-10-01T00:00:00,1622,060014188120221001,PKK0000091957,I,,POINT (182288.7712999992 362374.7580000013)
kunstoverweg_wegvak.1007,Viaduct,0,VIAD.'MIDDELDIJK'I/D MIDDELDIJK,600146859,2022-08-01T00:00:00,23,060014685920220801,PKK0000091628,I,,POINT (197711.45340000093 499604.20050000027)
kunstoverweg_wegvak.1008,Viaduct,0,VIAD.'MIDDELDIJK'I/D MIDDELDIJK,395398009,2022-08-01T00:00:00,366,039539800920220801,PKK0000091628,I,,POINT (197719.3000999987 499595.59099999815)
kunstoverweg_wegvak.1009,Viaduct,0,VIAD.'MIDDELWETERING'IN VBW.h ='KP.HATTEMERBROEK',600146719,2022-08-01T00:00:00,321,060014671920220801,PKK0000091629,I,,POINT (198042.48919999972 499885.20169999823)
kunstoverweg_wegvak.1010,Viaduct,0,VIAD.'MIDDELWETERING'IN VBW.h ='KP.HATTEMERBROEK',395399029,2022-08-01T00:00:00,411,039539902920220801,PKK0000091629,I,,POINT (198049.90720000118 499876.2498999983)
kunstoverweg_wegvak.1011,Viaduct,0,VIAD.'HATTEMERBROEK'IN RW. 50 (L.RIJB.),600146719,2022-08-01T00:00:00,85,060014671920220801,PKK0000091630,I,,POINT (198222.5612999983 500037.7465999983)
kunstoverweg_wegvak.1012,Viaduct,0,VIAD.'HATTEMERBROEK'IN RW. 50 (L.RIJB.),395399029,2022-08-01T00:00:00,643,039539902920220801,PKK0000091630,I,,POINT (198226.84479999915 500026.3066000007)
kunstoverweg_wegvak.1013,Viaduct,0,VIAD.'HATTEMERBROEK'IN RW. 50 (R.RIJB.),600146719,2022-08-01T00:00:00,52,060014671920220801,PKK0000091631,I,,POINT (198247.72450000048 500059.09629999846)
kunstoverweg_wegvak.1014,Viaduct,0,VIAD.'HATTEMERBROEK'IN RW. 50 (R.RIJB.),395399029,2022-08-01T00:00:00,676,039539902920220801,PKK0000091631,I,,POINT (198252.0251000002 500047.6363000013)
kunstoverweg_wegvak.1015,Viaduct,0,VIAD. I/D SPOORLIJN ZWOLLE LELYSTAD,600146226,2022-08-01T00:00:00,551,060014622620220801,PKK0000091632,I,,POINT (198561.46009999886 500325.3178000003)
kunstoverweg_wegvak.1016,Viaduct,0,VIAD. I/D SPOORLIJN ZWOLLE LELYSTAD,396400023,2022-08-01T00:00:00,204,039640002320220801,PKK0000091632,I,,POINT (198566.5538999997 500314.6667000018)
kunstoverweg_wegvak.1017,Viaduct,0,VIAD.'OOSTERSEDIJK'I/D OOSTERSEDIJK,600146226,2022-08-01T00:00:00,289,060014622620220801,PKK0000091633,I,,POINT (198761.11309999973 500494.9723000005)
kunstoverweg_wegvak.1018,Viaduct,0,VIAD.'OOSTERSEDIJK'I/D OOSTERSEDIJK,396400023,2022-08-01T00:00:00,471,039640002320220801,PKK0000091633,I,,POINT (198770.32880000025 500487.1906999983)
kunstoverweg_wegvak.1019,Viaduct,0,VIAD.I/D VECHTDALVERBINDING =N340,600964979,2022-08-01T00:00:00,354,060096497920220801,PKK0000091634,I,,POINT (207036.01029999927 505274.2076999992)
kunstoverweg_wegvak.1020,Viaduct,0,VIAD.I/D VECHTDALVERBINDING =N340,600964980,2022-08-01T00:00:00,97,060096498020220801,PKK0000091634,I,,POINT (207030.3834999986 505287.8253999986)
kunstoverweg_wegvak.1021,Viaduct,0,VIAD.I/D SPOORWEG EINDHOVEN ROERMOND,363125006,2021-10-01T00:00:00,1765,036312500620211001,PKK0000091958,I,,POINT (182815.55099999905 361601.73999999836)
kunstoverweg_wegvak.1022,Viaduct,0,VIAD.I/D SPOORWEG EINDHOVEN ROERMOND,600141881,2022-10-01T00:00:00,678,060014188120221001,PKK0000091958,I,,POINT (182828.62370000035 361607.88749999925)
kunstoverweg_wegvak.1023,Viaduct,0,VIAD.I/D RW. 15 VBW. h,190262005,2021-10-01T00:00:00,46,019026200520211001,PKK0000091637,I,,POINT (95063.22060000151 431129.251600001)
kunstoverweg_wegvak.1024,Viaduct,0,VIAD.I/D RW. 15 VBW. h,189262032,2022-08-01T00:00:00,394,018926203220220801,PKK0000091637,I,,POINT (94940.17599999905 431115.3451000005)
kunstoverweg_wegvak.1025,Viaduct,0,VIAD.'POSTBAAN'I/D RUCPHENSEWEG,600114327,2022-09-01T00:00:00,310,060011432720220901,PKK0000091787,I,,POINT (96581.95069999993 396178.5368999988)
kunstoverweg_wegvak.1026,Viaduct,0,VIAD.'POSTBAAN'I/D RUCPHENSEWEG,600971808,2022-09-01T00:00:00,84,060097180820220901,PKK0000091788,I,,POINT (96585.10110000148 396136.6457000002)
kunstoverweg_wegvak.1027,Viaduct,0,VIAD.'STERRENBOSCH'IN RW.  2 (L.RIJB.) ='KP.VUGHT',600135083,2021-10-01T00:00:00,617,060013508320211001,PKK0000091791,I,,POINT (149603.26779999956 408913.1048000008)
kunstoverweg_wegvak.1028,Viaduct,0,VIAD.'STERRENBOSCH'IN RW.  2 (L.RIJB.) ='KP.VUGHT',298217036,2023-01-01T00:00:00,432,029821703620230101,PKK0000091791,I,,POINT (149589.7100000009 408846.0245000012)
kunstoverweg_wegvak.1029,Viaduct,4.0999999,VIAD.I/D SPOORWEG BOXTEL 's-HERTOGENBOSCH              %4.10,600135243,2021-10-01T00:00:00,140,060013524320211001,PKK0000091792,I,,POINT (148352.27899999917 407954.2934000008)
kunstoverweg_wegvak.1030,Viaduct,4.0999999,VIAD.I/D SPOORWEG BOXTEL 's-HERTOGENBOSCH              %4.10,296214071,2022-09-01T00:00:00,583,029621407120220901,PKK0000091792,I,,POINT (148359.02580000088 407945.9642999992)
kunstoverweg_wegvak.1031,Viaduct,0,VIAD.I/D BURGERMEESTER BECHTWEG,274193012,2021-10-01T00:00:00,589,027419301220211001,PKK0000091793,I,,POINT (137573.7285999991 396989.99969999865)
kunstoverweg_wegvak.1032,Viaduct,0,VIAD.I/D BURGERMEESTER BECHTWEG,600129527,2022-09-01T00:00:00,12,060012952720220901,PKK0000091793,I,,POINT (137557.08570000157 396986.72989999875)
kunstoverweg_wegvak.1033,Viaduct,0,VIAD. I/D KONINGSTRAAT,600143254,2022-08-01T00:00:00,2492,060014325420220801,PKK0000091655,I,,POINT (177958.00400000066 430866.3242000006)
kunstoverweg_wegvak.1034,Viaduct,0,VIAD. I/D KONINGSTRAAT,355261017,2022-08-01T00:00:00,26,035526101720220801,PKK0000091655,I,,POINT (177976.80959999934 430854.1319999993)
kunstoverweg_wegvak.1035,Viaduct,0,VIAD. 'ZEVENBERGEN' I/D RW50,335230006,2022-08-01T00:00:00,471,033523000620220801,PKK0000091662,I,,POINT (167973.39699999988 415673.85869999975)
kunstoverweg_wegvak.1036,Viaduct,0,VIAD. 'PAALGRAVEN 1974' I/D RW59,600284641,2022-08-01T00:00:00,181,060028464120220801,PKK0000091663,I,,POINT (167738.79529999942 416094.48220000044)
kunstoverweg_wegvak.1037,Viaduct,0,VIAD. 'PAALGRAVEN 1974' I/D RW59,600140493,2022-08-01T00:00:00,244,060014049320220801,PKK0000091664,I,,POINT (167715.20969999954 416087.25769999996)
kunstoverweg_wegvak.1038,Viaduct,0,VIAD.'MIDDELDIJK'I/D MIDDELDIJK,600147117,2022-08-01T00:00:00,23,060014711720220801,PKK0000091665,I,,POINT (197703.02389999852 499613.99120000005)
kunstoverweg_wegvak.1039,Viaduct,0,VIAD.I/D SPOOR,397399019,2022-08-01T00:00:00,620,039739901920220801,PKK0000091666,I,,POINT (198588.75679999962 500307.9261999987)
kunstoverweg_wegvak.1040,Viaduct,0,VIAD.'OOSTERSEDIJK'I/D OOSTERSEDIJK,397399019,2022-08-01T00:00:00,857,039739901920220801,PKK0000091667,I,,POINT (198766.28799999878 500464.8409000002)
kunstoverweg_wegvak.1041,Viaduct,0,VIAD.'NIEUWENBERG'I/D O.L.VROUWESTRAAT,600967498,2022-08-01T00:00:00,284,060096749820220801,PKK0000091669,I,,POINT (94410.5113000013 395503.78869999945)
kunstoverweg_wegvak.1042,Viaduct,0,VIAD.'BOTERDIJK'IN DE OOSTERHOUTSEWEG,600965870,2022-08-01T00:00:00,30,060096587020220801,PKK0000091672,I,,POINT (119779.71209999919 410967.33619999886)
kunstoverweg_wegvak.1043,Viaduct,0,VIAD.'LAGEBRUGWEG'I/D LAGEBRUGWEG,377155005,2021-10-01T00:00:00,2363,037715500520211001,PKK0000091679,I,,POINT (190771.70050000027 376964.6015999988)
kunstoverweg_wegvak.1044,Viaduct,0,VIAD.'LAGEBRUGWEG'I/D LAGEBRUGWEG,600455887,2022-08-01T00:00:00,442,060045588720220801,PKK0000091679,I,,POINT (190780.64770000055 376982.14130000025)
kunstoverweg_wegvak.1045,Viaduct,0,VIAD.'MIDDELBROEKSE BRUG'I/D NOORDSEWEG,254272008,2021-10-01T00:00:00,613,025427200820211001,PKK0000084805,I,,POINT (127594.95820000023 436842.129900001)
kunstoverweg_wegvak.1046,Viaduct,0,VIAD.'MIDDELBROEKSE BRUG'I/D NOORDSEWEG,600125186,2021-10-01T00:00:00,4474,060012518620211001,PKK0000084805,I,,POINT (127584.82140000165 436847.5177000016)
kunstoverweg_wegvak.1047,Viaduct,0,VIAD.'BOLGERIJEN'I/D ACHTERKADE,264281014,2021-10-01T00:00:00,1595,026428101420211001,PKK0000084806,I,,POINT (133753.15450000018 441143.55849999934)
kunstoverweg_wegvak.1048,Viaduct,0,VIAD.'BOLGERIJEN'I/D ACHTERKADE,600127339,2021-10-01T00:00:00,1722,060012733920211001,PKK0000084806,I,,POINT (133747.44269999862 441162.67080000043)
kunstoverweg_wegvak.1049,Viaduct,0,VIAD.'OUD WULVEN'I/D UTRECHTSEWEG,275299001,2021-10-01T00:00:00,1118,027529900120211001,PKK0000084809,I,,POINT (138115.42069999874 450626.0769999996)
kunstoverweg_wegvak.1050,Viaduct,0,VIAD.'OUD WULVEN'I/D UTRECHTSEWEG,600129439,2021-08-01T00:00:00,166,060012943920210801,PKK0000084809,I,,POINT (138096.98470000178 450629.36930000037)
kunstoverweg_wegvak.1051,Viaduct,0,VIAD.'OUD WULVEN'I/D LAAGRAVEN,275299001,2021-10-01T00:00:00,1143,027529900120211001,PKK0000084810,I,,POINT (138120.1009999998 450650.63489999995)
kunstoverweg_wegvak.1052,Viaduct,0,VIAD.'OUD WULVEN'I/D LAAGRAVEN,600129439,2021-08-01T00:00:00,141,060012943920210801,PKK0000084810,I,,POINT (138102.3781999983 450653.7804999985)
kunstoverweg_wegvak.1053,Viaduct,0,VIAD.I/D NIEUWE HOUTENSEWEG,276303072,2021-10-01T00:00:00,860,027630307220211001,PKK0000084811,I,,POINT (138427.78429999948 452854.1457999982)
kunstoverweg_wegvak.1054,Viaduct,0,VIAD.I/D NIEUWE HOUTENSEWEG,600128716,2022-07-01T00:00:00,223,060012871620220701,PKK0000084811,I,,POINT (138409.98180000111 452863.9386)
kunstoverweg_wegvak.1055,Viaduct,0,VIAD.'DE KNAPSCHINKEL'I/D SPOORWEG UTRECHT 's-H'BOSCH,276303072,2021-10-01T00:00:00,897,027630307220211001,PKK0000084812,I,,POINT (138436.70120000094 452890.05409999937)
kunstoverweg_wegvak.1056,Viaduct,0,VIAD.'DE KNAPSCHINKEL'I/D SPOORWEG UTRECHT 's-H'BOSCH,600128716,2022-07-01T00:00:00,179,060012871620220701,PKK0000084812,I,,POINT (138420.8209999986 452906.5822999999)
kunstoverweg_wegvak.1057,Viaduct,0,VIAD.'MEREVELD'I/D TUSSEN DE RAILS,600128718,2021-08-01T00:00:00,77,060012871820210801,PKK0000084813,I,,POINT (138575.92529999837 453329.2426000014)
kunstoverweg_wegvak.1058,Viaduct,0,VIAD.'MEREVELD'I/D SPOORWEG UTRECHT ARNHEM,600128718,2021-08-01T00:00:00,67,060012871820210801,PKK0000084814,I,,POINT (138580.01029999927 453338.3702000007)
kunstoverweg_wegvak.1059,Viaduct,0,VIAD.I/D KONINGSWEG,277306024,2021-10-01T00:00:00,299,027730602420211001,PKK0000084815,I,,POINT (138749.6777999997 453605.0346999988)
kunstoverweg_wegvak.1060,Viaduct,0,VIAD.I/D KONINGSWEG,600128863,2021-08-01T00:00:00,1101,060012886320210801,PKK0000084815,I,,POINT (138726.5454000011 453619.5817000009)
kunstoverweg_wegvak.1061,Viaduct,0,VIAD.'GROENEKAN'I/D EINTHOVENDREEF & VBW.v =N230,276318045,2022-02-01T00:00:00,74,027631804520220201,PKK0000084816,I,,POINT (138475.0406000018 459124.19220000133)
kunstoverweg_wegvak.1062,Viaduct,0,VIAD.'GROENEKAN'I/D EINTHOVENDREEF & VBW.v =N230,276318043,2021-08-01T00:00:00,194,027631804320210801,PKK0000084816,I,,POINT (138491.63919999823 459137.8665000014)
kunstoverweg_wegvak.1063,Viaduct,0,VIAD.'NIEUWE WETERING'I/D NIEUWE WETERINGSEWEG =N234,278322013,2021-10-01T00:00:00,569,027832201320211001,PKK0000084817,I,,POINT (139360.9477000013 461566.3735000007)
kunstoverweg_wegvak.1064,Viaduct,0,VIAD.'NIEUWE WETERING'I/D NIEUWE WETERINGSEWEG =N234,600180502,2021-10-01T00:00:00,606,060018050220211001,PKK0000084817,I,,POINT (139330.70809999853 461564.45650000125)
kunstoverweg_wegvak.1065,Viaduct,0,FIETS-VOETG.VIAD.'ZWALUWENBERG',600179506,2021-10-01T00:00:00,905,060017950620211001,PKK0000084818,I,,POINT (141168.38379999995 466421.8416999988)
kunstoverweg_wegvak.1066,Viaduct,0,FIETS-VOETG.VIAD.'ZWALUWENBERG',600179757,2021-10-01T00:00:00,1897,060017975720211001,PKK0000084818,I,,POINT (141147.1367000006 466454.01089999825)
kunstoverweg_wegvak.1067,Viaduct,0,VIAD.'EEMNES'I/D VERL.LAARDERWEG,291347109,2021-10-01T00:00:00,6,029134710920211001,PKK0000084821,I,,POINT (145536.98840000108 473838.13870000094)
kunstoverweg_wegvak.1068,Viaduct,0,VIAD.'EEMNES'I/D VERL.LAARDERWEG,600134425,2021-10-01T00:00:00,33,060013442520211001,PKK0000084821,I,,POINT (145513.03489999846 473853.9455000013)
kunstoverweg_wegvak.1069,Viaduct,0,VIAD.'STACHHOUWERWEG'I/D STACHOUWERWEG,600135388,2021-10-01T00:00:00,628,060013538820211001,PKK0000084822,I,,POINT (146209.814100001 475745.1895000003)
kunstoverweg_wegvak.1070,Viaduct,0,VIAD.'STACHHOUWERWEG'I/D STACHOUWERWEG,292351022,2021-10-01T00:00:00,220,029235102220211001,PKK0000084822,I,,POINT (146232.01099999994 475730.4732000008)
kunstoverweg_wegvak.1071,Viaduct,0,VIAD.IN LBW.,600135196,2021-10-01T00:00:00,69,060013519620211001,PKK0000084823,I,,POINT (146983.6420999989 476994.20969999954)
kunstoverweg_wegvak.1072,Viaduct,0,VIAD.IN LBW.,292351022,2021-10-01T00:00:00,1688,029235102220211001,PKK0000084823,I,,POINT (147003.79129999876 476977.623300001)
kunstoverweg_wegvak.1073,Viaduct,0,VIAD.'OOSTERMEENT'I/D GOOYERWEG,600135196,2021-10-01T00:00:00,44,060013519620211001,PKK0000084824,I,,POINT (146998.41149999946 477014.3801999986)
kunstoverweg_wegvak.1074,Viaduct,0,VIAD.'OOSTERMEENT'I/D GOOYERWEG,292351022,2021-10-01T00:00:00,1713,029235102220211001,PKK0000084824,I,,POINT (147018.54800000042 476997.80359999835)
kunstoverweg_wegvak.1075,Viaduct,0,VIAD.'VOGELWEG' I/D VOGELWEG=N706,600135288,2022-02-01T00:00:00,418,060013528820220201,PKK0000084825,I,,POINT (151579.28460000083 484688.69110000134)
kunstoverweg_wegvak.1076,Viaduct,0,VIAD.'VOGELWEG' I/D VOGELWEG=N706,302370004,2021-10-01T00:00:00,411,030237000420211001,PKK0000084825,I,,POINT (151566.8962999992 484680.9120000005)
kunstoverweg_wegvak.1077,Viaduct,0,VIAD. 'IBUSWEG' I/D IBISWEG,600135289,2021-10-01T00:00:00,101,060013528920211001,PKK0000084826,I,,POINT (149425.0251000002 487711.6147999987)
kunstoverweg_wegvak.1078,Viaduct,0,VIAD. 'IBUSWEG' I/D IBISWEG,302370002,2021-10-01T00:00:00,3295,030237000220211001,PKK0000084826,I,,POINT (149445.52760000154 487722.00400000066)
kunstoverweg_wegvak.1079,Viaduct,0,VIAD.'MEREVELD'I/D TUSSEN DE RAILS,276306065,2021-10-01T00:00:00,279,027630606520211001,PKK0000084813,I,,POINT (138595.57229999825 453324.57189999893)
kunstoverweg_wegvak.1080,Viaduct,0,VIAD.'MEREVELD'I/D SPOORWEG UTRECHT ARNHEM,276306065,2021-10-01T00:00:00,290,027630606520211001,PKK0000084814,I,,POINT (138601.73369999975 453333.6843999997)
kunstoverweg_wegvak.1081,Viaduct,0,VIAD.'DE TOL'IN DE SCHANS,247247045,2021-10-01T00:00:00,45,024724704520211001,PKK0000084832,I,,POINT (123574.66809999943 423657.2129999995)
kunstoverweg_wegvak.1082,Viaduct,0,VIAD.IN VBW. t ='KP.EVERDINGEN',600128873,2021-10-01T00:00:00,1355,060012887320211001,PKK0000084834,I,,POINT (135598.18560000136 442833.1323999986)
kunstoverweg_wegvak.1083,Viaduct,0,VIAD.IN RW. 27 (R.RIJB.) ='KP.EVERDINGEN',600128873,2021-10-01T00:00:00,1076,060012887320211001,PKK0000084835,I,,POINT (135400.53170000017 443028.53020000085)
kunstoverweg_wegvak.1084,Viaduct,0,VIAD.IN RW. 27 (L.RIJB.) ='KP.EVERDINGEN',600128873,2021-10-01T00:00:00,1059,060012887320211001,PKK0000084836,I,,POINT (135386.83399999887 443038.5982000008)
kunstoverweg_wegvak.1085,Viaduct,0,VIAD.IN RW. 27 (R.RIJB.) ='KP.EVERDINGEN',270284004,2021-10-01T00:00:00,1154,027028400420211001,PKK0000084837,I,,POINT (135503.86190000176 443205.7608000003)
kunstoverweg_wegvak.1086,Viaduct,0,VIAD.IN RW. 27 (L.RIJB.) ='KP.EVERDINGEN',270284004,2021-10-01T00:00:00,1170,027028400420211001,PKK0000084838,I,,POINT (135490.71460000053 443214.87889999896)
kunstoverweg_wegvak.1087,Viaduct,0,VIAD.IN VBW. u ='KP.EVERDINGEN',270284004,2021-10-01T00:00:00,1447,027028400420211001,PKK0000084839,I,,POINT (135280.31549999863 443393.6521999985)
kunstoverweg_wegvak.1088,Viaduct,0,VIAD.IN RANG.BAAN x ='KP.LUNETTEN',600127900,2021-10-01T00:00:00,76,060012790020211001,PKK0000084840,I,,POINT (138340.48750000075 451895.2338999994)
kunstoverweg_wegvak.1089,Viaduct,0,VIAD.IN RW. 12 (R.RIJB.) ='KP.LUNETTEN',600127900,2021-10-01T00:00:00,58,060012790020211001,PKK0000084841,I,,POINT (138341.46779999882 451913.2071999982)
kunstoverweg_wegvak.1090,Viaduct,0,VIAD.IN RW. 12 (L.RIJB.) ='KP.LUNETTEN',600127900,2021-10-01T00:00:00,42,060012790020211001,PKK0000084842,I,,POINT (138342.27409999818 451929.18659999967)
kunstoverweg_wegvak.1091,Viaduct,0,VIAD.IN RANG.BAAN y='KP.LUNETTEN',600128920,2021-10-01T00:00:00,372,060012892020211001,PKK0000084844,I,,POINT (138021.2212000005 451954.9021999985)
kunstoverweg_wegvak.1092,Viaduct,0,VIAD.'DE PADDESTOEL'I/D R 027 (R.RIJB.),290343009,2021-10-01T00:00:00,199,029034300920211001,PKK0000084851,I,,POINT (144997.46180000156 471688.8997000009)
kunstoverweg_wegvak.1093,Viaduct,0,VIAD.'DE PADDESTOEL'I/D R.027 L.RB,290343009,2021-10-01T00:00:00,227,029034300920211001,PKK0000084852,I,,POINT (144974.84090000018 471705.3476999998)
kunstoverweg_wegvak.1094,Viaduct,0,VIAD.I/D VERLEGDE LAARDERWEG,600135658,2021-10-01T00:00:00,28,060013565820211001,PKK0000084854,I,,POINT (145508.54949999973 473860.7520000003)
kunstoverweg_wegvak.1095,Viaduct,0,VIAD.IN RANG.BAAN y ='KP.LUNETTEN',600127900,2021-10-01T00:00:00,24,060012790020211001,PKK0000084843,I,,POINT (138343.03860000148 451947.1704000011)
kunstoverweg_wegvak.1096,Viaduct,0,VIAD.'RIJNSWEERD'IN RANG.BAAN n ='KP.RIJNSWEERD',600128398,2021-10-01T00:00:00,104,060012839820211001,PKK0000084859,I,,POINT (139475.6640000008 455980.46119999886)
kunstoverweg_wegvak.1097,Viaduct,0,VIAD.IN RW. 27 (R.RIJB.) ='KP.RIJNSWEERD',600128398,2021-10-01T00:00:00,74,060012839820211001,PKK0000084861,I,,POINT (139504.8872999996 455987.24379999936)
kunstoverweg_wegvak.1098,Viaduct,0,VIAD.'RIJNSWEERD'IN RANG.BAAN m ='KP.RIJNSWEERD',600128398,2021-10-01T00:00:00,60,060012839820211001,PKK0000084862,I,,POINT (139518.52479999885 455990.40900000185)
kunstoverweg_wegvak.1099,Viaduct,0,VIAD.'BUREVELD'I/D UNIVERSITEITSWEG,280312016,2021-10-01T00:00:00,453,028031201620211001,PKK0000084863,I,,POINT (140767.65199999884 456058.2899999991)
kunstoverweg_wegvak.1100,Viaduct,0,VIAD.'BUREVELD'I/D UNIVERSITEITSWEG,280312016,2021-10-01T00:00:00,473,028031201620211001,PKK0000084864,I,,POINT (140787.57660000026 456056.5546000004)
kunstoverweg_wegvak.1101,Viaduct,0,VIAD.'OOSTBROEK'I/D BUNNIKSEWEG,600128585,2022-10-01T00:00:00,3,060012858520221001,PKK0000084865,I,,POINT (141242.10090000182 456045.0819000006)
kunstoverweg_wegvak.1102,Viaduct,0,VIAD.'DE PAN'I/D PANWEG,285313018,2021-10-01T00:00:00,2013,028531301820211001,PKK0000084866,I,,POINT (144857.34980000183 457315.8757000007)
kunstoverweg_wegvak.1103,Viaduct,0,VOETG.VIAD.'DIJNSELBURG'I/D TITUS BRANDSMALAAN,285313018,2021-10-01T00:00:00,2402,028531301820211001,PKK0000084867,I,,POINT (145244.57880000025 457352.94729999825)
kunstoverweg_wegvak.1104,Viaduct,0,VIAD.HUIS TER HEIDE'I/D HUIS TER HEIDEWEG,285313018,2021-10-01T00:00:00,3130,028531301820211001,PKK0000084868,I,,POINT (145962.52580000088 457464.6638999991)
kunstoverweg_wegvak.1105,Viaduct,0,VIAD.HUIS TER HEIDE'I/D HUIS TER HEIDEWEG,600128573,2021-10-01T00:00:00,162,060012857320211001,PKK0000084868,I,,POINT (145959.2078000009 457480.8115000017)
kunstoverweg_wegvak.1106,Viaduct,0,VIAD.'WALLENBURG'I/D ERICAWEG,293315008,2021-10-01T00:00:00,82,029331500820211001,PKK0000084871,I,,POINT (146931.00670000166 457809.23589999974)
kunstoverweg_wegvak.1107,Ecoduct,0,ECODUCT,600135193,2021-10-01T00:00:00,1471,060013519320211001,PKK0000084872,I,,POINT (147172.91110000014 457913.9979000017)
kunstoverweg_wegvak.1108,Ecoduct,0,ECODUCT,293315008,2021-10-01T00:00:00,344,029331500820211001,PKK0000084872,I,,POINT (147177.45699999854 457898.14559999853)
kunstoverweg_wegvak.1109,Viaduct,0,VIAD.'DE KOZAKKENPUT'I/D KERKLAAN,600135193,2021-10-01T00:00:00,769,060013519320211001,PKK0000084873,I,,POINT (147832.84679999948 458153.3447000012)
kunstoverweg_wegvak.1110,Viaduct,0,VIAD.'DE KOZAKKENPUT'I/D KERKLAAN,293315008,2021-10-01T00:00:00,1046,029331500820211001,PKK0000084873,I,,POINT (147837.50879999995 458137.1728999987)
kunstoverweg_wegvak.1111,Viaduct,0,VIAD.'HET HOLLEGAT'I/D RICHELLEWEG,600134907,2021-10-01T00:00:00,394,060013490720211001,PKK0000084875,I,,POINT (149372.20820000023 458616.2879999988)
kunstoverweg_wegvak.1112,Viaduct,0,VIAD.'HET HOLLEGAT'I/D RICHELLEWEG,297317076,2021-10-01T00:00:00,509,029731707620211001,PKK0000084875,I,,POINT (149367.56810000166 458597.2014000006)
kunstoverweg_wegvak.1113,Viaduct,0,VIAD.'MAURITSKAMP'I/D ZUIDERWEG,600135178,2022-05-01T00:00:00,615,060013517820220501,PKK0000084876,I,,POINT (150878.79659999907 458893.2809999995)
kunstoverweg_wegvak.1114,Viaduct,0,VIAD.'MAURITSKAMP'I/D ZUIDERWEG,300317006,2022-05-01T00:00:00,863,030031700620220501,PKK0000084876,I,,POINT (150885.8836000003 458876.22040000185)
kunstoverweg_wegvak.1115,Ecoduct,0,'ECODUCT LEUSDERHEIDE',600135176,2021-10-01T00:00:00,1924,060013517620211001,PKK0000084877,I,,POINT (151619.3187999986 459324.9582999982)
kunstoverweg_wegvak.1116,Ecoduct,0,'ECODUCT LEUSDERHEIDE',302318007,2021-10-01T00:00:00,293,030231800720211001,PKK0000084877,I,,POINT (151629.9362999983 459310.3757000007)
kunstoverweg_wegvak.1117,Viaduct,0,VIAD.'KONIJNENBOS'I/D KOL.H.J.VAN ROIJENWEG,600135176,2021-10-01T00:00:00,1323,060013517620211001,PKK0000084878,I,,POINT (152155.19739999995 459595.7829999998)
kunstoverweg_wegvak.1118,Viaduct,0,VIAD.'KONIJNENBOS'I/D KOL.H.J.VAN ROIJENWEG,302318007,2021-10-01T00:00:00,896,030231800720211001,PKK0000084878,I,,POINT (152167.8022999987 459581.6906000003)
kunstoverweg_wegvak.1119,Viaduct,0,VIAD.'DOORNSEWEG'I/D DOORNSEWEG =N227,600135180,2021-10-01T00:00:00,708,060013518020211001,PKK0000084879,I,,POINT (153677.84580000117 460101.5031999983)
kunstoverweg_wegvak.1120,Viaduct,0,VIAD.'DOORNSEWEG'I/D DOORNSEWEG =N227,306319008,2021-10-01T00:00:00,561,030631900820211001,PKK0000084879,I,,POINT (153680.86050000042 460083.59849999845)
kunstoverweg_wegvak.1121,Viaduct,0,VIAD.'DODEWEG'I/D DODEWEG,600135180,2021-10-01T00:00:00,226,060013518020211001,PKK0000084880,I,,POINT (154133.58320000023 460258.4268999994)
kunstoverweg_wegvak.1122,Viaduct,0,VIAD.'DODEWEG'I/D DODEWEG,306319008,2021-10-01T00:00:00,1047,030631900820211001,PKK0000084880,I,,POINT (154140.39930000156 460241.751600001)
kunstoverweg_wegvak.1123,Viaduct,0,VIAD.'HEILIGENBERGERWEG'I/D HEILIGENBERGERWEG,312323019,2022-05-01T00:00:00,99,031232301920220501,PKK0000084883,I,,POINT (156398.38329999894 461569.8256999999)
kunstoverweg_wegvak.1124,Viaduct,0,VIAD.'HEILIGENBERGERWEG'I/D HEILIGENBERGERWEG,600137235,2022-05-01T00:00:00,653,060013723520220501,PKK0000084883,I,,POINT (156387.30810000002 461577.3903999999)
kunstoverweg_wegvak.1125,Viaduct,0,VIAD.'RANDWEG'I/D NOORD.RANDWEG,312323019,2022-05-01T00:00:00,426,031232301920220501,PKK0000084884,I,,POINT (156571.37860000134 461847.317400001)
kunstoverweg_wegvak.1126,Viaduct,0,VIAD.'RANDWEG'I/D NOORD.RANDWEG,600137235,2022-05-01T00:00:00,330,060013723520220501,PKK0000084884,I,,POINT (156557.5348000005 461851.8920000009)
kunstoverweg_wegvak.1127,Viaduct,0,VIAD.'ARKEMHEEN',600138733,2021-10-01T00:00:00,73,060013873320211001,PKK0000084885,I,,POINT (158852.32719999924 469171.7441000007)
kunstoverweg_wegvak.1128,Viaduct,0,VIAD.'ARKEMHEEN',600399387,2021-10-01T00:00:00,513,060039938720211001,PKK0000084885,I,,POINT (158863.90159999952 469167.8343999982)
kunstoverweg_wegvak.1129,Viaduct,0,VIAD.'BERENCAMPERWEG'I/D BERENCAMPERWEG =N301,322345045,2021-10-01T00:00:00,91,032234504520211001,PKK0000084888,I,,POINT (161362.38390000165 472878.12110000104)
kunstoverweg_wegvak.1130,Viaduct,0,VIAD.'BERENCAMPERWEG'I/D BERENCAMPERWEG =N301,600137476,2021-10-01T00:00:00,363,060013747620211001,PKK0000084888,I,,POINT (161355.49489999935 472889.60929999873)
kunstoverweg_wegvak.1131,Viaduct,0,VIAD.'ARLERSTEEG'I/D ARLERSTEEG,600137108,2021-10-01T00:00:00,792,060013710820211001,PKK0000084889,I,,POINT (164333.83680000156 474563.3759999983)
kunstoverweg_wegvak.1132,Viaduct,0,VIAD.'ARLERSTEEG'I/D ARLERSTEEG,328349007,2021-10-01T00:00:00,25,032834900720211001,PKK0000084889,I,,POINT (164342.2050999999 474552.26520000026)
kunstoverweg_wegvak.1133,Viaduct,0,VIAD.'KELPEN'I/D ROERMONDSEWEG =N280,366121035,2021-10-01T00:00:00,272,036612103520211001,PKK0000091959,I,,POINT (183385.42170000076 360746.13610000163)
kunstoverweg_wegvak.1134,Viaduct,0,VIAD.'KELPEN'I/D ROERMONDSEWEG =N280,600142212,2022-10-01T00:00:00,435,060014221220221001,PKK0000091959,I,,POINT (183394.90239999816 360753.19750000164)
kunstoverweg_wegvak.1135,Viaduct,0,VIAD.'KELPEN'I/D ROERMONDSEWEG =N280,366121035,2021-10-01T00:00:00,299,036612103520211001,PKK0000091960,I,,POINT (183402.3905000016 360725.1347000003)
kunstoverweg_wegvak.1136,Viaduct,0,VIAD.'KELPEN'I/D ROERMONDSEWEG =N280,600142212,2022-10-01T00:00:00,408,060014221220221001,PKK0000091960,I,,POINT (183411.87779999897 360732.20149999857)
kunstoverweg_wegvak.1137,Viaduct,0,VIAD.'HAGENBROEK'I/D HEERBAAN,600144490,2021-10-01T00:00:00,2160,060014449020211001,PKK0000091961,I,,POINT (187689.69629999995 353939.69209999964)
kunstoverweg_wegvak.1138,Viaduct,0,VIAD.'HAGENBROEK'I/D HEERBAAN,375108007,2022-10-01T00:00:00,162,037510800720221001,PKK0000091961,I,,POINT (187681.54690000042 353930.9312000014)
kunstoverweg_wegvak.1139,Viaduct,0,VIAD.I/D ZANDWEG,291254073,2021-10-01T00:00:00,27,029125407320211001,PKK0000091943,I,,POINT (145506.3328000009 427407.8148000017)
kunstoverweg_wegvak.1140,Viaduct,0,VIAD.'HOOGBOS'I/D HOOGBOSWEG,600139468,2022-10-01T00:00:00,4439,060013946820221001,PKK0000091952,I,,POINT (174855.8550999984 365278.0166000016)
kunstoverweg_wegvak.1141,Viaduct,0,VOETG.VIAD.I/D (L.RIJB.),286519006,2021-10-01T00:00:00,9630,028651900620211001,PKK0000091981,I,,POINT (151123.25429999828 565143.0260000005)
kunstoverweg_wegvak.1142,Viaduct,0,VOETG.VIAD.I/D (L.RIJB.),600128158,2022-10-01T00:00:00,591,060012815820221001,PKK0000091981,I,,POINT (151119.1779000014 565158.0166000016)
kunstoverweg_wegvak.1143,Viaduct,0,VIAD.'KAPITEIN BOERS VIADUCT'I/D PAR.WEG,303530015,2022-03-01T00:00:00,35,030353001520220301,PKK0000091982,I,,POINT (151990.77219999954 565337.8980999999)
kunstoverweg_wegvak.1144,Viaduct,0,VIAD.'KAPITEIN BOERS VIADUCT'I/D PAR.WEG,600134631,2022-10-01T00:00:00,502,060013463120221001,PKK0000091982,I,,POINT (151984.2175000012 565365.1563000008)
kunstoverweg_wegvak.1145,Viaduct,0,VIAD.IN VBW. f (=KP.WATERBERG),600144893,2022-10-01T00:00:00,62,060014489320221001,PKK0000091991,I,,POINT (191872.7100000009 447805.4283000007)
kunstoverweg_wegvak.1146,Viaduct,0,VIAD.'HET HAAGJE',600135495,2021-10-01T00:00:00,358,060013549520211001,PKK0000092010,I,,POINT (154723.7248999998 433718.0155000016)
kunstoverweg_wegvak.1147,Viaduct,0,VIAD. I/D DAVER,600254681,2021-10-01T00:00:00,1711,060025468120211001,PKK0000092011,I,,POINT (155405.17069999874 434213.2987000011)
kunstoverweg_wegvak.1148,Viaduct,0,VIAD. I/D DAVER,600254567,2022-10-01T00:00:00,904,060025456720221001,PKK0000092011,I,,POINT (155404.19790000096 434196.445700001)
kunstoverweg_wegvak.1149,Viaduct,0,VIAD.'HET HAAGJE',600254567,2022-10-01T00:00:00,64,060025456720221001,PKK0000092010,I,,POINT (154724.1827000007 433703.7679999992)
kunstoverweg_wegvak.1150,Viaduct,0,VIAD. 'MOSKESBRUG I/D FIETSERSBRUG,600977581,2022-10-01T00:00:00,66,060097758120221001,PKK0000092025,I,,POINT (108763.51199999824 402013.3260000013)
kunstoverweg_wegvak.1151,Viaduct,0,VIAD.'LOSEKAAT'I/D ZUID.RANDWEG,600113050,2022-10-01T00:00:00,542,060011305020221001,PKK0000092033,I,,POINT (101164.05480000004 409456.2950000018)
kunstoverweg_wegvak.1152,Viaduct,0,VIAD.'LOSEKAAT'I/D ZUID.RANDWEG,202218006,2022-10-01T00:00:00,34,020221800620221001,PKK0000092033,I,,POINT (101168.69940000027 409445.5581)
kunstoverweg_wegvak.1153,Viaduct,0,VIAD.'ZANDBERG'I/D KEENEWEG,600113113,2021-10-01T00:00:00,705,060011311320211001,PKK0000092034,I,,POINT (99587.06329999864 408639.35929999873)
kunstoverweg_wegvak.1154,Viaduct,0,VIAD.'ZANDBERG'I/D KEENEWEG,600395922,2022-10-01T00:00:00,1716,060039592220221001,PKK0000092034,I,,POINT (99592.42639999837 408628.7188999988)
kunstoverweg_wegvak.1155,Viaduct,0,VIAD.'HEUSDENHOUT'I/D ZUID.RONDWEG,600123321,2022-10-01T00:00:00,52,060012332120221001,PKK0000092037,I,,POINT (115963.85550000146 399389.35720000044)
kunstoverweg_wegvak.1156,Viaduct,0,VIAD. 'OOSTEIND'I/D BOVENSTEWEG,600123376,2022-10-01T00:00:00,211,060012337620221001,PKK0000092038,I,,POINT (120042.90159999952 406859.12579999864)
kunstoverweg_wegvak.1157,Viaduct,0,VIAD. 'OOSTEIND'I/D BOVENSTEWEG,600123376,2022-10-01T00:00:00,200,060012337620221001,PKK0000092039,I,,POINT (120042.49439999834 406870.1180999987)
kunstoverweg_wegvak.1158,Viaduct,0,VIAD. I/D SPOORWEG,358555011,2021-10-01T00:00:00,98,035855501120211001,PKK0000085048,I,,POINT (179046.55110000074 577799.7432000004)
kunstoverweg_wegvak.1159,Viaduct,0,FIETS VIAD. I/D DE HEAK,358555011,2021-10-01T00:00:00,108,035855501120211001,PKK0000085049,I,,POINT (179047.3632999994 577789.7762000002)
kunstoverweg_wegvak.1296,Viaduct,0,VIAD.I/D BERGSEWEG,600144074,2022-10-01T00:00:00,1040,060014407420221001,PKK0000092154,I,,POINT (193560.52059999853 320379.8000999987)
kunstoverweg_wegvak.1160,Aquaduct,0,AQUADUCT'AKWADUKT LANGDEEL',600145570,2022-05-01T00:00:00,5525,060014557020220501,PKK0000085050,I,,POINT (186037.74500000104 576110.2298999988)
kunstoverweg_wegvak.1161,Aquaduct,0,AQUADUCT'AKWADUKT LANGDEEL',370551029,2021-10-01T00:00:00,1032,037055102920211001,PKK0000085050,I,,POINT (186039.39200000092 576097.7732999995)
kunstoverweg_wegvak.1162,Viaduct,0,VIAD.'WALDPOARTE'I/D WESTEREND =N913,384550003,2021-10-01T00:00:00,395,038455000320211001,PKK0000085051,I,,POINT (192792.1997999996 575030.8125)
kunstoverweg_wegvak.1163,Viaduct,0,VIAD.'OOSTERPARKWEG'I/D OOSTERPARKWEG,314549025,2021-10-01T00:00:00,1323,031454902520211001,PKK0000085037,I,,POINT (157947.10709999874 575983.8398999982)
kunstoverweg_wegvak.1164,Viaduct,0,VIAD.'OOSTERPARKWEG'I/D OOSTERPARKWEG,314549025,2021-10-01T00:00:00,1341,031454902520211001,PKK0000085038,I,,POINT (157959.7936999984 575996.6083999984)
kunstoverweg_wegvak.1165,Viaduct,0,VIAD. I/D SPOORWEG,600143413,2021-10-01T00:00:00,16,060014341320211001,PKK0000085048,I,,POINT (179057.27309999987 577798.1479000002)
kunstoverweg_wegvak.1166,Viaduct,0,FIETS VIAD. I/D DE HEAK,600143413,2021-10-01T00:00:00,5,060014341320211001,PKK0000085049,I,,POINT (179058.16550000012 577787.1840999983)
kunstoverweg_wegvak.1167,Viaduct,0,VIAD.'WALDPOARTE'I/D WESTEREND =N913,600145115,2021-10-01T00:00:00,1134,060014511520211001,PKK0000085051,I,,POINT (192815.79100000113 575031.8350000009)
kunstoverweg_wegvak.1168,Viaduct,0,VIAD.'OOSTERPARKWEG'I/D OOSTERPARKWEG,600139018,2021-10-01T00:00:00,4,060013901820211001,PKK0000085038,I,,POINT (157955.30370000005 576005.5443999991)
kunstoverweg_wegvak.1169,Viaduct,0,VIAD.'DE KOP'IN RW.  7 (R.RIJB.),309534004,2022-06-01T00:00:00,0,030953400420220601,PKK0000085031,I,,POINT (154542.7696999982 567532.0166999996)
kunstoverweg_wegvak.1170,Viaduct,0,VIAD.,600137817,2021-10-01T00:00:00,77,060013781720211001,PKK0000085052,I,,POINT (155180.82919999957 568867.8026)
kunstoverweg_wegvak.1171,Viaduct,0,VIAD.,357559007,2021-10-01T00:00:00,128,035755900720211001,PKK0000085061,I,,POINT (178675.44269999862 579873.0890000015)
kunstoverweg_wegvak.1172,Viaduct,0,VIAD.I/D SKIMERWEI,358556011,2021-10-01T00:00:00,44,035855601120211001,PKK0000085062,I,,POINT (178999.67909999937 578298.2994999997)
kunstoverweg_wegvak.1173,Viaduct,0,VIAD.I/D SPOORWEG LEEUWARDEN/HARLINGEN,358556011,2021-10-01T00:00:00,53,035855601120211001,PKK0000085063,I,,POINT (179000.23919999972 578289.3170000017)
kunstoverweg_wegvak.1174,Viaduct,0,VIAD.I/D SKIMERWEI,600143411,2021-10-01T00:00:00,45,060014341120211001,PKK0000085064,I,,POINT (179022.37900000066 578298.7118999995)
kunstoverweg_wegvak.1175,Viaduct,0,VIAD. I/D SPOORWEG 'LEEUWAREN HARLINGEN',600143411,2021-10-01T00:00:00,35,060014341120211001,PKK0000085065,I,,POINT (179023.4098000005 578288.7653999999)
kunstoverweg_wegvak.1176,Viaduct,0,VIAD.I/D HENDRUK ALGERAWEI,600143648,2021-10-01T00:00:00,68,060014364820211001,PKK0000085066,I,,POINT (179057.04679999873 577900.8332000002)
kunstoverweg_wegvak.1177,Viaduct,0,VIAD. I/D SPOORWEG,600143407,2021-10-01T00:00:00,43,060014340720211001,PKK0000085067,I,,POINT (179062.58799999952 577824.7652999982)
kunstoverweg_wegvak.1178,Viaduct,0,FIETS VIAD. I/D DE HEAK,600143407,2021-10-01T00:00:00,31,060014340720211001,PKK0000085068,I,,POINT (179063.064100001 577812.7754000016)
kunstoverweg_wegvak.1179,Viaduct,0,VIAD.I/D VBW. e (R.31),600143514,2021-10-01T00:00:00,226,060014351420211001,PKK0000085069,I,,POINT (181909.0346999988 574673.1147000007)
kunstoverweg_wegvak.1180,Viaduct,0,VIAD. I/D HOOFDRIJBAAN R/L (R.31),600143514,2021-10-01T00:00:00,176,060014351420211001,PKK0000085070,I,,POINT (181930.60399999842 574718.0267000012)
kunstoverweg_wegvak.1181,Viaduct,0,VIAD.'DIJKZICHT'I/H FIETSPAD,600124714,2021-10-01T00:00:00,113,060012471420211001,PKK0000083672,I,,POINT (122761.69819999859 481918.1783999987)
kunstoverweg_wegvak.1182,Viaduct,0,VIAD.'BURGERMEESTER STRAMAWEG'I/D BURG. STRAMAWEG,247360050,2021-10-01T00:00:00,14,024736005020211001,PKK0000083673,I,,POINT (123633.03950000182 480151.15410000086)
kunstoverweg_wegvak.1183,Viaduct,0,VIAD.'BURGEMEESTER STRAMAWEG'I/D BURG. STRAMAWEG,247360050,2021-10-01T00:00:00,39,024736005020211001,PKK0000083674,I,,POINT (123647.06419999897 480130.4585000016)
kunstoverweg_wegvak.1184,Viaduct,0,FIETSBRUG I/H MEIBERGPAD,249357024,2021-10-01T00:00:00,200,024935702420211001,PKK0000083675,I,,POINT (124642.92040000111 478322.0146000013)
kunstoverweg_wegvak.1185,Viaduct,0,VIAD.IN RW.  9 (R.RIJB.) ='KP.HOLENDRECHT',249355026,2021-10-01T00:00:00,230,024935502620211001,PKK0000083678,I,,POINT (125024.92139999941 477636.8597000018)
kunstoverweg_wegvak.1186,Viaduct,0,VIAD.O/D,251350014,2021-10-01T00:00:00,3,025135001420211001,PKK0000083680,I,,POINT (125914.7100000009 475438.8552000001)
kunstoverweg_wegvak.1187,Viaduct,0,"VIAD.""VERBINDINGSWEG""I/D MAARSSENSEWEG",600125739,2021-10-01T00:00:00,447,060012573920211001,PKK0000083681,I,,POINT (129987.61439999938 459640.0903999992)
kunstoverweg_wegvak.1188,Viaduct,0,"VIAD.""ZUILENSE RING""I/D ZUILENSE RING=N230",600127224,2021-10-01T00:00:00,102,060012722420211001,PKK0000083682,I,,POINT (130756.90269999951 458944.2851999998)
kunstoverweg_wegvak.1189,Viaduct,0,"VIAD.""ZUILENSE RING""I/D ZUILENSE RING=N230",600127224,2021-10-01T00:00:00,81,060012722420211001,PKK0000083683,I,,POINT (130774.42040000111 458932.70380000025)
kunstoverweg_wegvak.1190,Viaduct,0,"VIAD.""LAGEWEIDEVIADUCT""I/D PLUTONIUMWEG",600127218,2021-10-01T00:00:00,472,060012721820211001,PKK0000083684,I,,POINT (132099.7637999989 458040.58260000125)
kunstoverweg_wegvak.1191,Viaduct,0,"VIAD.""VERKEERSPLEIN HOOGGELEGEN""I/D DOM.MARTIN LUTH.KINGLAAN",600127275,2021-10-01T00:00:00,331,060012727520211001,PKK0000083685,I,,POINT (133650.58089999855 454586.8385999985)
kunstoverweg_wegvak.1192,Viaduct,0,"VIAD.""VERKEERSPLEIN HOOGGELEGEN""I/D DOM.MARTIN LUTH.KINGLAAN",600127275,2021-10-01T00:00:00,308,060012727520211001,PKK0000083686,I,,POINT (133646.41919999942 454564.2184000015)
kunstoverweg_wegvak.1193,Viaduct,0,"VIAD.""ZUILENSE RING""I/D ZUILENSE RING=N230",260318042,2021-10-01T00:00:00,424,026031804220211001,PKK0000083689,I,,POINT (130742.62370000035 458889.3104000017)
kunstoverweg_wegvak.1194,Viaduct,0,"VIAD.""ZUILENSE RING""I/D ZUILENSE RING=N230",260318042,2021-10-01T00:00:00,447,026031804220211001,PKK0000083690,I,,POINT (130761.83920000121 458876.6704999991)
kunstoverweg_wegvak.1195,Viaduct,0,"VIAD.""LAGE WEIDE""I/D SOESTWETERING",263316041,2021-10-01T00:00:00,368,026331604120211001,PKK0000083691,I,,POINT (132066.04410000145 457989.77739999816)
kunstoverweg_wegvak.1196,Viaduct,0,"VIAD.""VERKEERSPLEIN HOOGGELEGEN""I/D DOM.MARTIN LUTH.KINGLAAN",267310019,2021-10-01T00:00:00,420,026731001920211001,PKK0000083692,I,,POINT (133589.86410000175 454607.5278000012)
kunstoverweg_wegvak.1197,Viaduct,0,"VIAD.""VERKEERSPLEIN HOOGGELEGEN""I/D DOM.MARTIN LUTH.KINGLAAN",267310019,2021-10-01T00:00:00,442,026731001920211001,PKK0000083693,I,,POINT (133585.73809999973 454585.9180999994)
kunstoverweg_wegvak.1198,Viaduct,0,"VIAD.""MARINUS VAN TYRUSVIADUCT""I/D MARINUS VAN TYRUSLAAN",267308022,2021-10-01T00:00:00,338,026730802220211001,PKK0000083694,I,,POINT (133455.68989999965 454078.45329999924)
kunstoverweg_wegvak.1199,Viaduct,0,VIAD.'FLUITENBERG'I/D MIDDENVELDWEG,600150353,2021-10-01T00:00:00,473,060015035320211001,PKK0000084927,I,,POINT (227799.6345999986 528497.1488000005)
kunstoverweg_wegvak.1200,Viaduct,0,VIAD.'FLUITENBERG'I/D MIDDENVELDWEG,455457013,2021-10-01T00:00:00,559,045545701320211001,PKK0000084927,I,,POINT (227781.32180000097 528491.3610999994)
kunstoverweg_wegvak.1201,Viaduct,0,VIAD.'TER HORSTERZAND'I/D LHEEBROEKERWEG,600152417,2021-11-01T00:00:00,623,060015241720211101,PKK0000084930,I,,POINT (228658.63769999892 539429.7833999991)
kunstoverweg_wegvak.1202,Viaduct,0,VIAD.'TER HORSTERZAND'I/D LHEEBROEKERWEG,454473017,2021-10-01T00:00:00,2647,045447301720211001,PKK0000084930,I,,POINT (228674.48750000075 539417.5656999983)
kunstoverweg_wegvak.1203,Viaduct,0,VIAD.'BRUNSTING'I/D BRUNSTINGERWEG,600150946,2021-10-01T00:00:00,888,060015094620211001,PKK0000084931,I,,POINT (230102.5304000005 542831.0273999982)
kunstoverweg_wegvak.1204,Viaduct,0,VIAD.'BRUNSTING'I/D BRUNSTINGERWEG,459483028,2021-10-01T00:00:00,1159,045948302820211001,PKK0000084931,I,,POINT (230116.74500000104 542815.1548999995)
kunstoverweg_wegvak.1205,Viaduct,0,VIAD.'PLATTENVELD'I/D TWEE PROVINCINWEG,600152306,2021-10-01T00:00:00,8417,060015230620211001,PKK0000084932,I,,POINT (230781.5544999987 543986.058600001)
kunstoverweg_wegvak.1206,Viaduct,0,VIAD.'PLATTENVELD'I/D TWEE PROVINCINWEG,459483028,2021-10-01T00:00:00,2509,045948302820211001,PKK0000084932,I,,POINT (230800.29780000076 543979.0698000006)
kunstoverweg_wegvak.1207,Viaduct,0,VIAD.'LAAGHALEN'I/D HOOGHALENSEWEG,600152306,2021-10-01T00:00:00,3412,060015230620211001,PKK0000084933,I,,POINT (232003.03269999847 548662.9079000019)
kunstoverweg_wegvak.1208,Viaduct,0,VIAD.'LAAGHALEN'I/D HOOGHALENSEWEG,462488005,2021-10-01T00:00:00,4607,046248800520211001,PKK0000084933,I,,POINT (232021.67430000007 548659.2622999996)
kunstoverweg_wegvak.1209,Viaduct,0,FIETS-VOETG.VIAD.'WITTE ZAND',600152306,2021-10-01T00:00:00,2764,060015230620211001,PKK0000084934,I,,POINT (232137.0326000005 549296.8566999994)
kunstoverweg_wegvak.1210,Viaduct,0,FIETS-VOETG.VIAD.'WITTE ZAND',462488005,2021-10-01T00:00:00,5255,046248800520211001,PKK0000084934,I,,POINT (232155.68560000136 549293.2080999985)
kunstoverweg_wegvak.1211,Viaduct,0,VIAD.'OUDE TOL'I/D LBW.,600152306,2021-10-01T00:00:00,628,060015230620211001,PKK0000084935,I,,POINT (232459.23790000007 551408.0799999982)
kunstoverweg_wegvak.1212,Viaduct,0,VIAD.'OUDE TOL'I/D LBW.,462488005,2021-10-01T00:00:00,7395,046248800520211001,PKK0000084935,I,,POINT (232478.2146999985 551408.4230999984)
kunstoverweg_wegvak.1213,Viaduct,0,VIAD. I/D DE HAAR,465505037,2021-10-01T00:00:00,140,046550503720211001,PKK0000084936,I,,POINT (232758.67920000106 552749.8390000015)
kunstoverweg_wegvak.1214,Viaduct,0,VIAD. I/D DE HAAR,600151035,2021-10-01T00:00:00,365,060015103520211001,PKK0000084936,I,,POINT (232740.22769999877 552752.5329999998)
kunstoverweg_wegvak.1215,Viaduct,0,VIAD.'WITTERBROEK'IN RW. 33 (R.RIJB.),600150950,2021-10-01T00:00:00,1539,060015095020211001,PKK0000084937,I,,POINT (232296.5940000005 554758.2177999988)
kunstoverweg_wegvak.1216,Viaduct,0,VIAD.'WITTERBROEK'IN RW. 33 (R.RIJB.),463510024,2021-10-01T00:00:00,570,046351002420211001,PKK0000084937,I,,POINT (232285.3685999997 554751.0212999992)
kunstoverweg_wegvak.1217,Viaduct,0,VIAD.'WITTEN'I/D WITTERHOOFDWEG,600150730,2021-10-01T00:00:00,734,060015073020211001,PKK0000084938,I,,POINT (231547.3834999986 555747.1534999982)
kunstoverweg_wegvak.1218,Viaduct,0,VIAD.'WITTEN'I/D WITTERHOOFDWEG,462513015,2021-08-01T00:00:00,1207,046251301520210801,PKK0000084938,I,,POINT (231534.809799999 555741.8370000012)
kunstoverweg_wegvak.1219,Viaduct,0,VIAD.'TER AARD'I/D TER AARDSEWEG,600150370,2021-10-01T00:00:00,1392,060015037020211001,PKK0000084939,I,,POINT (232965.47320000082 559759.8106000014)
kunstoverweg_wegvak.1220,Viaduct,0,VIAD.'TER AARD'I/D TER AARDSEWEG,462514034,2021-10-01T00:00:00,2985,046251403420211001,PKK0000084939,I,,POINT (232975.52149999887 559751.3783)
kunstoverweg_wegvak.1221,Viaduct,0,VIAD.'OOSTBROEKEN'IN RW. 34 (L.RIJB.),600413962,2021-10-01T00:00:00,1214,060041396220211001,PKK0000084940,I,,POINT (237000.20279999822 569938.4109999985)
kunstoverweg_wegvak.1222,Viaduct,0,VIAD.'OOSTBROEKEN'IN RW. 34 (L.RIJB.),600413963,2021-10-01T00:00:00,812,060041396320211001,PKK0000084940,I,,POINT (236988.40949999914 569936.7294000015)
kunstoverweg_wegvak.1223,Viaduct,0,VIAD.'KLAVERBLAD HOOGEVEEN'IN RW. 28 ='KP.HOOGEVEEN',600151211,2021-10-01T00:00:00,144,060015121120211001,PKK0000084923,I,,POINT (227371.18510000035 525038.3150999993)
kunstoverweg_wegvak.1224,Viaduct,0,VIAD.IN VBW.u,600128398,2021-10-01T00:00:00,321,060012839820211001,PKK0000084858,I,,POINT (139266.2226999998 455923.8416999988)
kunstoverweg_wegvak.1225,Viaduct,0,VIAD.IN RW. 27 (L.RIJB.) ='KP.RIJNSWEERD',600128398,2021-10-01T00:00:00,88,060012839820211001,PKK0000084860,I,,POINT (139491.24980000034 455984.0786000006)
kunstoverweg_wegvak.1226,Viaduct,0,VIAD.'BUREVELD'I/D UNIVERSITEITSWEG,600128585,2022-10-01T00:00:00,464,060012858520221001,PKK0000084863,I,,POINT (140782.25079999864 456075.04300000146)
kunstoverweg_wegvak.1227,Viaduct,0,VIAD.'BUREVELD'I/D UNIVERSITEITSWEG,600128585,2022-10-01T00:00:00,444,060012858520221001,PKK0000084864,I,,POINT (140802.1710000001 456073.2580000013)
kunstoverweg_wegvak.1228,Viaduct,0,VIAD.'OOSTBROEK'I/D BUNNIKSEWEG,280312016,2021-10-01T00:00:00,923,028031201620211001,PKK0000084865,I,,POINT (141236.6959999986 456029.6319000013)
kunstoverweg_wegvak.1229,Viaduct,0,VIAD.'DE PAN'I/D PANWEG,600128573,2021-10-01T00:00:00,1277,060012857320211001,PKK0000084866,I,,POINT (144856.14609999955 457331.46649999917)
kunstoverweg_wegvak.1230,Viaduct,0,VOETG.VIAD.'DIJNSELBURG'I/D TITUS BRANDSMALAAN,600128573,2021-10-01T00:00:00,888,060012857320211001,PKK0000084867,I,,POINT (145243.37680000067 457368.52479999885)
kunstoverweg_wegvak.1231,Viaduct,0,VIAD.'WALLENBURG'I/D ERICAWEG,600135193,2021-10-01T00:00:00,1738,060013519320211001,PKK0000084871,I,,POINT (146921.84120000154 457823.15239999816)
kunstoverweg_wegvak.1232,Viaduct,0,VIAD.IN VBW.u ='KP.RIJNSWEERD',278311013,2022-12-01T00:00:00,173,027831101320221201,PKK0000084944,I,,POINT (139273.2857999988 455889.9340999983)
kunstoverweg_wegvak.1233,Viaduct,0,VIAD.'RIJNSWEERD'IN RANG.BAAN n ='KP.RIJNSWEERD',278311023,2021-10-01T00:00:00,73,027831102320211001,PKK0000084945,I,,POINT (139487.97019999847 455947.36560000107)
kunstoverweg_wegvak.1234,Viaduct,0,VIAD.IN RW. 27 (L.RIJB.) ='KP.RIJNSWEERD',278311023,2021-10-01T00:00:00,90,027831102320211001,PKK0000084946,I,,POINT (139504.53280000016 455951.1972000003)
kunstoverweg_wegvak.1235,Viaduct,0,VIAD.IN RW. 27 (R.RIJB.) ='KP.RIJNSWEERD',278311023,2021-10-01T00:00:00,106,027831102320211001,PKK0000084947,I,,POINT (139520.12110000104 455954.8033999987)
kunstoverweg_wegvak.1236,Viaduct,0,VIAD.'RIJNSWEERD'IN RANG.BAAN m ='KP.RIJNSWEERD',278311023,2021-10-01T00:00:00,122,027831102320211001,PKK0000084948,I,,POINT (139535.71970000118 455958.36410000175)
kunstoverweg_wegvak.1237,Viaduct,0,VIAD.'DRIE ZWAANTJES'I/D GALDERSEDREEF,221186010,2022-10-01T00:00:00,1334,022118601020221001,PKK0000092106,I,,POINT (112155.48360000178 393367.14290000126)
kunstoverweg_wegvak.1238,Viaduct,0,VIAD.'ZEELANDPOORT'IN RANG.BAAN n ='KP.DE STOK',600105860,2021-10-01T00:00:00,569,060010586020211001,PKK0000092107,I,,POINT (88669.63789999858 393883.9594999999)
kunstoverweg_wegvak.1239,Viaduct,0,VIAD.'ZEELANDPOORT'IN RANG.BAAN n ='KP.DE STOK',177187016,2022-10-01T00:00:00,19,017718701620221001,PKK0000092107,I,,POINT (88666.01269999892 393873.01209999993)
kunstoverweg_wegvak.1240,Viaduct,0,VIAD.'ZEELANDPOORT'IN RW. 17 (R.RIJB.) ='KP.DE STOK',600105860,2021-10-01T00:00:00,593,060010586020211001,PKK0000092108,I,,POINT (88645.73470000178 393886.1127999984)
kunstoverweg_wegvak.1241,Viaduct,0,VIAD.'ZEELANDPOORT'IN RW. 17 (R.RIJB.) ='KP.DE STOK',177187016,2022-10-01T00:00:00,0,017718701620221001,PKK0000092108,I,,POINT (88647.0859999992 393874.67990000173)
kunstoverweg_wegvak.1242,Viaduct,0,VIAD.'NISHOEK'I/D GOVERSWEG,600100606,2021-10-01T00:00:00,3062,060010060620211001,PKK0000092110,I,,POINT (61193.68230000138 385810.8784000017)
kunstoverweg_wegvak.1243,Viaduct,0,VIAD.'NISHOEK'I/D GOVERSWEG,121173006,2022-10-01T00:00:00,980,012117300620221001,PKK0000092110,I,,POINT (61176.33370000124 385801.3178999983)
kunstoverweg_wegvak.1244,Viaduct,0,VIAD.'t HOEKSKE'I/D CHAAMSEWEG,600121691,2022-10-01T00:00:00,1746,060012169120221001,PKK0000092103,I,,POINT (114204.78929999843 394458.1248999983)
kunstoverweg_wegvak.1245,Viaduct,0,VIAD.'CAUWELAER'I/D CHAAMSEWEG,600121551,2022-10-01T00:00:00,6,060012155120221001,PKK0000092104,I,,POINT (114187.87810000032 394447.2941999994)
kunstoverweg_wegvak.1246,Viaduct,0,VIAD.'CAUWELEAR'I/D CHAAMSEWEG,600121940,2022-10-01T00:00:00,8,060012194020221001,PKK0000092113,I,,POINT (114185.26110000163 394448.2782999985)
kunstoverweg_wegvak.1247,Viaduct,0,VIAD. I/D L.RIJB. RW 50 (R.RIJB.),336232032,2022-05-01T00:00:00,149,033623203220220501,PKK0000092118,I,,POINT (168247.08100000024 416504.79850000143)
kunstoverweg_wegvak.1248,Viaduct,0,VIAD. I/D L.RIJB. RW 50 (R.RIJB.),600140485,2022-10-01T00:00:00,2,060014048520221001,PKK0000092118,I,,POINT (168212.2375999987 416581.4587999992)
kunstoverweg_wegvak.1249,Viaduct,0,VIAD.'LEENDERHEIDE'I/D PAR.WEG,327159005,2021-10-01T00:00:00,308,032715900520211001,PKK0000092121,I,,POINT (163920.58729999885 379535.88219999894)
kunstoverweg_wegvak.1250,Viaduct,0,VIAD.'LEENDERHEIDE'I/D PAR.WEG,600136780,2022-10-01T00:00:00,724,060013678020221001,PKK0000092121,I,,POINT (163920.42060000077 379547.6121999994)
kunstoverweg_wegvak.1251,Viaduct,0,VIAD.'GENOENHUIS'I/D GENOENHUIZERWEG,330159009,2022-10-01T00:00:00,615,033015900920221001,PKK0000092122,I,,POINT (165851.11989999935 379536.78649999946)
kunstoverweg_wegvak.1252,Viaduct,0,VIAD.'GENOENHUIS'I/D GENOENHUIZERWEG,600136806,2022-10-01T00:00:00,1448,060013680620221001,PKK0000092122,I,,POINT (165850.5095999986 379548.03229999915)
kunstoverweg_wegvak.1253,Viaduct,0,VIAD.'SPIESBERG'I/D SPIESBERG,384153027,2021-10-01T00:00:00,1121,038415302720211001,PKK0000092123,I,,POINT (193128.26099999994 376624.7835999988)
kunstoverweg_wegvak.1254,Viaduct,0,VIAD.'SPIESBERG'I/D SPIESBERG,600144559,2022-10-01T00:00:00,1605,060014455920221001,PKK0000092123,I,,POINT (193125.33680000156 376635.1057000011)
kunstoverweg_wegvak.1255,Viaduct,0,VIAD. (L.RIJB.),600145180,2022-10-01T00:00:00,2414,060014518020221001,PKK0000092127,I,,POINT (189575.40659999847 348180.5058000013)
kunstoverweg_wegvak.1256,Viaduct,0,VIAD.'RADBERG' I/H VONDEREN,379096025,2021-10-01T00:00:00,1829,037909602520211001,PKK0000092128,I,,POINT (191264.56179999933 349203.9419)
kunstoverweg_wegvak.1257,Viaduct,0,VIAD.'RADBERG' I/H VONDEREN,600145180,2022-10-01T00:00:00,405,060014518020221001,PKK0000092128,I,,POINT (191256.5544999987 349212.4893000014)
kunstoverweg_wegvak.1258,Brug,0,VIAD.'BRADAAL'I/D N320,279275038,2023-01-01T00:00:00,66,027927503820230101,PKK0000093173,I,,POINT (139679.99060000107 437817.09149999917)
kunstoverweg_wegvak.1259,Viaduct,0,VIAD. 'MAURICK I/D RWA65',600136446,2023-01-01T00:00:00,170,060013644620230101,PKK0000093175,I,,POINT (148997.72159999982 408537.3726999983)
kunstoverweg_wegvak.1260,Viaduct,0,VIAD.IN RANG.BAAN y ='KP.KERENSHEIDE',366059013,2021-10-01T00:00:00,1159,036605901320211001,PKK0000092359,I,,POINT (183120.5949999988 330951.24599999934)
kunstoverweg_wegvak.1261,Viaduct,0,VIAD.IN RANG.BAAN y ='KP.KERENSHEIDE',366062019,2022-11-01T00:00:00,500,036606201920221101,PKK0000092359,I,,POINT (183108.7686999999 330952.0881999992)
kunstoverweg_wegvak.1262,Viaduct,0,VIAD.IN RW. 76 (L.RIJB.) ='KP.KERENSHEIDE',366059013,2021-10-01T00:00:00,1141,036605901320211001,PKK0000092360,I,,POINT (183119.23270000145 330933.2976000011)
kunstoverweg_wegvak.1263,Viaduct,0,VIAD.IN RW. 76 (L.RIJB.) ='KP.KERENSHEIDE',366062019,2022-11-01T00:00:00,518,036606201920221101,PKK0000092360,I,,POINT (183107.38980000094 330934.1411000006)
kunstoverweg_wegvak.1264,Viaduct,0,VIAD.IN RW. 76 (R.RIJB.) ='KP.KERENSHEIDE',366059013,2021-10-01T00:00:00,1130,036605901320211001,PKK0000092361,I,,POINT (183118.4001000002 330922.32919999957)
kunstoverweg_wegvak.1265,Viaduct,0,VIAD.IN RW. 76 (R.RIJB.) ='KP.KERENSHEIDE',366062019,2022-11-01T00:00:00,529,036606201920221101,PKK0000092361,I,,POINT (183106.54710000008 330923.17339999974)
kunstoverweg_wegvak.1266,Viaduct,0,VIAD.IN RANG.BAAN x ='KP.KERENSHEIDE',366059013,2021-10-01T00:00:00,1112,036605901320211001,PKK0000092362,I,,POINT (183117.03779999912 330904.3808000013)
kunstoverweg_wegvak.1267,Viaduct,0,VIAD.IN RANG.BAAN x ='KP.KERENSHEIDE',366062019,2022-11-01T00:00:00,547,036606201920221101,PKK0000092362,I,,POINT (183105.1682999991 330905.22630000114)
kunstoverweg_wegvak.1268,Viaduct,0,"VIAD.""FLY OVER"" I/D KÖLN VBW. #",366059013,2021-10-01T00:00:00,1052,036605901320211001,PKK0000092363,I,,POINT (183112.49650000036 330844.5529000014)
kunstoverweg_wegvak.1269,Viaduct,0,"VIAD.""FLY OVER"" I/D KÖLN VBW. #",366062019,2022-11-01T00:00:00,607,036606201920221101,PKK0000092363,I,,POINT (183100.57200000063 330845.40260000154)
kunstoverweg_wegvak.1270,Viaduct,0,VIAD.I/D TERLINDENWEG,382049007,2022-10-01T00:00:00,985,038204900720221001,PKK0000092138,I,,POINT (192279.4759999998 324576.21119999886)
kunstoverweg_wegvak.1271,Viaduct,0,VIAD.I/D TERLINDENWEG,600144551,2022-10-01T00:00:00,289,060014455120221001,PKK0000092138,I,,POINT (192289.06430000067 324587.34690000117)
kunstoverweg_wegvak.1272,Viaduct,0,VIAD.IN VBW.g =N281,600144076,2022-10-01T00:00:00,1208,060014407620221001,PKK0000092139,I,,POINT (192807.93180000037 324102.6953999996)
kunstoverweg_wegvak.1273,Viaduct,0,VIAD.IN VBW.g =N281,384048006,2022-10-01T00:00:00,473,038404800620221001,PKK0000092139,I,,POINT (192792.1191000007 324093.3889000006)
kunstoverweg_wegvak.1274,Viaduct,0,VIAD.I/D ESSCHENWEG,600144076,2022-10-01T00:00:00,1176,060014407620221001,PKK0000092140,I,,POINT (192826.35680000111 324076.53280000016)
kunstoverweg_wegvak.1275,Viaduct,0,VIAD.I/D ESSCHENWEG,384048006,2022-10-01T00:00:00,505,038404800620221001,PKK0000092140,I,,POINT (192810.3924999982 324067.11989999935)
kunstoverweg_wegvak.1276,Viaduct,0,VIAD.I/D PUTTERWEG,600144076,2022-10-01T00:00:00,343,060014407620221001,PKK0000092141,I,,POINT (193264.8740000017 323368.3462000005)
kunstoverweg_wegvak.1277,Viaduct,0,VIAD.I/D PUTTERWEG,384048006,2022-10-01T00:00:00,1339,038404800620221001,PKK0000092141,I,,POINT (193249.2718999982 323357.97250000015)
kunstoverweg_wegvak.1278,Viaduct,0,VIAD.I/D SPOORWEG HEERLEN SCHIN OP GEUL,600145534,2021-10-01T00:00:00,1710,060014553420211001,PKK0000092142,I,,POINT (193869.69940000027 322448.6068000011)
kunstoverweg_wegvak.1279,Viaduct,0,VIAD.I/D SPOORWEG HEERLEN SCHIN OP GEUL,384048006,2022-10-01T00:00:00,2441,038404800620221001,PKK0000092142,I,,POINT (193854.54239999875 322437.6843000017)
kunstoverweg_wegvak.1280,Viaduct,0,VIAD.'TERWORM'I/D TERWORM,600145534,2021-10-01T00:00:00,1421,060014553420211001,PKK0000092143,I,,POINT (194046.40179999918 322219.92770000175)
kunstoverweg_wegvak.1281,Viaduct,0,VIAD.'TERWORM'I/D TERWORM,384048006,2022-10-01T00:00:00,2731,038404800620221001,PKK0000092143,I,,POINT (194031.77369999886 322208.15239999816)
kunstoverweg_wegvak.1282,Viaduct,0,VIAD.'HET SPIEK'IN RW. 73 ='KP.RIJKEVOORT',600145201,2022-07-01T00:00:00,517,060014520120220701,PKK0000092145,I,,POINT (190613.84299999848 408803.16530000046)
kunstoverweg_wegvak.1283,Viaduct,0,VIAD.'HET SPIEK'IN RW. 73 ='KP.RIJKEVOORT',381217016,2022-10-01T00:00:00,0,038121701620221001,PKK0000092145,I,,POINT (190607.77519999817 408792.06709999964)
kunstoverweg_wegvak.1284,Viaduct,0,VIAD.'BRUGFORT'I/D BRUGFORTSTRAAT,600146402,2022-10-01T00:00:00,892,060014640220221001,PKK0000092147,I,,POINT (198363.6933999993 409744.45010000095)
kunstoverweg_wegvak.1285,Viaduct,0,VIAD.'BRUGFORT'I/D BRUGFORTSTRAAT,394218013,2022-10-01T00:00:00,1427,039421801320221001,PKK0000092147,I,,POINT (198368.7597000003 409732.80370000005)
kunstoverweg_wegvak.1286,Viaduct,0,VIAD.'BLOKKEN'I/D BEUGENSEWEG =N610,386216025,2022-10-01T00:00:00,44,038621602520221001,PKK0000092146,I,,POINT (193425.60960000008 408267.8269000016)
kunstoverweg_wegvak.1287,Viaduct,0,VIAD.'BLOKKEN'I/D BEUGENSEWEG =N610,600144316,2022-10-01T00:00:00,476,060014431620221001,PKK0000092146,I,,POINT (193429.04450000077 408281.2489)
kunstoverweg_wegvak.1288,Viaduct,0,'VIAD. BLOKKEK'O/D BEUGENSEWEG = N621,386216036,2022-10-01T00:00:00,53,038621603620221001,PKK0000092148,I,,POINT (193434.29879999906 408261.7846000008)
kunstoverweg_wegvak.1289,Viaduct,0,VIAD.I/D SPOORWEG MAASTRICHT HEERLEN,383042009,2022-06-01T00:00:00,164,038304200920220601,PKK0000092151,I,,POINT (191705.66580000147 321170.94900000095)
kunstoverweg_wegvak.1290,Viaduct,0,VIAD.I/D SPOORWEG MAASTRICHT HEERLEN,600144073,2022-10-01T00:00:00,346,060014407320221001,PKK0000092151,I,,POINT (191707.6297999993 321183.61510000005)
kunstoverweg_wegvak.1291,Viaduct,0,VIAD.I/D VALKENBURGERWEG,383042010,2022-06-01T00:00:00,470,038304201020220601,PKK0000092152,I,,POINT (192278.88329999894 320805.33040000126)
kunstoverweg_wegvak.1292,Viaduct,0,VIAD.I/D VALKENBURGERWEG,600144074,2022-10-01T00:00:00,2430,060014407420221001,PKK0000092152,I,,POINT (192302.67650000006 320810.5555000007)
kunstoverweg_wegvak.1293,Viaduct,0,VIAD.I/D MIDWEG,383042010,2022-06-01T00:00:00,766,038304201020220601,PKK0000092153,I,,POINT (192505.35709999874 320614.75079999864)
kunstoverweg_wegvak.1294,Viaduct,0,VIAD.I/D MIDWEG,600144074,2022-10-01T00:00:00,2139,060014407420221001,PKK0000092153,I,,POINT (192525.28189999983 320623.1420000009)
kunstoverweg_wegvak.1295,Viaduct,0,VIAD.I/D BERGSEWEG,383042010,2022-06-01T00:00:00,1887,038304201020220601,PKK0000092154,I,,POINT (193559.14990000054 320359.6950000003)
kunstoverweg_wegvak.1297,Viaduct,0,VIAD.O/D VBW.g,600987414,2022-11-01T00:00:00,97,060098741420221101,PKK0000092365,I,,POINT (232572.36769999936 579744.7789000012)
kunstoverweg_wegvak.1298,Viaduct,0,VIAD.I/D RW. 7,600151905,2022-11-01T00:00:00,117,060015190520221101,PKK0000092375,I,,POINT (237238.49300000072 581884.6009999998)
kunstoverweg_wegvak.1299,Brug,0,VIAD. I/D EUROPAWEG,474563011,2022-11-01T00:00:00,1222,047456301120221101,PKK0000092376,I,,POINT (238059.0593000017 580607.5366000012)
kunstoverweg_wegvak.1300,Brug,0,VIAD. I/D EUROPAWEG,600151913,2022-11-01T00:00:00,31,060015191320221101,PKK0000092376,I,,POINT (238072.72659999877 580610.7300999984)
kunstoverweg_wegvak.1301,Viaduct,0,VIAD. 'GEKVOORT' I/D WAGENINGSESTRAAT,600403100,2021-10-01T00:00:00,8,060040310020211001,PKK0000093204,I,,POINT (178174.84099999815 436435.0401000008)
kunstoverweg_wegvak.1302,Viaduct,0,VIAD. 'GEKVOORT' I/D WAGENINGSESTRAAT,600404339,2023-01-01T00:00:00,16,060040433920230101,PKK0000093204,I,,POINT (178165.0876000002 436420.95760000125)
kunstoverweg_wegvak.1303,Viaduct,0,VIAD.I/D EUROPAWEG =N316,424279049,2022-11-01T00:00:00,3670,042427904920221101,PKK0000092398,I,,POINT (215933.5967000015 439812.33520000055)
kunstoverweg_wegvak.1304,Viaduct,0,VIAD.I/D EUROPAWEG =N316,424279049,2022-11-01T00:00:00,3705,042427904920221101,PKK0000092399,I,,POINT (215968.51830000058 439814.6766999997)
kunstoverweg_wegvak.1305,Viaduct,0,VIAD.I/D EUROPAWEG =N316,600149703,2021-10-01T00:00:00,1931,060014970320211001,PKK0000092398,I,,POINT (215951.08469999954 439826.84980000183)
kunstoverweg_wegvak.1306,Viaduct,0,VIAD.I/D EUROPAWEG =N316,600149703,2021-10-01T00:00:00,1900,060014970320211001,PKK0000092399,I,,POINT (215982.01539999992 439828.9219000004)
kunstoverweg_wegvak.1307,Viaduct,0,VIAD. I/D WAGENINGSESTRAAT,356272049,2023-01-01T00:00:00,14,035627204920230101,PKK0000093228,I,,POINT (178162.30649999902 436415.62999999896)
kunstoverweg_wegvak.1308,Viaduct,0,VIAD.I/D RESENSESTRAAT,375267025,2023-01-01T00:00:00,112,037526702520230101,PKK0000093229,I,,POINT (187729.83300000057 433811.8643000014)
kunstoverweg_wegvak.1309,Viaduct,0,VIAD.I/D BIVANKWEG,415275026,2022-11-01T00:00:00,87,041527502620221101,PKK0000092416,I,,POINT (207731.38580000028 437617.90670000017)
kunstoverweg_wegvak.1310,Viaduct,4.0999999,VIAD.I/D SPOORWEG TERNEUZEN HULST (GOED.)              %4.10,600955756,2022-06-01T00:00:00,338,060095575620220601,PKK0000093238,I,,POINT (47438.51889999956 368667.8564000018)
kunstoverweg_wegvak.1311,Viaduct,4.0999999,VIAD.I/D SPOORWEG TERNEUZEN HULST (GOED.)              %4.10,600944054,2023-01-01T00:00:00,249,060094405420230101,PKK0000093238,I,,POINT (47447.1427000016 368652.18349999934)
kunstoverweg_wegvak.1312,Viaduct,0,VIAD. I/D RESSENSESTRAAT,600143849,2023-01-01T00:00:00,453,060014384920230101,PKK0000093239,I,,POINT (187731.54199999943 433804.9990000017)
kunstoverweg_wegvak.1313,Viaduct,0,VIAD.O/D A325 ARNHEM NIJMEGEN ='KP.RESSEN',600144214,2023-01-01T00:00:00,80,060014421420230101,PKK0000093240,I,,POINT (187985.72289999947 434322.60610000044)
kunstoverweg_wegvak.1314,Viaduct,0,VIAD. I/D BETUWELIJN BEMMEL GORINCHEM,600144219,2023-01-01T00:00:00,244,060014421920230101,PKK0000093242,I,,POINT (188203.29890000075 434765.10500000045)
kunstoverweg_wegvak.1315,Viaduct,0,VIAD.I/D HAAKSBERGERSTRAAT,507339014,2021-10-01T00:00:00,343,050733901420211001,PKK0000092425,I,,POINT (254017.58779999986 469469.5214000009)
kunstoverweg_wegvak.1316,Viaduct,0,VIAD. I/D RESSENSESTRAAT,375267028,2023-01-01T00:00:00,104,037526702820230101,PKK0000093244,I,,POINT (187777.3938000016 433780.88800000027)
kunstoverweg_wegvak.1317,Viaduct,0,VIAD.I/D USSELER RONDWEG,508338002,2021-10-01T00:00:00,1432,050833800220211001,PKK0000092426,I,,POINT (255610.6088999994 469220.2846999988)
kunstoverweg_wegvak.1318,Viaduct,0,VIAD.I/D USSELER RONDWEG,600153399,2022-11-01T00:00:00,1604,060015339920221101,PKK0000092426,I,,POINT (255611.37099999934 469232.54989999905)
kunstoverweg_wegvak.1319,Viaduct,0,VIAD.'HOFTE'I/D BURG.M.VAN VEENLAAN,508338002,2021-10-01T00:00:00,2849,050833800220211001,PKK0000092427,I,,POINT (257025.54190000147 469147.4455999993)
kunstoverweg_wegvak.1320,Viaduct,0,VIAD.'HOFTE'I/D BURG.M.VAN VEENLAAN,600153399,2022-11-01T00:00:00,186,060015339920221101,PKK0000092427,I,,POINT (257027.28819999844 469159.46829999983)
kunstoverweg_wegvak.1321,Viaduct,0,VIAD.I/D HAAKSBERGERSTRAAT,600153399,2022-11-01T00:00:00,3226,060015339920221101,PKK0000092425,I,,POINT (254010.57730000094 469483.45749999955)
kunstoverweg_wegvak.1322,Viaduct,0,VIAD.I/D RW. 7 KP. EUVELGUNNE,600151906,2022-11-01T00:00:00,210,060015190620221101,PKK0000092429,I,,POINT (237216.43169999868 581902.2963999994)
kunstoverweg_wegvak.1323,Viaduct,0,VIAD.I/D RW. 7 KP. EUVELGUNNE,474563014,2021-04-01T00:00:00,0,047456301420210401,PKK0000092429,I,,POINT (237238.49300000072 581884.6009999998)
kunstoverweg_wegvak.1324,Viaduct,0,VIAD.I/D VAN HEEMSKERCKWEG,600147246,2022-11-01T00:00:00,144,060014724620221101,PKK0000092434,I,,POINT (203476.52690000087 378592.9807999991)
kunstoverweg_wegvak.1325,Viaduct,0,VIAD.I/D AMBYERWEG,358040006,2022-10-01T00:00:00,264,035804000620221001,PKK0000092437,I,,POINT (179563.18230000138 320375.0625)
kunstoverweg_wegvak.1326,Viaduct,0,VIAD.I/D AMBYERWEG,600958927,2022-11-01T00:00:00,156,060095892720221101,PKK0000092437,I,,POINT (179565.68290000036 320390.02809999883)
kunstoverweg_wegvak.1327,Viaduct,0,VIAD.'WIELERBAAN',356037054,2021-10-01T00:00:00,559,035603705420211001,PKK0000083657,I,,POINT (178440.19179999828 319414.6228)
kunstoverweg_wegvak.1328,Viaduct,0,VIAD.'WIELERBAAN',357039027,2021-10-01T00:00:00,530,035703902720211001,PKK0000083657,I,,POINT (178430.81650000066 319422.7802999988)
kunstoverweg_wegvak.1329,Viaduct,0,VIAD.I/D 'MAASTRICHT-CENTRUM [Z]'VBW. a,356033076,2021-10-01T00:00:00,113,035603307620211001,PKK0000083658,I,,POINT (178271.44629999995 316755.59910000116)
kunstoverweg_wegvak.1330,Viaduct,0,VIAD.I/D 'MAASTRICHT-CENTRUM [Z]'VBW. a,356037047,2021-10-01T00:00:00,2434,035603704720211001,PKK0000083658,I,,POINT (178259.53959999979 316753.7232000008)
kunstoverweg_wegvak.1331,Viaduct,0,VIAD.I/D JOSEPH BECHLAAN,356032046,2021-10-01T00:00:00,45,035603204620211001,PKK0000083659,I,,POINT (178331.8161999993 316452.4732000008)
kunstoverweg_wegvak.1332,Viaduct,0,VIAD.I/D JOSEPH BECHLAAN,356033077,2021-10-01T00:00:00,195,035603307720211001,PKK0000083659,I,,POINT (178319.27299999818 316451.866799999)
kunstoverweg_wegvak.1333,Viaduct,0,VIAD.I/D OESLINGERBAAN,600143595,2021-10-01T00:00:00,41,060014359520211001,PKK0000083660,I,,POINT (178335.79919999838 315749.001600001)
kunstoverweg_wegvak.1334,Viaduct,0,VIAD.I/D OESLINGERBAAN,356032054,2021-10-01T00:00:00,267,035603205420211001,PKK0000083660,I,,POINT (178322.1906999983 315749.4439999983)
kunstoverweg_wegvak.1335,Viaduct,0,VIAD.I/D OESLINGERBAAN,600143595,2021-10-01T00:00:00,16,060014359520211001,PKK0000083661,I,,POINT (178335.52980000153 315724.0031000003)
kunstoverweg_wegvak.1336,Viaduct,0,VIAD.I/D OESLINGERBAAN,356032054,2021-10-01T00:00:00,293,035603205420211001,PKK0000083661,I,,POINT (178321.76429999992 315723.44750000164)
kunstoverweg_wegvak.1337,Viaduct,0,VIAD.I/D MAASTRICHTERWEG,600143594,2021-10-01T00:00:00,1005,060014359420211001,PKK0000083662,I,,POINT (178344.28489999846 315244.28130000085)
kunstoverweg_wegvak.1338,Viaduct,0,VIAD.I/D MAASTRICHTERWEG,356031055,2021-10-01T00:00:00,463,035603105520211001,PKK0000083662,I,,POINT (178328.83559999987 315245.2153000012)
kunstoverweg_wegvak.1339,Viaduct,0,VIAD.I/D KOBBESWEG,600142265,2021-10-01T00:00:00,8,060014226520211001,PKK0000083663,I,,POINT (178589.30999999866 313940.30860000104)
kunstoverweg_wegvak.1340,Viaduct,0,VIAD.I/D KOBBESWEG,356028050,2021-10-01T00:00:00,439,035602805020211001,PKK0000083663,I,,POINT (178569.6585999988 313936.0817999989)
kunstoverweg_wegvak.1341,Viaduct,0,VIAD.I/D RIJKSWEG =N592,600141523,2021-10-01T00:00:00,1163,060014152320211001,PKK0000083664,I,,POINT (178789.04239999875 309144.99439999834)
kunstoverweg_wegvak.1342,Viaduct,0,VIAD.I/D RIJKSWEG =N592,357017018,2021-10-01T00:00:00,510,035701701820211001,PKK0000083664,I,,POINT (178805.875 309133.8333999999)
kunstoverweg_wegvak.1343,Viaduct,0,VIAD.'TERBLIJTERWEG' (L.RIJB.),355037136,2021-10-01T00:00:00,128,035503713620211001,PKK0000083666,I,,POINT (178009.31590000167 318741.4043000005)
kunstoverweg_wegvak.1344,Viaduct,0,VIAD.'TERBLIJTERWEG' (L.RIJB.),356037048,2021-10-01T00:00:00,241,035603704820211001,PKK0000083666,I,,POINT (177949.29439999908 318782.74980000034)
kunstoverweg_wegvak.1345,Viaduct,0,VIAD.I/D 'MAASTRICHT-CENTRUM [Z] VBW. a,356033087,2021-10-01T00:00:00,148,035603308720211001,PKK0000083667,I,,POINT (178285.16539999843 316764.68609999865)
kunstoverweg_wegvak.1346,Viaduct,0,VIAD.I/D 'MAASTRICHT-CENTRUM [Z] VBW. a,356033094,2022-02-01T00:00:00,170,035603309420220201,PKK0000083667,I,,POINT (178245.15249999985 316754.9640999995)
kunstoverweg_wegvak.1347,Viaduct,0,VIAD.'ST.CHARLES'I/D BOSSCHEWEG,600135096,2021-10-01T00:00:00,44,060013509620211001,PKK0000083591,I,,POINT (150191.77870000154 402992.9455999993)
kunstoverweg_wegvak.1348,Viaduct,0,VIAD.'BURG.STRAMANWEG'I/D BURG.STRAMANWEG,246361009,2021-10-01T00:00:00,507,024636100920211001,PKK0000083538,I,,POINT (123640.95149999857 480157.999400001)
kunstoverweg_wegvak.1349,Viaduct,0,VIAD.'BURG.STRAMANWEG'I/D BURG.STRAMANWEG,246361009,2021-10-01T00:00:00,532,024636100920211001,PKK0000083539,I,,POINT (123654.2292000018 480136.8167999983)
kunstoverweg_wegvak.1350,Viaduct,0,VIAD.'BERKELAAR'I/D MAASBRACHTERWEG,377095006,2021-10-01T00:00:00,43,037709500620211001,PKK0000083637,I,,POINT (189005.54789999872 347667.2894000001)
kunstoverweg_wegvak.1351,Viaduct,0,VIAD.IN VBW.g ='KP.OUDENRIJN',267308020,2021-10-01T00:00:00,1436,026730802020211001,PKK0000083559,I,,POINT (133160.81610000134 452758.1576000005)
kunstoverweg_wegvak.1352,Viaduct,0,VIAD.IN VBW.u ='KP.EVERDINGEN',600129336,2021-10-01T00:00:00,1071,060012933620211001,PKK0000083562,I,,POINT (135265.71950000152 443367.1746000014)
kunstoverweg_wegvak.1353,Viaduct,0,VIAD.IN RW. 27 (L.RIJB.) ='KP.EVERDINGEN',269287019,2021-10-01T00:00:00,714,026928701920211001,PKK0000083563,I,,POINT (135429.35090000182 443119.3431000002)
kunstoverweg_wegvak.1354,Viaduct,0,VIAD.IN RW. 27 (R.RIJB.) ='KP.EVERDINGEN',269287019,2021-10-01T00:00:00,732,026928701920211001,PKK0000083564,I,,POINT (135440.379900001 443105.11769999936)
kunstoverweg_wegvak.1355,Viaduct,0,VIAD.IN VBW.t ='KP.EVERDINGEN',269287019,2021-10-01T00:00:00,1051,026928701920211001,PKK0000083565,I,,POINT (135624.83190000057 442844.9615999982)
kunstoverweg_wegvak.1356,Ecoduct,0,ECODUCT I/D,600127796,2021-10-01T00:00:00,2579,060012779620211001,PKK0000083567,I,,POINT (136393.79129999876 441651.1132000014)
kunstoverweg_wegvak.1357,Viaduct,0,VIAD.I/D DIEFDIJK,277278010,2022-01-01T00:00:00,240,027727801020220101,PKK0000083569,I,,POINT (138970.59299999848 438810.28869999945)
kunstoverweg_wegvak.1358,Viaduct,0,VIAD. I/D BETUWELIJN,287261012,2021-10-01T00:00:00,708,028726101220211001,PKK0000083573,I,,POINT (143945.83940000087 430038.2846999988)
kunstoverweg_wegvak.1359,Viaduct,0,VIAD.IN RANG.BAAN y ='KP.DEIL',287261012,2021-10-01T00:00:00,904,028726101220211001,PKK0000083574,I,,POINT (144036.63650000095 429864.58410000056)
kunstoverweg_wegvak.1360,Viaduct,0,VIAD.IN RW. 15 (L.RIJB.) ='KP.DEIL',600129501,2021-10-01T00:00:00,118,060012950120211001,PKK0000083575,I,,POINT (144059.33370000124 429858.09120000154)
kunstoverweg_wegvak.1361,Viaduct,0,VIAD.IN RW. 15 (R.RIJB.) ='KP.DEIL',600129501,2021-10-01T00:00:00,101,060012950120211001,PKK0000083576,I,,POINT (144067.2082999982 429843.0249999985)
kunstoverweg_wegvak.1362,Viaduct,0,VIAD.IN RW.15 VBW. v ='KP.DEIL',600129501,2021-10-01T00:00:00,84,060012950120211001,PKK0000083577,I,,POINT (144075.08289999887 429827.9587999992)
kunstoverweg_wegvak.1363,Brug,0,VIAD.''T WERDJE 2' I/D RW67 LINKS,600138373,2021-10-01T00:00:00,138,060013837320211001,PKK0000083607,I,,POINT (158276.43129999936 379576.0485999994)
kunstoverweg_wegvak.1364,Viaduct,0,VIAD.'ULKENDONK'I/D GROTE BLEEK,339140009,2021-10-01T00:00:00,103,033914000920211001,PKK0000083614,I,,POINT (169676.84450000152 370063.3110000007)
kunstoverweg_wegvak.1365,Viaduct,0,VIAD.'AARDBRAND'I/D RANDWEG OOST =N611,600139248,2021-10-01T00:00:00,402,060013924820211001,PKK0000083615,I,,POINT (171895.08249999955 367541.62260000035)
kunstoverweg_wegvak.1366,Viaduct,0,'VIADUCT NAPOLEONSWEG'I/D NAPOLEONSWEG =N273,600143966,2021-10-01T00:00:00,569,060014396620211001,PKK0000083630,I,,POINT (187123.05469999835 354537.70809999853)
kunstoverweg_wegvak.1367,Viaduct,0,'VIADUCT NAPOLEONSWEG'I/D NAPOLEONSWEG =N273,373109009,2021-10-01T00:00:00,496,037310900920211001,PKK0000083631,I,,POINT (187127.93299999833 354505.62110000104)
kunstoverweg_wegvak.1368,Viaduct,0,VIAD.'ST.JOOST'I/H VERK.PL.'ST.JOOST' =N271,381098018,2021-10-01T00:00:00,488,038109801820211001,PKK0000083633,I,,POINT (190673.49659999833 349648.6821000017)
kunstoverweg_wegvak.1369,Viaduct,0,VIAD.IN RW. 73,600145181,2021-10-01T00:00:00,726,060014518120211001,PKK0000083635,I,,POINT (190134.23959999904 348609.2666000016)
kunstoverweg_wegvak.1370,Viaduct,0,"VIAD. 'KLEINE HEIDE"" I/D HEIWEG",377095006,2021-10-01T00:00:00,808,037709500620211001,PKK0000083636,I,,POINT (189604.16220000014 348143.4591999985)
kunstoverweg_wegvak.1371,Viaduct,0,VIAD.'SLAGMOLEN'I/D SLAGMOLEN,600145345,2021-10-01T00:00:00,1230,060014534520211001,PKK0000083638,I,,POINT (188430.71379999816 347121.3172999993)
kunstoverweg_wegvak.1372,Viaduct,0,VIAD.I/D MAASEIKERWEG =N296,600145342,2021-10-01T00:00:00,3195,060014534220211001,PKK0000083639,I,,POINT (185811.45199999958 343361.31720000133)
kunstoverweg_wegvak.1373,Viaduct,0,'VIAD. I/D HOLTUM-NOORDWEG',600145342,2021-10-01T00:00:00,3879,060014534220211001,PKK0000083640,I,,POINT (185637.9624999985 342700.5762999989)
kunstoverweg_wegvak.1374,Viaduct,0,VIAD.'GEBROEK'I/D GEBROEKWEG,371083026,2021-10-01T00:00:00,263,037108302620211001,PKK0000083641,I,,POINT (185689.22789999843 341496.9497999996)
kunstoverweg_wegvak.1375,Viaduct,0,VIAD.'t ROOTH'I/D STEENAKKERWEG =N574,600143187,2021-10-01T00:00:00,397,060014318720211001,PKK0000083646,I,,POINT (185592.33689999953 338251.0240000002)
kunstoverweg_wegvak.1376,Viaduct,0,VIAD.'MAASBAAN'I/D SWENTIBOLDWEG,600143187,2021-10-01T00:00:00,3987,060014318720211001,PKK0000083647,I,,POINT (183561.2531999983 335302.13280000165)
kunstoverweg_wegvak.1377,Viaduct,0,VIAD.'GRAETHEIDE'I/D BERGERWEG,600143187,2021-10-01T00:00:00,4701,060014318720211001,PKK0000083648,I,,POINT (183257.79309999943 334659.7954000011)
kunstoverweg_wegvak.1378,Viaduct,0,VIAD.IN VBW. e='KP.RIJNSWEERD''RIJNSWEERD ZUID',279311009,2021-10-01T00:00:00,305,027931100920211001,PKK0000084949,I,,POINT (139900.1876000017 455984.05359999835)
kunstoverweg_wegvak.1379,Viaduct,0,VIAD.'BUREVELD'I/D UNIVERSITEITSWEG,600128456,2021-10-01T00:00:00,6,060012845620211001,PKK0000084950,I,,POINT (140787.69539999962 456089.44860000163)
kunstoverweg_wegvak.1380,Viaduct,0,VIAD.'BUREVELD'I/D UNIVERSITEITSWEG,600128746,2021-10-01T00:00:00,427,060012874620211001,PKK0000084951,I,,POINT (140807.15879999846 456087.7076999992)
kunstoverweg_wegvak.1381,Brug,0,VIAD. FIETSERS I/D BUNNIKSEWEG,600128748,2021-10-01T00:00:00,49,060012874820211001,PKK0000084952,I,,POINT (141240.7628000006 456061.9785999991)
kunstoverweg_wegvak.1382,Viaduct,0,VIAD. FIETSERS I/D BUNNIKSEWEG,600128980,2021-10-01T00:00:00,4,060012898020211001,PKK0000084953,I,,POINT (141227.61309999973 456068.34259999916)
kunstoverweg_wegvak.1383,Viaduct,0,VIAD. FIETSERS I/D BUNNIKSEWEG,600128749,2021-10-01T00:00:00,59,060012874920211001,PKK0000084953,I,,POINT (141231.6024999991 456068.05220000073)
kunstoverweg_wegvak.1384,Viaduct,0,VIAD.'BUREVELD'I/D UNIVERSITEITSWEG,281312034,2021-10-01T00:00:00,74,028131203420211001,PKK0000084954,I,,POINT (140809.39970000088 456091.3016999997)
kunstoverweg_wegvak.1385,Viaduct,0,VIAD.'ZANDBERGEN'I/D ZANDBERGENLAAN =N238,600136020,2021-10-01T00:00:00,169,060013602020211001,PKK0000084955,I,,POINT (146427.38120000064 457666.3999999985)
kunstoverweg_wegvak.1386,Viaduct,0,VIAD.'ZANDBERGEN'I/D ZANDBERGENLAAN =N238,600136020,2021-10-01T00:00:00,144,060013602020211001,PKK0000084956,I,,POINT (146451.26900000125 457673.77329999954)
kunstoverweg_wegvak.1387,Viaduct,0,VIAD.'ZANDBERGEN'I/D ZANDBERGENLAAN,292315020,2021-10-01T00:00:00,64,029231502020211001,PKK0000084957,I,,POINT (146436.83520000055 457621.4805999994)
kunstoverweg_wegvak.1388,Viaduct,0,VIAD.'ZANDBERGEN'I/D ZANDBERGENLAAN,292315020,2021-10-01T00:00:00,86,029231502020211001,PKK0000084958,I,,POINT (146457.6741000004 457628.5331999995)
kunstoverweg_wegvak.1389,Viaduct,0,VIAD.'HET HOLLEGAT'I/D RICHELLEWEG,298317083,2021-10-01T00:00:00,86,029831708320211001,PKK0000084959,I,,POINT (149363.61180000007 458620.3834999986)
kunstoverweg_wegvak.1390,Viaduct,0,VIAD. FIETSERS,309320032,2021-10-01T00:00:00,56,030932003220211001,PKK0000084960,I,,POINT (154980.51199999824 460449.15359999985)
kunstoverweg_wegvak.1391,Viaduct,0,VIAD.O/D,600137824,2021-10-01T00:00:00,152,060013782420211001,PKK0000084962,I,,POINT (156379.1339999996 461583.37860000134)
kunstoverweg_wegvak.1392,Viaduct,0,'VIAD. ARKENOEN',600399396,2021-10-01T00:00:00,65,060039939620211001,PKK0000084964,I,,POINT (158870.29729999974 469164.89510000125)
kunstoverweg_wegvak.1393,Viaduct,0,'VIAD. ARKEMHOEN,600138287,2021-10-01T00:00:00,75,060013828720211001,PKK0000084965,I,,POINT (158845.8112999983 469172.9904999994)
kunstoverweg_wegvak.1394,Viaduct,0,VIAD.,454449026,2021-10-01T00:00:00,159,045444902620211001,PKK0000084979,I,,POINT (227356.13610000163 525011.4708999991)
kunstoverweg_wegvak.1395,Viaduct,0,VIAD.,454449026,2021-10-01T00:00:00,183,045444902620211001,PKK0000084980,I,,POINT (227379.95749999955 525014.3931999989)
kunstoverweg_wegvak.1396,Viaduct,0,VIAD.'SPIER'I/D SPIEREGERWEG,600151557,2021-10-01T00:00:00,84,060015155720211001,PKK0000084987,I,,POINT (227480.46550000086 536971.7905000001)
kunstoverweg_wegvak.1397,Viaduct,0,VIAD.I/D RW.28 VBW.U ZWOLLE ='KP.ASSEN',465508017,2021-10-01T00:00:00,315,046550801720211001,PKK0000084991,I,,POINT (233043.10720000044 554303.6052000001)
kunstoverweg_wegvak.1398,Viaduct,0,VIAD.'TWIJFELVELD'I/D RW. 33,465508017,2021-10-01T00:00:00,482,046550801720211001,PKK0000084992,I,,POINT (233012.2045999989 554466.1108000018)
kunstoverweg_wegvak.1399,Viaduct,0,VIAD.'BEDELDIJK'I/D RW. 28,600152243,2021-10-01T00:00:00,79,060015224320211001,PKK0000084993,I,,POINT (232889.88230000064 554021.6798)
kunstoverweg_wegvak.1400,Viaduct,0,VIAD.'DE PASSAGE 2014'I/D RW. 33 VBW. a,600152244,2021-10-01T00:00:00,175,060015224420211001,PKK0000084994,I,,POINT (232989.14189999923 554336.7921000011)
kunstoverweg_wegvak.1401,Viaduct,0,VIAD.'TWIJFELVELD'I/D RW. 33,600152244,2021-10-01T00:00:00,34,060015224420211001,PKK0000084995,I,,POINT (232998.37049999833 554477.0606000014)
kunstoverweg_wegvak.1402,Viaduct,0,VIAD.'BEDELDIJK'I/D RW. 28,600152242,2021-10-01T00:00:00,983,060015224220211001,PKK0000084990,I,,POINT (232884.21009999886 553993.7972999997)
kunstoverweg_wegvak.1403,Viaduct,0,VIAD.I/D TRAMBAAN,600115097,2022-01-01T00:00:00,218,060011509720220101,PKK0000085004,I,,POINT (94117.309799999 431188.47089999914)
kunstoverweg_wegvak.1404,Viaduct,0,VIAD.I/D RW. 29 R.RIJB.,600115098,2021-10-01T00:00:00,511,060011509820211001,PKK0000085005,I,,POINT (94938.02499999851 431075.313099999)
kunstoverweg_wegvak.1405,Viaduct,0,VIAD.I/D RW. 15 VBW. h,600115098,2021-10-01T00:00:00,457,060011509820211001,PKK0000085006,I,,POINT (94965.23710000142 431028.7652999982)
kunstoverweg_wegvak.1406,Viaduct,0,VIAD.I/D RW. 15 VBW. h,189262022,2021-10-01T00:00:00,313,018926202220211001,PKK0000085007,I,,POINT (95051.04419999942 431131.70219999924)
kunstoverweg_wegvak.1407,Viaduct,0,VIAD.I/D RW. 29 VBW. u,190262010,2021-10-01T00:00:00,213,019026201020211001,PKK0000085008,I,,POINT (94997.43389999866 430904.6680999994)
kunstoverweg_wegvak.1408,Viaduct,0,VIAD.I/D RW. 15 VBW. h,190262010,2021-10-01T00:00:00,312,019026201020211001,PKK0000085009,I,,POINT (94901.30389999971 430903.49240000173)
kunstoverweg_wegvak.1409,Viaduct,0,VIAD.I/D RW. 29 VBW. u,190262010,2021-10-01T00:00:00,548,019026201020211001,PKK0000085010,I,,POINT (94910.12849999964 431086.43090000004)
kunstoverweg_wegvak.1410,Viaduct,0,VIAD.I/D RW. 29 (R.RIJB.),190262010,2021-10-01T00:00:00,562,019026201020211001,PKK0000085011,I,,POINT (94923.87260000035 431089.02320000157)
kunstoverweg_wegvak.1411,Viaduct,0,VIAD.I/D RW. 15 VBW. h,189262033,2021-10-01T00:00:00,55,018926203320211001,PKK0000085012,I,,POINT (94984.21209999919 431087.07279999927)
kunstoverweg_wegvak.1412,Viaduct,0,VIAD.BLAAKSEDIJK'I/D BLAAKSEDIJK WEST,600114528,2021-10-01T00:00:00,350,060011452820211001,PKK0000085013,I,,POINT (93466.43930000067 426061.6645999998)
kunstoverweg_wegvak.1413,Viaduct,0,VIAD.'REEDIJK'I/D N 217,600114525,2021-10-01T00:00:00,248,060011452520211001,PKK0000085014,I,,POINT (93166.11740000173 425793.60599999875)
kunstoverweg_wegvak.1414,Viaduct,0,VIAD.REEDIJK I/D N 217,186251045,2021-10-01T00:00:00,617,018625104520211001,PKK0000085016,I,,POINT (93180.28220000118 425751.80359999835)
kunstoverweg_wegvak.1415,Viaduct,0,VIAD.'BLAAKSEDIJK'I/D BLAAKSEDIJK WEST,600112529,2021-10-01T00:00:00,348,060011252920211001,PKK0000085018,I,,POINT (93476.4459999986 426053.40239999816)
kunstoverweg_wegvak.1416,Viaduct,0,VIAD.'BLAAKSEDIJK'I/D BLAAKSEDIJK WEST,185250021,2021-10-01T00:00:00,991,018525002120211001,PKK0000085018,I,,POINT (93484.30950000137 426044.5960999988)
kunstoverweg_wegvak.1417,Viaduct,0,VIAD.'REEDIJK'I/D OUD BEIJERLANDSE DIJK =N217,600112529,2021-10-01T00:00:00,770,060011252920211001,PKK0000085019,I,,POINT (93162.73640000075 425771.1431999989)
kunstoverweg_wegvak.1418,Viaduct,0,VIAD.'REEDIJK'I/D OUD BEIJERLANDSE DIJK =N217,185250021,2021-10-01T00:00:00,571,018525002120211001,PKK0000085019,I,,POINT (93172.02969999984 425763.73790000007)
kunstoverweg_wegvak.1419,Viaduct,0,VIAD.'MAANDERBROEK'I/D VBW. j(RW12),600140252,2021-10-01T00:00:00,171,060014025220211001,PKK0000085023,I,,POINT (170549.14820000157 448592.8632999994)
kunstoverweg_wegvak.1420,Viaduct,0,VIAD.'MAANDERBROEK'I/D VBW. j(RW12),340297005,2021-10-01T00:00:00,508,034029700520211001,PKK0000085023,I,,POINT (170357.67969999835 448549.2531000003)
kunstoverweg_wegvak.1421,Viaduct,0,'VIAD. DE STEGEN'I/D GOORSTEEG,338309002,2021-10-01T00:00:00,1914,033830900220211001,PKK0000085024,I,,POINT (170144.7586000003 453183.64990000054)
kunstoverweg_wegvak.1422,Viaduct,0,VIAD.I/D NEDERWOUDSEWEG,334317008,2021-10-01T00:00:00,801,033431700820211001,PKK0000085025,I,,POINT (167753.5353000015 458201.6185999997)
kunstoverweg_wegvak.1423,Viaduct,0,VIAD.I/D NEDERWOUDSEWEG,600140588,2021-10-01T00:00:00,2772,060014058820211001,PKK0000085025,I,,POINT (167765.23440000042 458211.96169999987)
kunstoverweg_wegvak.1424,Viaduct,0,VIAD.I/D DRONKELAARSEWEG,600139680,2021-10-01T00:00:00,433,060013968020211001,PKK0000085026,I,,POINT (167060.09800000116 462463.5388999991)
kunstoverweg_wegvak.1425,Viaduct,0,VIAD.I/D DRONKELAARSEWEG,334323026,2021-10-01T00:00:00,476,033432302620211001,PKK0000085026,I,,POINT (167075.31870000064 462461.2120000012)
kunstoverweg_wegvak.1426,Viaduct,0,'VIAD. DE STEGEN'I/D GOORSTEEG,600140201,2021-10-01T00:00:00,628,060014020120211001,PKK0000085024,I,,POINT (170158.68879999965 453184.1369000003)
kunstoverweg_wegvak.1427,Viaduct,0,VIAD. I/D RW. A1,600140327,2021-10-01T00:00:00,353,060014032720211001,PKK0000085027,I,,POINT (167241.03959999979 464388.83139999956)
kunstoverweg_wegvak.1428,Viaduct,0,VIAD.'DE KOP'IN RW.  7 (R.RIJB.),600134635,2022-06-01T00:00:00,362,060013463520220601,PKK0000085031,I,,POINT (154487.0722000003 567570.5443999991)
kunstoverweg_wegvak.1429,Viaduct,0,VOETG. VIAD.,600138557,2022-05-01T00:00:00,298,060013855720220501,PKK0000085035,I,,POINT (156237.2890000008 570461.5240000002)
kunstoverweg_wegvak.1430,Viaduct,0,VOETG. VIAD.,600271850,2021-10-01T00:00:00,1394,060027185020211001,PKK0000085035,I,,POINT (156249.47890000045 570458.055300001)
kunstoverweg_wegvak.1431,Viaduct,0,VIAD.'KIMSWERDERWEG' I/D KIMSWERDERWEG,314549025,2021-10-01T00:00:00,931,031454902520211001,PKK0000085036,I,,POINT (157706.88749999925 575675.1816999987)
kunstoverweg_wegvak.1432,Viaduct,0,VIAD.'KIMSWERDERWEG' I/D KIMSWERDERWEG,600139018,2021-10-01T00:00:00,420,060013901820211001,PKK0000085036,I,,POINT (157698.56120000035 575679.5524000004)
kunstoverweg_wegvak.1433,Viaduct,0,VIAD.'OOSTERPARKWEG'I/D OOSTERPARKWEG,600139018,2021-10-01T00:00:00,22,060013901820211001,PKK0000085037,I,,POINT (157942.64939999953 575992.7432999983)
kunstoverweg_wegvak.1434,Viaduct,0,VIAD. I/D ALMENUMERWEG,600139012,2021-10-01T00:00:00,234,060013901220211001,PKK0000085039,I,,POINT (158154.94399999827 576176.0843999982)
kunstoverweg_wegvak.1435,Viaduct,0,VIAD. I/D ALMENUMERWEG,315552081,2021-10-01T00:00:00,255,031555208120211001,PKK0000085039,I,,POINT (158164.65630000085 576171.8462000005)
kunstoverweg_wegvak.1436,Brug,0,FIETS VIAD.'SLACHTETILLE',600137578,2021-10-01T00:00:00,2210,060013757820211001,PKK0000085042,I,,POINT (163229.92229999974 578896.5289000012)
kunstoverweg_wegvak.1437,Brug,0,FIETS VIAD.'SLACHTETILLE',323556006,2021-10-01T00:00:00,1647,032355600620211001,PKK0000085042,I,,POINT (163233.86980000138 578883.7509999983)
kunstoverweg_wegvak.1438,Viaduct,0,VIAD.'POPTFIADUKT'I/D SYLSTERDYK,600143399,2021-10-01T00:00:00,312,060014339920211001,PKK0000085043,I,,POINT (178696.46909999847 579877.3619000018)
kunstoverweg_wegvak.1439,Viaduct,0,VIAD.'POPTFIADUKT'I/D SYLSTERDYK,356560014,2021-10-01T00:00:00,440,035656001420211001,PKK0000085043,I,,POINT (178688.78810000047 579868.3993999995)
kunstoverweg_wegvak.1440,Aquaduct,0,AQUADUCT'RICHARD HAGEMAN AKWADUKT' I/H VAN HARINXMAKANAAL,600279181,2021-08-01T00:00:00,22,060027918120210801,PKK0000085044,I,,POINT (178954.7950000018 578926.8779000007)
kunstoverweg_wegvak.1441,Aquaduct,0,AQUADUCT'RICHARD HAGEMAN AKWADUKT' I/H VAN HARINXMAKANAAL,600279186,2021-10-01T00:00:00,28,060027918620211001,PKK0000085044,I,,POINT (178966.0604000017 578916.3123999983)
kunstoverweg_wegvak.1442,Viaduct,0,VIAD. I/D SKIMERWEI,600143413,2021-10-01T00:00:00,484,060014341320211001,PKK0000085045,I,,POINT (179019.30319999903 578264.6050000004)
kunstoverweg_wegvak.1443,Viaduct,0,VIAD. I/D SKIMERWEI,358556012,2021-10-01T00:00:00,77,035855601220211001,PKK0000085045,I,,POINT (179008.61840000004 578264.9906000011)
kunstoverweg_wegvak.1444,Viaduct,0,VIAD. I/D SPOORWEG 'LEEUWAREN HARLINGEN',600143413,2021-10-01T00:00:00,475,060014341320211001,PKK0000085046,I,,POINT (179020.03339999914 578255.6347000003)
kunstoverweg_wegvak.1445,Viaduct,0,VIAD. I/D SPOORWEG 'LEEUWAREN HARLINGEN',358556012,2021-10-01T00:00:00,86,035855601220211001,PKK0000085046,I,,POINT (179009.3498999998 578256.0203999989)
kunstoverweg_wegvak.1446,Viaduct,0,VIAD. I/D HENDRUK ALGERAWEI,600143413,2021-10-01T00:00:00,98,060014341320211001,PKK0000085047,I,,POINT (179050.6202000007 577879.8775000013)
kunstoverweg_wegvak.1447,Viaduct,0,VIAD. I/D HENDRUK ALGERAWEI,358555011,2021-10-01T00:00:00,18,035855501120211001,PKK0000085047,I,,POINT (179040.05319999903 577879.4789000005)
kunstoverweg_wegvak.1448,Viaduct,0,VIAD.I/D VBW.f ='KP.KETHELPLEIN',169275061,2021-10-01T00:00:00,95,016927506120211001,PKK0000083859,I,,POINT (84960.13450000063 437818.5181999989)
kunstoverweg_wegvak.1449,Viaduct,0,VIAD.I/D HARGALAAN,600106711,2021-10-01T00:00:00,64,060010671120211001,PKK0000083860,I,,POINT (84901.3115000017 436707.0989000015)
kunstoverweg_wegvak.1450,Viaduct,0,VIAD.I/D SPOORWEG ROTTERDAM-HOEK VAN HOLLAND,600106711,2021-10-01T00:00:00,54,060010671120211001,PKK0000083861,I,,POINT (84904.0738000013 436697.4880999997)
kunstoverweg_wegvak.1451,Viaduct,0,VIAD.I/D METROLIJN,600414182,2021-10-01T00:00:00,162,060041418220211001,PKK0000083865,I,,POINT (85160.66649999842 436220.18769999966)
kunstoverweg_wegvak.1452,Viaduct,0,VIAD.I/D METROLIJN,600414183,2021-10-01T00:00:00,120,060041418320211001,PKK0000083866,I,,POINT (85171.7228000015 436246.4765999988)
kunstoverweg_wegvak.1453,Viaduct,0,VIAD.I/D RW.15 VBW.C HOOGVLIET ='KP.BENELUX',171264022,2021-10-01T00:00:00,38,017126402220211001,PKK0000083869,I,,POINT (85642.42060000077 432278.7727999985)
kunstoverweg_wegvak.1454,Viaduct,0,VIAD.I/D GADERINGVIADUCT,171264021,2021-10-01T00:00:00,282,017126402120211001,PKK0000083870,I,,POINT (85303.99549999833 432374.9604000002)
kunstoverweg_wegvak.1455,Viaduct,0,VIAD.'PRINSENLAND'I/D NOORDLANGEWEG,170208028,2021-10-01T00:00:00,123,017020802820211001,PKK0000083875,I,,POINT (85382.2862999998 404403.88650000095)
kunstoverweg_wegvak.1456,Viaduct,0,VIAD. I/D VBW. c RW 15,600107543,2021-10-01T00:00:00,22,060010754320211001,PKK0000083868,I,,POINT (85658.5364000015 432275.6270000003)
kunstoverweg_wegvak.1457,Viaduct,0,VIAD.IN RW.005,219356052,2021-10-01T00:00:00,536,021935605220211001,PKK0000083893,I,,POINT (110313.16840000078 478408.52270000055)
kunstoverweg_wegvak.1458,Viaduct,0,VIAD.IN RW.005,600120235,2022-06-01T00:00:00,418,060012023520220601,PKK0000083893,I,,POINT (110297.05600000173 478423.9582999982)
kunstoverweg_wegvak.1459,Viaduct,0,VIAD. I/D BUSBAAN,216351003,2021-10-01T00:00:00,2183,021635100320211001,PKK0000083894,I,,POINT (109457.73039999977 477452.94469999894)
kunstoverweg_wegvak.1460,Viaduct,0,VIAD. I/D BUSBAAN,600120700,2021-08-01T00:00:00,769,060012070020210801,PKK0000083894,I,,POINT (109440.26249999925 477471.89460000023)
kunstoverweg_wegvak.1461,Viaduct,0,VIAD. I/D HOOFDORPDREEF,216351003,2021-10-01T00:00:00,2152,021635100320211001,PKK0000083895,I,,POINT (109437.0390000008 477429.8607000001)
kunstoverweg_wegvak.1462,Viaduct,0,VIAD. I/D HOOFDORPDREEF,600120700,2021-08-01T00:00:00,800,060012070020210801,PKK0000083895,I,,POINT (109419.59459999949 477448.7897000015)
kunstoverweg_wegvak.1463,Viaduct,0,VIAD.,216351003,2021-10-01T00:00:00,528,021635100320211001,PKK0000083897,I,,POINT (108353.1361999996 476220.5100999996)
kunstoverweg_wegvak.1464,Viaduct,0,VIAD.,600120700,2021-08-01T00:00:00,2421,060012070020210801,PKK0000083897,I,,POINT (108337.90230000019 476241.4926000014)
kunstoverweg_wegvak.1465,Viaduct,0,VIAD. I/D HSL,600114491,2021-10-01T00:00:00,3467,060011449120211001,PKK0000083904,I,,POINT (99446.20279999822 465480.9085999988)
kunstoverweg_wegvak.1466,Viaduct,0,VIAD. I/D PERSAN SNOEPWEG,600114463,2021-10-01T00:00:00,383,060011446320211001,PKK0000083905,I,,POINT (98266.99240000173 464277.86190000176)
kunstoverweg_wegvak.1467,Viaduct,0,VIAD. I/D PERSAN SNOEPWEG,195327039,2021-10-01T00:00:00,1194,019532703920211001,PKK0000083905,I,,POINT (98295.66490000114 464258.1433000006)
kunstoverweg_wegvak.1468,Viaduct,0,VIAD.,600114459,2021-10-01T00:00:00,363,060011445920211001,PKK0000083906,I,,POINT (96952.6398999989 463162.53180000186)
kunstoverweg_wegvak.1469,Viaduct,0,VIAD.I/D MAURITSSINGEL,600114459,2021-10-01T00:00:00,1141,060011445920211001,PKK0000083907,I,,POINT (96309.28610000014 462726.2058000006)
kunstoverweg_wegvak.1470,Viaduct,0,VIAD.I/D HOOFDSTRAAT,600114459,2021-10-01T00:00:00,1548,060011445920211001,PKK0000083908,I,,POINT (95944.84409999847 462545.42330000177)
kunstoverweg_wegvak.1471,Viaduct,0,VIAD.I/D HOGE RIJNDIJK,189323035,2021-10-01T00:00:00,408,018932303520211001,PKK0000083909,I,,POINT (95834.70930000022 462463.5896999985)
kunstoverweg_wegvak.1472,Viaduct,0,VIAD.'HOLSLOOT'IN RW. 34,499455036,2021-10-01T00:00:00,169,049945503620211001,PKK0000085180,I,,POINT (249694.0647 527643.9406000003)
kunstoverweg_wegvak.1473,Viaduct,0,VIAD'ELDIJK'I/D ELDIJK,600151256,2021-10-01T00:00:00,290,060015125620211001,PKK0000085181,I,,POINT (250122.1864 527500.5683000013)
kunstoverweg_wegvak.1474,Viaduct,0,VIAD'ELDIJK'I/D ELDIJK,499455037,2021-10-01T00:00:00,405,049945503720211001,PKK0000085181,I,,POINT (250118.79069999978 527486.6680000015)
kunstoverweg_wegvak.1475,Viaduct,0,VIAD.'GLASWIJK'I/D OUDE ZWARTEWEG,529457004,2021-10-01T00:00:00,273,052945700420211001,PKK0000085183,I,,POINT (264619.3420000002 528592.2872000001)
kunstoverweg_wegvak.1476,Viaduct,0,VIAD.'GLASWIJK'I/D OUDE ZWARTEWEG,600153453,2021-10-01T00:00:00,1545,060015345320211001,PKK0000085183,I,,POINT (264622.0833999999 528611.7839000002)
kunstoverweg_wegvak.1477,Viaduct,0,VIAD.'HOLSLOOT'IN RW. 34,600151253,2021-10-01T00:00:00,151,060015125320211001,PKK0000085180,I,,POINT (249704.36580000073 527655.4215999991)
kunstoverweg_wegvak.1478,Viaduct,0,VIAD.I/D RW.038 VBW.p,600114219,2021-10-01T00:00:00,54,060011421920211001,PKK0000085184,I,,POINT (98612.58980000019 432555.3623000011)
kunstoverweg_wegvak.1479,Viaduct,0,VIAD.I/D RW.015 VBW.g,600114216,2021-10-01T00:00:00,516,060011421620211001,PKK0000085185,I,,POINT (98781.7023999989 432176.3748999983)
kunstoverweg_wegvak.1480,Viaduct,0,VIAD.'RIDDERSTER'I/D RW.038 (R.RIJB.),600114216,2021-10-01T00:00:00,456,060011421620211001,PKK0000085186,I,,POINT (98814.54509999976 432126.1634999998)
kunstoverweg_wegvak.1481,Viaduct,0,VIAD.'RIDDERSTER'I/D RW.038 (L.RIJB.),600114216,2021-10-01T00:00:00,438,060011421620211001,PKK0000085187,I,,POINT (98824.50560000166 432111.17060000077)
kunstoverweg_wegvak.1482,Viaduct,0,VIAD.I/D RW.015(R.BAAN)(FLY-OVER),600114216,2021-10-01T00:00:00,408,060011421620211001,PKK0000085188,I,,POINT (98841.1064000018 432086.1823000014)
kunstoverweg_wegvak.1483,Viaduct,0,VIAD.I/D RW.015 (R.BAAN)(FLY-OVER),600114216,2021-10-01T00:00:00,207,060011421620211001,PKK0000085189,I,,POINT (98997.33639999852 431997.1528999992)
kunstoverweg_wegvak.1484,Viaduct,0,VIAD.I/D RW.015 VBW. g,600114691,2021-10-01T00:00:00,347,060011469120211001,PKK0000085190,I,,POINT (98773.69949999824 432270.7941999994)
kunstoverweg_wegvak.1485,Viaduct,0,FLY-OVER RW. 15 (L.RIJB.) ='KP.RIDDERKERK',600114109,2021-10-01T00:00:00,193,060011410920211001,PKK0000085191,I,,POINT (98800.32730000094 432119.6636000015)
kunstoverweg_wegvak.1486,Viaduct,0,FLY-OVER RW. 15 (L.RIJB.) ='KP.RIDDERKERK',197264033,2021-10-01T00:00:00,2,019726403320211001,PKK0000085191,I,,POINT (98796.89820000157 432100.1728999987)
kunstoverweg_wegvak.1487,Viaduct,0,VIAD.I/D HSL,205343015,2021-10-01T00:00:00,604,020534301520211001,PKK0000085201,I,,POINT (103313.06529999897 471777.95859999955)
kunstoverweg_wegvak.1488,Viaduct,0,VIAD.I/D HSL,600112474,2021-10-01T00:00:00,143,060011247420211001,PKK0000085201,I,,POINT (103309.77120000124 471786.3746000007)
kunstoverweg_wegvak.1489,Viaduct,0,VIAD. FIETSERS,600106323,2021-10-01T00:00:00,231,060010632320211001,PKK0000085205,I,,POINT (84551.06599999964 458009.3220999986)
kunstoverweg_wegvak.1490,Viaduct,0,VIAD. FIETSERS,169315048,2021-10-01T00:00:00,25,016931504820211001,PKK0000085205,I,,POINT (84554.88679999858 458002.92909999937)
kunstoverweg_wegvak.1491,Viaduct,0,VIAD.'BOMMELSKOUSSEDIJK'I/D BOMMELSKOUSSEDIJK,600108043,2021-10-01T00:00:00,1436,060010804320211001,PKK0000083945,I,,POINT (88219.17190000042 419864.05260000005)
kunstoverweg_wegvak.1492,Viaduct,0,VIAD.'GROENE KRUISWEG'I/D GROENE KRUISWEG =N487,175236010,2021-10-01T00:00:00,251,017523601020211001,PKK0000083946,I,,POINT (87937.2890000008 418606.29580000043)
kunstoverweg_wegvak.1493,Viaduct,0,VIAD.'GROENE KRUISWEG'I/D GROENE KRUISWEG =N487,600105312,2021-10-01T00:00:00,392,060010531220211001,PKK0000083946,I,,POINT (87923.48640000075 418602.9433999993)
kunstoverweg_wegvak.1494,Viaduct,0,VIAD.'MIDDELSLUISSEDIJK'I/D MIDDELSLUISSEDIJK WEST,175233011,2021-10-01T00:00:00,912,017523301120211001,PKK0000083947,I,,POINT (87704.60819999874 417613.46020000055)
kunstoverweg_wegvak.1495,Viaduct,0,VIAD.'MIDDELSLUISSEDIJK'I/D MIDDELSLUISSEDIJK WEST,600105310,2022-02-01T00:00:00,325,060010531020220201,PKK0000083947,I,,POINT (87692.41550000012 417616.7307999991)
kunstoverweg_wegvak.1496,Viaduct,0,VIAD.'MOLENDIJK'I/D MOLENDIJK,174232004,2021-10-01T00:00:00,244,017423200420211001,PKK0000083948,I,,POINT (87545.49700000137 416502.9257999994)
kunstoverweg_wegvak.1497,Viaduct,0,VIAD.'MOLENDIJK'I/D MOLENDIJK,600105306,2022-02-01T00:00:00,603,060010530620220201,PKK0000083948,I,,POINT (87534.29580000043 416505.4765000008)
kunstoverweg_wegvak.1498,Viaduct,0,VIAD.'BLAUWE HOEF'I/D NOORDZEEDIJK,171209008,2021-10-01T00:00:00,424,017120900820211001,PKK0000083953,I,,POINT (85734.53400000185 405267.98110000044)
kunstoverweg_wegvak.1499,Viaduct,0,VIAD.'BLAUWE HOEF'I/D NOORDZEEDIJK,600106047,2021-10-01T00:00:00,1449,060010604720211001,PKK0000083953,I,,POINT (85720.46860000119 405274.5069999993)
kunstoverweg_wegvak.1500,Viaduct,0,VIAD.'TRIANGEL'I/D DINTELOORDSEWEG,600107524,2021-10-01T00:00:00,3575,060010752420211001,PKK0000083955,I,,POINT (82423.38129999861 401527.3018999994)
kunstoverweg_wegvak.1501,Viaduct,0,VIAD.'TRIANGEL'I/D DINTELOORDSEWEG,170208026,2021-10-01T00:00:00,4591,017020802620211001,PKK0000083955,I,,POINT (82427.06529999897 401541.45479999855)
kunstoverweg_wegvak.1502,Aquaduct,0,AQUADUCT 'STEENBERGEN AAN ZEE',600107524,2021-10-01T00:00:00,1319,060010752420211001,PKK0000083956,I,,POINT (80221.558699999 401510.48380000144)
kunstoverweg_wegvak.1503,Aquaduct,0,AQUADUCT 'STEENBERGEN AAN ZEE',170208026,2021-10-01T00:00:00,6856,017020802620211001,PKK0000083956,I,,POINT (80217.01669999957 401521.2875000015)
kunstoverweg_wegvak.1504,Viaduct,0,VIAD.'FORT HENRICUS'I/D WEST-HAVENDIJK,600107524,2021-10-01T00:00:00,1256,060010752420211001,PKK0000083957,I,,POINT (80165.05739999935 401482.62319999933)
kunstoverweg_wegvak.1505,Viaduct,0,VIAD.'FORT HENRICUS'I/D WEST-HAVENDIJK,170208026,2021-10-01T00:00:00,6920,017020802620211001,PKK0000083957,I,,POINT (80159.63919999823 401492.93890000135)
kunstoverweg_wegvak.1506,Viaduct,0,VIAD.'ONTCOMMER'I/D ZEELANDWEG-OOST,600107524,2021-10-01T00:00:00,39,060010752420211001,PKK0000083958,I,,POINT (79273.37260000035 400674.4250999987)
kunstoverweg_wegvak.1507,Viaduct,0,VIAD.'ONTCOMMER'I/D ZEELANDWEG-OOST,159202001,2021-10-01T00:00:00,431,015920200120211001,PKK0000083958,I,,POINT (79261.69009999931 400683.8354000002)
kunstoverweg_wegvak.1508,Viaduct,0,VIAD.'KLUTSDORP',600107516,2021-10-01T00:00:00,798,060010751620211001,PKK0000083960,I,,POINT (79340.70219999924 396393.6468000002)
kunstoverweg_wegvak.1509,Viaduct,0,VIAD.'KLUTSDORP',158193019,2021-10-01T00:00:00,263,015819301920211001,PKK0000083960,I,,POINT (79322.06839999929 396397.14290000126)
kunstoverweg_wegvak.1510,Viaduct,0,VIAD.'HEIMOLEN'I/D FIANESTRAAT,600106146,2022-05-01T00:00:00,1262,060010614620220501,PKK0000083967,I,,POINT (80251.60220000148 387122.0593000017)
kunstoverweg_wegvak.1511,Viaduct,0,VIAD.'HEIMOLEN'I/D FIANESTRAAT,160172013,2021-10-01T00:00:00,911,016017201320211001,PKK0000083967,I,,POINT (80265.74460000172 387128.79989999905)
kunstoverweg_wegvak.1512,Viaduct,0,VIAD. I/D HSL,197329007,2021-10-01T00:00:00,1309,019732900720211001,PKK0000083904,I,,POINT (99467.65540000051 465456.1897)
kunstoverweg_wegvak.1513,Viaduct,0,VIAD.,191324077,2021-10-01T00:00:00,1237,019132407720211001,PKK0000083906,I,,POINT (96973.06230000034 463135.83260000125)
kunstoverweg_wegvak.1514,Viaduct,0,VIAD.I/D MAURITSSINGEL,191324077,2021-10-01T00:00:00,455,019132407720211001,PKK0000083907,I,,POINT (96324.08089999855 462700.5320999995)
kunstoverweg_wegvak.1515,Viaduct,0,VIAD.I/D HOOFDSTRAAT,191324077,2021-10-01T00:00:00,43,019132407720211001,PKK0000083908,I,,POINT (95955.26419999823 462517.29399999976)
kunstoverweg_wegvak.1516,Viaduct,0,VIAD.I/D HOGE RIJNDIJK,600113659,2021-10-01T00:00:00,94,060011365920211001,PKK0000083909,I,,POINT (95824.09279999882 462492.72509999946)
kunstoverweg_wegvak.1517,Viaduct,0,VIAD.'IMMENBERG' I/D BEEKBERGERWEG,392322016,2021-10-01T00:00:00,82,039232201620211001,PKK0000085268,I,,POINT (196361.65469999984 461558.87029999867)
kunstoverweg_wegvak.1518,Viaduct,0,VIAD.'IMMENBERG' I/D BEEKBERGERWEG,600145990,2021-10-01T00:00:00,364,060014599020211001,PKK0000085268,I,,POINT (196351.20919999853 461574.38639999926)
kunstoverweg_wegvak.1519,Viaduct,0,VIAD.'HET WOUD'I/D WOUDWEG,600146553,2021-10-01T00:00:00,49,060014655320211001,PKK0000085269,I,,POINT (198506.60460000113 464180.03119999915)
kunstoverweg_wegvak.1520,Viaduct,0,VIAD.'HET WOUD'I/D WOUDWEG,392322016,2021-10-01T00:00:00,3503,039232201620211001,PKK0000085269,I,,POINT (198522.93169999868 464170.8605999984)
kunstoverweg_wegvak.1521,Viaduct,0,VIAD.'ELSBOS'I/D ELSBOSWEG,397329009,2021-10-01T00:00:00,33,039732900920211001,PKK0000085270,I,,POINT (198842.2265000008 465273.6682999991)
kunstoverweg_wegvak.1522,Viaduct,0,VIAD.'ELSBOS'I/D ELSBOSWEG,397332015,2021-10-01T00:00:00,625,039733201520211001,PKK0000085270,I,,POINT (198818.5036999993 465279.3418999985)
kunstoverweg_wegvak.1523,Viaduct,0,VIAD.'DE MATEN' I/D RANG.BAAN m ='KP.BEEKBERGEN',600147835,2021-10-01T00:00:00,740,060014783520211001,PKK0000085271,I,,POINT (198471.40399999917 466803.35649999976)
kunstoverweg_wegvak.1524,Viaduct,0,VIAD.'DE MATEN' I/D RANG.BAAN m ='KP.BEEKBERGEN',396335027,2021-10-01T00:00:00,998,039633502720211001,PKK0000085271,I,,POINT (198454.6457999982 466795.0978000015)
kunstoverweg_wegvak.1525,Viaduct,0,VIAD.'DE MATEN' I/D RW.  1 ='KP.BEEKBERGEN',600147835,2021-10-01T00:00:00,765,060014783520211001,PKK0000085272,I,,POINT (198462.5949999988 466826.7531000003)
kunstoverweg_wegvak.1526,Viaduct,0,VIAD.'DE MATEN' I/D RW.  1 ='KP.BEEKBERGEN',396335027,2021-10-01T00:00:00,973,039633502720211001,PKK0000085272,I,,POINT (198445.83889999986 466818.4952000007)
kunstoverweg_wegvak.1527,Viaduct,0,VIAD.'DE MATEN' I/D VBW.v ='KP.BEEKBERGEN',600147835,2021-10-01T00:00:00,796,060014783520211001,PKK0000085273,I,,POINT (198451.67190000042 466855.7648999989)
kunstoverweg_wegvak.1528,Viaduct,0,VIAD.'DE MATEN' I/D VBW.v ='KP.BEEKBERGEN',396335027,2021-10-01T00:00:00,941,039633502720211001,PKK0000085273,I,,POINT (198434.56599999964 466848.4439000003)
kunstoverweg_wegvak.1529,Viaduct,0,VIAD.I/D RW1 VBW.h ='KP.BEEKBERGEN',600147835,2021-10-01T00:00:00,1094,060014783520211001,PKK0000085274,I,,POINT (198346.76460000128 467134.68829999864)
kunstoverweg_wegvak.1530,Viaduct,0,VIAD.I/D RW1 VBW.h ='KP.BEEKBERGEN',396335027,2021-10-01T00:00:00,642,039633502720211001,PKK0000085274,I,,POINT (198329.25070000067 467128.2824999988)
kunstoverweg_wegvak.1531,Viaduct,0,VIAD.'PETREA' I/D WAPENVELDSCHEWEG,600146690,2021-10-01T00:00:00,2118,060014669020211001,PKK0000085291,I,,POINT (197857.7173999995 493263.9853999987)
kunstoverweg_wegvak.1532,Viaduct,0,VIAD. I/D WEG,600107922,2021-10-01T00:00:00,5,060010792220211001,PKK0000085206,I,,POINT (84530.06320000067 457988.9070000015)
kunstoverweg_wegvak.1533,Viaduct,0,VIAD. I/D WEG,168315057,2021-10-01T00:00:00,183,016831505720211001,PKK0000085206,I,,POINT (84532.83309999853 457983.5218000002)
kunstoverweg_wegvak.1534,Viaduct,0,VIAD. I/D N14,600107922,2021-10-01T00:00:00,30,060010792220211001,PKK0000085207,I,,POINT (84512.22940000147 457971.3867999986)
kunstoverweg_wegvak.1535,Viaduct,0,VIAD. I/D N14,168315057,2021-10-01T00:00:00,158,016831505720211001,PKK0000085207,I,,POINT (84514.9748999998 457966.02650000155)
kunstoverweg_wegvak.1536,Ecoduct,0,ECODUCT 'STIGGELTIE',451434009,2021-10-01T00:00:00,434,045143400920211001,PKK0000085210,I,,POINT (225968.0236000009 517894.41039999947)
kunstoverweg_wegvak.1537,Viaduct,0,VIAD.I/D LINDERWEG,451434009,2021-10-01T00:00:00,502,045143400920211001,PKK0000085211,I,,POINT (225979.9261999987 517961.3605999984)
kunstoverweg_wegvak.1538,Viaduct,0,VIAD.I/D OOSTERWEG,453442032,2021-10-01T00:00:00,33,045344203220211001,PKK0000085212,I,,POINT (226539.58080000058 521044.4908999987)
kunstoverweg_wegvak.1539,Ecoduct,0,ECODUCT 'SUTHWALDA',453442032,2021-10-01T00:00:00,668,045344203220211001,PKK0000085213,I,,POINT (226627.24170000106 521672.22190000117)
kunstoverweg_wegvak.1540,Viaduct,0,VIAD. (L.RIJB.) I/D RW. 2 VBW. m,600138404,2021-10-01T00:00:00,57,060013840420211001,PKK0000085214,I,,POINT (157203.57440000027 388592.59050000086)
kunstoverweg_wegvak.1541,Viaduct,0,VIAD.'KOEKOEKSBOS' (L.RIJB.) I/D RW. 2,314177048,2021-10-01T00:00:00,263,031417704820211001,PKK0000085215,I,,POINT (157501.94519999996 388712.19790000096)
kunstoverweg_wegvak.1542,Viaduct,0,VIAD. I/D VBW.t  = 'KP.EKKERSRIJT',321179020,2021-10-01T00:00:00,348,032117902020211001,PKK0000085221,I,,POINT (161143.4459999986 389997.32990000024)
kunstoverweg_wegvak.1543,Viaduct,0,VIAD. I/D VBW.t  = 'KP.EKKERSRIJT',600138426,2021-10-01T00:00:00,439,060013842620211001,PKK0000085221,I,,POINT (161125.21269999817 390002.9576999992)
kunstoverweg_wegvak.1544,Viaduct,0,VIAD. I/D ZANDBERGSE-  & HERNENSEWEG,600283417,2021-10-01T00:00:00,921,060028341720211001,PKK0000085242,I,,POINT (175382.62330000103 426497.79670000076)
kunstoverweg_wegvak.1545,Viaduct,0,VIAD. I/D ZANDBERGSE-  & HERNENSEWEG,600283421,2021-10-01T00:00:00,27,060028342120211001,PKK0000085242,I,,POINT (175370.7413999997 426499.5034000017)
kunstoverweg_wegvak.1546,Viaduct,0,VIAD. IN RW. 73 (L.RIJB.) ='KP.EWIJK',353258007,2021-10-01T00:00:00,798,035325800720211001,PKK0000085245,I,,POINT (177327.82279999927 429994.19959999993)
kunstoverweg_wegvak.1547,Viaduct,0,VIAD. IN RW. 73 (L.RIJB.) ='KP.EWIJK',600395325,2021-10-01T00:00:00,355,060039532520211001,PKK0000085245,I,,POINT (177313.2553000003 429996.71869999915)
kunstoverweg_wegvak.1548,Viaduct,0,VIAD. IN RW. 73 (R.RIJB.) ='KP.EWIJK',600395325,2021-10-01T00:00:00,334,060039532520211001,PKK0000085246,I,,POINT (177325.8332999982 430013.5351999998)
kunstoverweg_wegvak.1549,Viaduct,0,VIAD.'t VELD' I/D POLDERSTRAAT,600142089,2021-10-01T00:00:00,449,060014208920211001,PKK0000085249,I,,POINT (181018.31599999964 439720.28280000016)
kunstoverweg_wegvak.1550,Viaduct,0,VIAD. I/D ARNHEMSE BOVENWEG =N225,600141951,2022-07-01T00:00:00,490,060014195120220701,PKK0000085250,I,,POINT (180852.98530000076 443029.8381999992)
kunstoverweg_wegvak.1551,Viaduct,0,VIAD. I/D ARNHEMSE BOVENWEG =N225,600141951,2022-07-01T00:00:00,507,060014195120220701,PKK0000085251,I,,POINT (180847.34930000082 443045.87680000067)
kunstoverweg_wegvak.1552,Viaduct,0,VIAD. I/D ARNHEMSE BOVENWEG =N225,361286044,2022-07-01T00:00:00,381,036128604420220701,PKK0000085251,I,,POINT (180831.92440000176 443041.68389999866)
kunstoverweg_wegvak.1553,Ecoduct,0,ECODUCT,600141470,2021-10-01T00:00:00,650,060014147020211001,PKK0000085252,I,,POINT (182410.17190000042 445243.9092000015)
kunstoverweg_wegvak.1554,Viaduct,0,VIAD. I/D WOLFHEZERWEG,600141471,2021-10-01T00:00:00,777,060014147120211001,PKK0000085253,I,,POINT (183178.4807999991 445694.86349999905)
kunstoverweg_wegvak.1555,Viaduct,0,VIAD.IN RW. 50 (R.RIJB.) ='KP.GRIJSOORD',600141480,2021-10-01T00:00:00,517,060014148020211001,PKK0000085255,I,,POINT (184668.4572999999 448659.4778999984)
kunstoverweg_wegvak.1556,Ecoduct,0,VIAD.'TERLET'I/D WILDWISSEL,600144504,2021-10-01T00:00:00,1310,060014450420211001,PKK0000085260,I,,POINT (193133.90529999882 453235.2274999991)
kunstoverweg_wegvak.1557,Viaduct,0,VIAD.'VARENNA' I/D ARNHEMSEWEG,387318013,2021-10-01T00:00:00,412,038731801320211001,PKK0000085263,I,,POINT (193950.73039999977 459541.42920000106)
kunstoverweg_wegvak.1558,Viaduct,0,VIAD.'VARENNA' I/D ARNHEMSEWEG,387318013,2021-10-01T00:00:00,471,038731801320211001,PKK0000085264,I,,POINT (193986.25 459588.5329999998)
kunstoverweg_wegvak.1559,Viaduct,0,VIAD.'KAAPBERG' I/D SCHALTERDALWEG,387318013,2021-10-01T00:00:00,886,038731801320211001,PKK0000085265,I,,POINT (194283.79399999976 459876.2421000004)
kunstoverweg_wegvak.1560,Viaduct,0,FIETSVIADUCT,600105963,2022-01-01T00:00:00,239,060010596320220101,PKK0000083925,I,,POINT (84542.75519999862 451729.6735999994)
kunstoverweg_wegvak.1561,Viaduct,0,FIETSVIADUCT,169303023,2022-01-01T00:00:00,15,016930302320220101,PKK0000083925,I,,POINT (84559.06379999965 451715.53440000117)
kunstoverweg_wegvak.1562,Viaduct,0,VIAD.'HARNASCH'I/D N211,600105915,2021-10-01T00:00:00,426,060010591520211001,PKK0000083932,I,,POINT (81226.29580000043 447727.26619999856)
kunstoverweg_wegvak.1563,Viaduct,0,VIAD.'HARNASCH'I/D N211,162293011,2021-10-01T00:00:00,1240,016229301120211001,PKK0000083932,I,,POINT (81245.06650000066 447720.77650000155)
kunstoverweg_wegvak.1564,Viaduct,0,VIAD.'KERKEPAD'I/D WOUDSELAAN,600105915,2021-10-01T00:00:00,1259,060010591520211001,PKK0000083933,I,,POINT (81069.75589999929 446918.91149999946)
kunstoverweg_wegvak.1565,Viaduct,0,VIAD.'KERKEPAD'I/D WOUDSELAAN,162293011,2021-10-01T00:00:00,420,016229301120211001,PKK0000083933,I,,POINT (81090.66690000147 446924.6570000015)
kunstoverweg_wegvak.1566,Viaduct,0,VIAD.I/D RIJKSSTRAATWEG,600106070,2021-10-01T00:00:00,831,060010607020211001,PKK0000083935,I,,POINT (81929.64299999923 445138.81760000065)
kunstoverweg_wegvak.1567,Viaduct,0,VIAD.I/D RIJKSSTRAATWEG,163290033,2021-10-01T00:00:00,366,016329003320211001,PKK0000083935,I,,POINT (81917.74949999899 445130.9611000009)
kunstoverweg_wegvak.1568,Viaduct,0,VIAD.,165287012,2021-10-01T00:00:00,582,016528701220211001,PKK0000083938,I,,POINT (82876.94550000131 443371.04740000144)
kunstoverweg_wegvak.1569,Viaduct,0,VIAD.,600107430,2021-10-01T00:00:00,2671,060010743020211001,PKK0000083938,I,,POINT (82894.90469999984 443377.1823000014)
kunstoverweg_wegvak.1570,Viaduct,0,VIAD.,167281009,2021-10-01T00:00:00,112,016728100920211001,PKK0000083941,I,,POINT (84049.9274000004 440381.0104999989)
kunstoverweg_wegvak.1571,Viaduct,0,VIAD.,600107431,2021-10-01T00:00:00,1697,060010743120211001,PKK0000083941,I,,POINT (84069.72810000181 440386.4904000014)
kunstoverweg_wegvak.1572,Viaduct,0,VIAD.'OUD CROMSTRIJENSEDIJK'I/D OUD CROMSTRIJENSEDIJK,176239004,2021-12-01T00:00:00,969,017623900420211201,PKK0000083944,I,,POINT (88383.75239999965 420771.53929999843)
kunstoverweg_wegvak.1573,Viaduct,0,VIAD.'OUD CROMSTRIJENSEDIJK'I/D OUD CROMSTRIJENSEDIJK,600108043,2021-10-01T00:00:00,510,060010804320211001,PKK0000083944,I,,POINT (88369.81909999996 420774.4937000014)
kunstoverweg_wegvak.1574,Viaduct,0,VIAD.'BOMMELSKOUSSEDIJK'I/D BOMMELSKOUSSEDIJK,176239004,2021-12-01T00:00:00,36,017623900420211201,PKK0000083945,I,,POINT (88229.70560000092 419854.2914999984)
kunstoverweg_wegvak.1575,Viaduct,0,VIAD.IN VBW.h ='KP.OUDENRIJN',266307030,2021-10-01T00:00:00,704,026630703020211001,PKK0000083695,I,,POINT (133280.23490000144 453312.2993000001)
kunstoverweg_wegvak.1576,Viaduct,0,VIAD.IN VBW.g ='KP.OUDENRIJN',600126345,2021-10-01T00:00:00,358,060012634520211001,PKK0000083696,I,,POINT (133148.75299999863 452776.57939999923)
kunstoverweg_wegvak.1577,Viaduct,0,VIAD.I/D STADSBAAN,267309081,2021-10-01T00:00:00,129,026730908120211001,PKK0000083697,I,,POINT (133553.5892000012 454824.7082000002)
kunstoverweg_wegvak.1578,Viaduct,0,VIAD.I/D STADSBAAN,267309080,2021-10-01T00:00:00,250,026730908020211001,PKK0000083698,I,,POINT (133535.97960000113 454770.500500001)
kunstoverweg_wegvak.1579,Viaduct,0,"VIAD.""VERKEERSPLEIN HOOGGELEGEN""I/D DOM.MARTIN LUTH.KINGLAAN",267309080,2021-10-01T00:00:00,427,026730908020211001,PKK0000083699,I,,POINT (133573.70340000093 454611.66310000047)
kunstoverweg_wegvak.1580,Viaduct,0,"VIAD.""VERKEERSPLEIN HOOGGELEGEN""I/D DOM.MARTIN LUTH.KINGLAAN",267309080,2021-10-01T00:00:00,454,026730908020211001,PKK0000083700,I,,POINT (133570.53170000017 454584.8502999991)
kunstoverweg_wegvak.1581,Viaduct,0,VIAD.I/D VBW g='KP.OUDENRIJN,600127310,2021-10-01T00:00:00,1436,060012731020211001,PKK0000083701,I,,POINT (132927.8029000014 453250.63120000064)
kunstoverweg_wegvak.1582,Viaduct,0,VIAD.I/D VBW g='KP.OUDENRIJN',600127310,2021-10-01T00:00:00,294,060012731020211001,PKK0000083702,I,,POINT (133228.0736999996 452761.0245999992)
kunstoverweg_wegvak.1583,Viaduct,0,VIAD.I/D BUSBAAN,600127315,2021-10-01T00:00:00,394,060012731520211001,PKK0000083703,I,,POINT (133540.7707999982 454071.6750999987)
kunstoverweg_wegvak.1584,Viaduct,0,VIAD.'MARINUS VAN TYRUSVIADUCT'I/D MARINUS VAN TYRUSWEG,600127315,2021-10-01T00:00:00,336,060012731520211001,PKK0000083704,I,,POINT (133526.62739999965 454015.4261999987)
kunstoverweg_wegvak.1585,Viaduct,0,VIAD.I/D BUSLAAN,267308021,2021-10-01T00:00:00,79,026730802120211001,PKK0000083705,I,,POINT (133476.20710000023 454077.7729999982)
kunstoverweg_wegvak.1586,Viaduct,0,VIAD. MARINUS VAN TYRUSLAAN,266308005,2021-10-01T00:00:00,15,026630800520211001,PKK0000083706,I,,POINT (133467.82829999924 454049.3231999986)
kunstoverweg_wegvak.1587,Viaduct,0,VIAD.IN RANG.BAAN m ='KP.OUDENRIJN',600127260,2021-10-01T00:00:00,341,060012726020211001,PKK0000083707,I,,POINT (133248.50890000165 453493.36089999974)
kunstoverweg_wegvak.1588,Viaduct,0,VIAD.IN RANG.BAAN x ='KP.OUDENRIJN',267305051,2021-10-01T00:00:00,323,026730505120211001,PKK0000083708,I,,POINT (133912.56049999967 452726.0722000003)
kunstoverweg_wegvak.1589,Viaduct,0,VIAD.IN VBW. g='KP.OUDENRIJN',266305022,2021-10-01T00:00:00,168,026630502220211001,PKK0000083709,I,,POINT (133274.94299999997 452770.0991999991)
kunstoverweg_wegvak.1590,Viaduct,0,VIAD. I/D BETUWELIJN,600127973,2021-10-01T00:00:00,144,060012797320211001,PKK0000083712,I,,POINT (143977.24859999865 430050.88899999857)
kunstoverweg_wegvak.1591,Viaduct,0,VIAD.IN RANG.BAAN y ='KP.DEIL',600127976,2021-10-01T00:00:00,133,060012797620211001,PKK0000083713,I,,POINT (144068.17480000108 429877.3211000003)
kunstoverweg_wegvak.1592,Viaduct,0,VIAD.IN RW. 15 (L.RIJB.) ='KP.DEIL',600127976,2021-10-01T00:00:00,116,060012797620211001,PKK0000083714,I,,POINT (144076.04289999977 429862.2514999993)
kunstoverweg_wegvak.1593,Viaduct,0,VIAD.IN RW. 15 (R.RIJB.) ='KP.DEIL',600127976,2021-10-01T00:00:00,99,060012797620211001,PKK0000083715,I,,POINT (144083.91090000048 429847.18189999834)
kunstoverweg_wegvak.1594,Viaduct,0,VIAD.IN RW. 2 VBW. g ='KP.DEIL',600128861,2021-10-01T00:00:00,378,060012886120211001,PKK0000083717,I,,POINT (144193.12680000067 429637.67540000007)
kunstoverweg_wegvak.1595,Viaduct,0,VIAD. I/D BETUWELIJN,600129628,2021-10-01T00:00:00,319,060012962820211001,PKK0000083719,I,,POINT (143797.60720000044 429984.3429000005)
kunstoverweg_wegvak.1596,Viaduct,0,VIAD.I/D SIMWEIWEG,600135633,2021-10-01T00:00:00,29,060013563320211001,PKK0000083720,I,,POINT (145501.16169999912 427403.5304999985)
kunstoverweg_wegvak.1597,Viaduct,0,VIAD.I/D STEENWEG = N322,600135616,2021-10-01T00:00:00,101,060013561620211001,PKK0000083721,I,,POINT (146115.30050000176 422802.2804999985)
kunstoverweg_wegvak.1598,Viaduct,0,VIAD.I/D STEENWEG = N322,600135616,2021-10-01T00:00:00,88,060013561620211001,PKK0000083722,I,,POINT (146115.1336000003 422789.28170000017)
kunstoverweg_wegvak.1599,Brug,0,VIAD. I/D RW59 VBW. t,600135841,2021-10-01T00:00:00,208,060013584120211001,PKK0000083724,I,,POINT (150861.44570000097 414897.5113000013)
kunstoverweg_wegvak.1600,Brug,0,VIAD. I/D RW2 VBW. #,600135862,2021-10-01T00:00:00,364,060013586220211001,PKK0000083727,I,,POINT (152584.58080000058 412211.01150000095)
kunstoverweg_wegvak.1601,Brug,0,VIAD. I/D 'KP.EMPEL'RING-NOORD VBW. h,300230048,2021-10-01T00:00:00,273,030023004820211001,PKK0000083729,I,,POINT (150561.189100001 415087.8713000007)
kunstoverweg_wegvak.1602,Brug,0,VIAD. I/D RW59 VBW. t,300230048,2021-10-01T00:00:00,614,030023004820211001,PKK0000083730,I,,POINT (150815.39059999958 414860.6182000004)
kunstoverweg_wegvak.1603,Aquaduct,0,VIAD. I/D BRUISTENSINGEL,301229013,2021-10-01T00:00:00,853,030122901320211001,PKK0000083731,I,,POINT (151543.31529999897 414183.26779999956)
kunstoverweg_wegvak.1604,Viaduct,0,VIAD. I/D RW.002,600135689,2022-05-01T00:00:00,336,060013568920220501,PKK0000083738,I,,POINT (149163.3456000015 408294.68780000135)
kunstoverweg_wegvak.1605,Viaduct,0,'VIAD. I/D BOSPAD',600137949,2021-10-01T00:00:00,184,060013794920211001,PKK0000083741,I,,POINT (156456.9188000001 391209.0009999983)
kunstoverweg_wegvak.1606,Viaduct,0,VIAD.'BATADORP III' I/D RW58 LINKS,312176026,2021-10-01T00:00:00,402,031217602620211001,PKK0000083742,I,,POINT (156184.7210999988 388133.25560000166)
kunstoverweg_wegvak.1607,Viaduct,0,VIAD.'BATADORP IV',312176026,2021-10-01T00:00:00,547,031217602620211001,PKK0000083743,I,,POINT (156108.52589999884 388010.47199999914)
kunstoverweg_wegvak.1608,Viaduct,0,VIAD.'SIERMAN' I/D TILBURGSEWEG,314169014,2021-10-01T00:00:00,450,031416901420211001,PKK0000083745,I,,POINT (157696.04129999876 384443.7142999992)
kunstoverweg_wegvak.1609,Viaduct,0,VIAD.'HIGH TECH CAMPUS EINDHOVEN VIADUCT'I/D HIGH TECH CAMPU,317159017,2021-10-01T00:00:00,291,031715901720211001,PKK0000083746,I,,POINT (159277.56049999967 379553.1710000001)
kunstoverweg_wegvak.1610,Viaduct,0,VIAD.'MOERPUTTEN II' I/D RW2 RECHTS,324159026,2021-10-01T00:00:00,377,032415902620211001,PKK0000083747,I,,POINT (162648.01249999925 379469.6746000014)
kunstoverweg_wegvak.1611,Brug,0,VIAD.'ANTHONY FOKKERWEG' I/D ANTHONY FOKKERWEG,600138317,2022-01-01T00:00:00,375,060013831720220101,PKK0000083749,I,,POINT (156542.24170000106 385658.0401000008)
kunstoverweg_wegvak.1612,Brug,0,VIAD.'SIERMAN' I/D TILBURGESWEG,600138337,2021-10-01T00:00:00,1042,060013833720211001,PKK0000083750,I,,POINT (157750.5634999983 384482.1735999994)
kunstoverweg_wegvak.1613,Viaduct,0,VIAD.'HIGH TECH CAMPUS EINDHOVEN VIADUCT'I/D HIGH TECH CAMPU,600138197,2021-10-01T00:00:00,226,060013819720211001,PKK0000083751,I,,POINT (159278.44469999894 379616.4792999998)
kunstoverweg_wegvak.1614,Viaduct,0,VIAD.'NIEUWE ACHTSE HEIDE II' I/D RW2,600138322,2021-10-01T00:00:00,126,060013832220211001,PKK0000083752,I,,POINT (156214.37669999897 387227.5925000012)
kunstoverweg_wegvak.1615,Viaduct,0,VIAD. HIGH TECH CAMPUS EINDHOVEN VIADUCT,600138199,2021-10-01T00:00:00,14,060013819920211001,PKK0000083754,I,,POINT (159280.2162999995 379622.9376000017)
kunstoverweg_wegvak.1616,Viaduct,0,'VIAD. I/D HOLTUM-NOORDWEG',600145075,2021-10-01T00:00:00,48,060014507520211001,PKK0000083760,I,,POINT (185659.22430000082 342709.8533000015)
kunstoverweg_wegvak.1617,Brug,0,BRUG I/D BUIZEN DSM,367061015,2021-10-01T00:00:00,10,036706101520211001,PKK0000083761,I,,POINT (183574.4985000007 330739.8720000014)
kunstoverweg_wegvak.1618,Viaduct,0,VIAD.,366060011,2021-10-01T00:00:00,625,036606001120211001,PKK0000083762,I,,POINT (183558.3440000005 330734.7393000014)
kunstoverweg_wegvak.1619,Viaduct,0,VIAD.I/D SPOORBAAN,600124714,2021-10-01T00:00:00,296,060012471420211001,PKK0000083671,I,,POINT (122754.7479000017 482100.91899999976)
kunstoverweg_wegvak.1620,Brug,0,VIAD. I/D BRUISTENSINGEL,301229013,2021-10-01T00:00:00,871,030122901320211001,PKK0000083732,I,,POINT (151554.28180000186 414168.9941999987)
kunstoverweg_wegvak.1621,Viaduct,0,VIAD.,249356013,2021-10-01T00:00:00,331,024935601320211001,PKK0000083676,I,,POINT (124879.88870000094 477865.7824999988)
kunstoverweg_wegvak.1622,Viaduct,0,VIAD.IN VBW.v ='KP.HOLENDRECHT',249355026,2021-10-01T00:00:00,122,024935502620211001,PKK0000083677,I,,POINT (124975.06760000065 477732.6647000015)
kunstoverweg_wegvak.1623,Viaduct,0,VIAD.'HAAGSEWEG'I/D RW.004 (R.RIJB.),234367006,2021-10-01T00:00:00,678,023436700620211001,PKK0000083770,I,,POINT (117816.26940000057 483554.1950000003)
kunstoverweg_wegvak.1624,Viaduct,0,VIAD.I/D TRAMBAAN,234367006,2021-10-01T00:00:00,628,023436700620211001,PKK0000083771,I,,POINT (117795.01260000095 483509.0373999998)
kunstoverweg_wegvak.1625,Viaduct,0,VIAD.I/D TRAMBAAN,234367006,2021-10-01T00:00:00,612,023436700620211001,PKK0000083772,I,,POINT (117786.30900000036 483495.61829999834)
kunstoverweg_wegvak.1626,Viaduct,0,VIAD.I/D TRAMBAAN,234367006,2021-10-01T00:00:00,584,023436700620211001,PKK0000083773,I,,POINT (117768.92210000008 483473.6983000003)
kunstoverweg_wegvak.1627,Viaduct,0,VIAD.'NIEUWE MEER'I/D RW.004 (L.RIJB.),234367006,2021-10-01T00:00:00,523,023436700620211001,PKK0000083775,I,,POINT (117723.27149999887 483433.49540000036)
kunstoverweg_wegvak.1628,Viaduct,0,VIAD.I/D RW9='KP.BADHOEVEDORP',227364021,2021-10-01T00:00:00,252,022736402120211001,PKK0000083777,I,,POINT (113383.5401000008 482327.50090000033)
kunstoverweg_wegvak.1629,Viaduct,0,VIAD.I/D KOETSIERSTRAAT,225363011,2021-10-01T00:00:00,666,022536301120211001,PKK0000083778,I,,POINT (112075.62240000069 481610.3878000006)
kunstoverweg_wegvak.1630,Viaduct,0,VIAD. I/D SCHIPHOL BOULEVARD,600121976,2021-12-01T00:00:00,175,060012197620211201,PKK0000083791,I,,POINT (111155.5001000017 479679.4483000003)
kunstoverweg_wegvak.1631,Viaduct,0,VIAD.I/D RANGEERBAAN SCHIPHOL,600121976,2021-12-01T00:00:00,254,060012197620211201,PKK0000083792,I,,POINT (111126.27409999818 479606.0533000007)
kunstoverweg_wegvak.1632,Viaduct,0,VIAD.I/D RW.005 (L.RIJB.),600121988,2022-07-01T00:00:00,230,060012198820220701,PKK0000083796,I,,POINT (110300.71950000152 478548.8233000003)
kunstoverweg_wegvak.1633,Viaduct,0,VIAD.I/D RW.005 (R.RIJB.),600121988,2022-07-01T00:00:00,336,060012198820220701,PKK0000083797,I,,POINT (110217.58460000157 478483.55220000073)
kunstoverweg_wegvak.1634,Viaduct,0,VIAD. I/D BUSBAAN,600120720,2021-10-01T00:00:00,128,060012072020211001,PKK0000083798,I,,POINT (109427.46880000085 477494.04619999975)
kunstoverweg_wegvak.1635,Viaduct,0,VIAD. I/D HOOFDORPDREEF,600120720,2021-10-01T00:00:00,156,060012072020211001,PKK0000083799,I,,POINT (109408.80530000106 477473.17339999974)
kunstoverweg_wegvak.1636,Viaduct,0,VIAD.'HAVELTERBERG',415464044,2021-10-01T00:00:00,83,041546404420211001,PKK0000085076,I,,POINT (207979.29740000144 532266.3357000016)
kunstoverweg_wegvak.1637,Viaduct,0,VIAD.I/D RW31 VBW a='KP.WERPSTERHOEK',600143473,2021-10-01T00:00:00,164,060014347320211001,PKK0000085093,I,,POINT (182177.16310000047 574699.554299999)
kunstoverweg_wegvak.1638,Viaduct,0,VIAD.I/D SPOORWEG MEPPEL - ZWOLLE,419443005,2021-10-01T00:00:00,90,041944300520211001,PKK0000085094,I,,POINT (209722.16039999947 521824.1394000016)
kunstoverweg_wegvak.1639,Viaduct,0,VIAD.I/D SPOORWEG MEPPEL - ZWOLLE,600148202,2021-10-01T00:00:00,1600,060014820220211001,PKK0000085094,I,,POINT (209713.43510000035 521830.2067000009)
kunstoverweg_wegvak.1640,Viaduct,0,FIETS-VOETG.VIAD.,420448008,2021-10-01T00:00:00,58,042044800820211001,PKK0000085096,I,,POINT (210500.4488000013 524041.9241999984)
kunstoverweg_wegvak.1641,Viaduct,0,VIAD.I/D SPOORWEG MEPPEL ASSEN,420448008,2021-10-01T00:00:00,35,042044800820211001,PKK0000085097,I,,POINT (210495.36879999936 524064.3557999991)
kunstoverweg_wegvak.1642,Viaduct,0,VIAD.I/D N375 ZWARTSLUIS PESSE,600148552,2021-10-01T00:00:00,50,060014855220211001,PKK0000085098,I,,POINT (210377.42870000005 524577.7831000015)
kunstoverweg_wegvak.1643,Viaduct,0,VIAD.I/D WOLDWEG,600148552,2021-10-01T00:00:00,123,060014855220211001,PKK0000085099,I,,POINT (210360.9481999986 524648.8966999985)
kunstoverweg_wegvak.1644,Viaduct,0,VIAD.I/D WOLDWEG,420453011,2021-10-01T00:00:00,1994,042045301120211001,PKK0000085099,I,,POINT (210348.38599999994 524647.3172000013)
kunstoverweg_wegvak.1645,Viaduct,0,VIAD.'DE WOLDBERG'I/D WOLVEGASEWEG,600146672,2021-10-01T00:00:00,453,060014667220211001,PKK0000085101,I,,POINT (202693.6612999998 535631.9415000007)
kunstoverweg_wegvak.1646,Viaduct,0,VIAD.'DE WOLDBERG'I/D WOLVEGASEWEG,404471010,2021-10-01T00:00:00,465,040447101020211001,PKK0000085101,I,,POINT (202688.06789999828 535620.3955000006)
kunstoverweg_wegvak.1647,Viaduct,0,VIAD.'DE BAARS'I/D WITTE PAARDEN,600396371,2021-10-01T00:00:00,166,060039637120211001,PKK0000085102,I,,POINT (201997.39719999954 536175.2338999994)
kunstoverweg_wegvak.1648,Viaduct,0,VIAD.'DE BAARS'I/D WITTE PAARDEN,600396372,2021-10-01T00:00:00,431,060039637220211001,PKK0000085102,I,,POINT (202006.49210000038 536184.3946000002)
kunstoverweg_wegvak.1649,Viaduct,0,VIAD.I/D HR RW31='KP.WERPSTERHOEK',600143474,2021-10-01T00:00:00,227,060014347420211001,PKK0000085105,I,,POINT (182049.8898999989 574723.7710999995)
kunstoverweg_wegvak.1650,Viaduct,0,VIAD.I/D RW32 VBW h='KP.WERPSTERHOEK',600143474,2021-10-01T00:00:00,309,060014347420211001,PKK0000085106,I,,POINT (181986.77039999887 574774.8266000003)
kunstoverweg_wegvak.1651,Viaduct,0,FIETS-VOETG.VIAD.,420446053,2021-10-01T00:00:00,850,042044605320211001,PKK0000085096,I,,POINT (210513.49190000072 524035.5571999997)
kunstoverweg_wegvak.1652,Viaduct,0,VIAD.I/D SPOORWEG MEPPEL ASSEN,420446053,2021-10-01T00:00:00,870,042044605320211001,PKK0000085097,I,,POINT (210509.0300000012 524055.0529999994)
kunstoverweg_wegvak.1653,Viaduct,0,VIAD.I/D N375 ZWARTSLUIS PESSE,420453011,2021-10-01T00:00:00,2069,042045301120211001,PKK0000085098,I,,POINT (210364.97800000012 524574.1766000018)
kunstoverweg_wegvak.1654,Viaduct,0,VIAD.I/D RW28 VBW.u = KP.ASSEN,600150206,2021-10-01T00:00:00,57,060015020620211001,PKK0000085107,I,,POINT (233229.22370000184 554397.3610000014)
kunstoverweg_wegvak.1655,Viaduct,0,VIAD. 'DALWEG 12' I/D DALWEG,510532013,2021-10-01T00:00:00,339,051053201320211001,PKK0000085113,I,,POINT (255170.87829999998 566632.9182999991)
kunstoverweg_wegvak.1656,Viaduct,0,VIAD. 'DALWEG 12' I/D DALWEG,600153682,2021-10-01T00:00:00,312,060015368220211001,PKK0000085113,I,,POINT (255154.44040000066 566642.1413000003)
kunstoverweg_wegvak.1657,Viaduct,0,VIAD.I/D SPOORWEG GRONINGEN NIEUWESCHANS,511552016,2021-10-01T00:00:00,250,051155201620211001,PKK0000085114,I,,POINT (255863.68299999833 575984.4835000001)
kunstoverweg_wegvak.1658,Viaduct,0,VIAD.I/D SPOORWEG GRONINGEN NIEUWESCHANS,600153676,2021-10-01T00:00:00,2604,060015367620211001,PKK0000085114,I,,POINT (255876.08639999852 575985.8469000012)
kunstoverweg_wegvak.1659,Viaduct,0,VIAD.I/D RW28 VBW.u = KP.ASSEN,465508018,2021-10-01T00:00:00,323,046550801820211001,PKK0000085107,I,,POINT (233223.45589999855 554374.1774000004)
kunstoverweg_wegvak.1660,Viaduct,0,VIAD.'TWIJFELVELD'I/D RW. 33,465509055,2021-10-01T00:00:00,32,046550905520211001,PKK0000085119,I,,POINT (232992.32140000165 554479.5738000013)
kunstoverweg_wegvak.1661,Viaduct,0,VIAD.'TWIJFELVELD'I/D RW. 33,466508038,2021-10-01T00:00:00,49,046650803820211001,PKK0000085120,I,,POINT (233009.63830000162 554460.1308999993)
kunstoverweg_wegvak.1662,Viaduct,0,VIAD.'HET WULLEN'I/D KWINKELERWEG,498345033,2021-10-01T00:00:00,1537,049834503320211001,PKK0000085133,I,,POINT (250644.99599999934 471928.10440000147)
kunstoverweg_wegvak.1663,Viaduct,0,VIAD.'HET WULLEN'I/D KWINKELERWEG,600152411,2021-10-01T00:00:00,2788,060015241120211001,PKK0000085133,I,,POINT (250655.76029999927 471943.89189999923)
kunstoverweg_wegvak.1664,Viaduct,0,VIAD.'DE LOERHAZEN'I/D OUDE BECKUMERWEG,498345033,2021-10-01T00:00:00,3384,049834503320211001,PKK0000085135,I,,POINT (251864.72509999946 470545.50349999964)
kunstoverweg_wegvak.1665,Viaduct,0,VIAD.'DE LOERHAZEN'I/D OUDE BECKUMERWEG,600152411,2021-10-01T00:00:00,938,060015241120211001,PKK0000085135,I,,POINT (251877.566300001 470559.1981000006)
kunstoverweg_wegvak.1666,Viaduct,0,VIAD.I/D WESTERVAL,600153102,2022-06-01T00:00:00,478,060015310220220601,PKK0000085136,I,,POINT (253183.34959999844 469745.2397999987)
kunstoverweg_wegvak.1667,Viaduct,0,VIAD.I/D WESTERVAL,600208652,2021-10-01T00:00:00,1076,060020865220211001,PKK0000085136,I,,POINT (253158.03020000085 469738.93299999833)
kunstoverweg_wegvak.1668,Viaduct,0,VIAD.I/D WESTERVAL,600153102,2022-06-01T00:00:00,463,060015310220220601,PKK0000085137,I,,POINT (253197.35689999908 469739.87359999865)
kunstoverweg_wegvak.1669,Viaduct,0,VIAD.I/D WESTERVAL,600208652,2021-10-01T00:00:00,1091,060020865220211001,PKK0000085137,I,,POINT (253172.09650000185 469733.7232999988)
kunstoverweg_wegvak.1670,Viaduct,0,VIAD.I/D TIJPLAATSWEG,600404620,2021-10-01T00:00:00,373,060040462020211001,PKK0000085141,I,,POINT (257792.2375999987 469082.9065000005)
kunstoverweg_wegvak.1671,Viaduct,0,VIAD.'HAZELAAR'I/D FIETSPAD,600404613,2021-10-01T00:00:00,264,060040461320211001,PKK0000085142,I,,POINT (257958.06379999965 469069.08949999884)
kunstoverweg_wegvak.1672,Viaduct,0,VIAD.'HAZELAAR'I/D FIETSPAD,600404620,2021-10-01T00:00:00,205,060040462020211001,PKK0000085142,I,,POINT (257960.10559999943 469078.02380000055)
kunstoverweg_wegvak.1673,Viaduct,0,VIAD.'MEERRIET'I/D KNALHUTTEWEG,600404613,2021-10-01T00:00:00,339,060040461320211001,PKK0000085143,I,,POINT (258033.01689999923 469071.61620000005)
kunstoverweg_wegvak.1674,Viaduct,0,VIAD.'MEERRIET'I/D KNALHUTTEWEG,600404620,2021-10-01T00:00:00,134,060040462020211001,PKK0000085143,I,,POINT (258031.06439999864 469080.29949999973)
kunstoverweg_wegvak.1675,Viaduct,0,VIAD.'HONHOF'I/D BRINKSTRAAT,600404621,2021-10-01T00:00:00,1078,060040462120211001,PKK0000085144,I,,POINT (259195.45789999887 469391.54239999875)
kunstoverweg_wegvak.1676,Viaduct,0,VIAD.'ESMARKE'I/D ZUID ESMARKER RONDWEG,600404621,2021-10-01T00:00:00,1937,060040462120211001,PKK0000085145,I,,POINT (260047.86609999835 469382.43250000104)
kunstoverweg_wegvak.1677,Viaduct,0,VIAD.I/D TIJPLAATSWEG,600404613,2021-10-01T00:00:00,89,060040461320211001,PKK0000085141,I,,POINT (257783.21759999916 469074.52650000155)
kunstoverweg_wegvak.1678,Viaduct,0,VIAD.,600208581,2021-10-01T00:00:00,458,060020858120211001,PKK0000085152,I,,POINT (253166.70069999993 469723.6158000007)
kunstoverweg_wegvak.1679,Viaduct,0,VIAD.I/D ZUIDBROEKSWEG,476371065,2021-10-01T00:00:00,15,047637106520211001,PKK0000085155,I,,POINT (238407.57979999855 485514.2349999994)
kunstoverweg_wegvak.1680,Viaduct,0,VIAD.I/D ZUIDBROEKSWEG,600151784,2021-10-01T00:00:00,300,060015178420211001,PKK0000085158,I,,POINT (238398.56320000067 485522.74120000005)
kunstoverweg_wegvak.1681,Viaduct,0,VIAD.I/D ZUIDBROEKSWEG,476370005,2021-10-01T00:00:00,411,047637000520211001,PKK0000085158,I,,POINT (238404.42350000143 485518.6453000009)
kunstoverweg_wegvak.1682,Viaduct,0,VIAD.I/D RONDWEG WIERDEN,477373004,2021-10-01T00:00:00,917,047737300420211001,PKK0000085159,I,,POINT (238611.8125 486045.19999999925)
kunstoverweg_wegvak.1683,Viaduct,0,VIAD.I/D SPOORWEG ALMELO WIERDEN,477373004,2021-10-01T00:00:00,131,047737300420211001,PKK0000085160,I,,POINT (238684.00420000032 486824.17170000076)
kunstoverweg_wegvak.1684,Viaduct,0,VIAD.I/D ALMELOSEWEG,600151267,2021-10-01T00:00:00,71,060015126720211001,PKK0000085161,I,,POINT (240245.81560000032 491407.02899999917)
kunstoverweg_wegvak.1685,Viaduct,0,VIAD.I/D ALMELOSEWEG,480382011,2021-10-01T00:00:00,183,048038201120211001,PKK0000085161,I,,POINT (240252.65060000122 491410.58839999884)
kunstoverweg_wegvak.1686,Viaduct,0,VIAD.'WESTERHAAR'I/D SIBCULOSEWEG =N341,478397014,2021-10-01T00:00:00,275,047839701420211001,PKK0000085162,I,,POINT (239067.04549999908 498398.50030000135)
kunstoverweg_wegvak.1687,Viaduct,0,VIAD. I/D ZWARTE PAD,600405825,2021-10-01T00:00:00,896,060040582520211001,PKK0000085163,I,,POINT (231024.78510000184 508623.50279999897)
kunstoverweg_wegvak.1688,Viaduct,0,VIAD. I/D SCHAPENDIJK,600405826,2021-10-01T00:00:00,305,060040582620211001,PKK0000085164,I,,POINT (228498.2426000014 508268.63650000095)
kunstoverweg_wegvak.1689,Viaduct,0,VIAD. I/D ARRIERVELDSWEG,600405826,2021-10-01T00:00:00,2595,060040582620211001,PKK0000085165,I,,POINT (226340.77309999987 507511.10489999875)
kunstoverweg_wegvak.1690,Viaduct,0,VIAD. I/D OMMERKANAAL OOST,450414005,2021-10-01T00:00:00,149,045041400520211001,PKK0000085166,I,,POINT (224997.61499999836 507451.5460000001)
kunstoverweg_wegvak.1691,Viaduct,0,VIAD. I/D OMMERKANAAL OOST,600152440,2021-10-01T00:00:00,52,060015244020211001,PKK0000085166,I,,POINT (224995.63439999893 507444.1526999995)
kunstoverweg_wegvak.1692,Viaduct,0,VIAD.'ELDIJK'I/D ELDIJK,600153238,2021-10-01T00:00:00,167,060015323820211001,PKK0000085172,I,,POINT (250124.7996999994 527544.249499999)
kunstoverweg_wegvak.1693,Viaduct,0,VIAD.'ALTEVEER'I/D ALTEVEERSTRAAT,600151049,2021-10-01T00:00:00,2413,060015104920211001,PKK0000085176,I,,POINT (228585.98840000108 525186.0762000009)
kunstoverweg_wegvak.1694,Viaduct,0,VIAD.'ALTEVEER'I/D ALTEVEERSTRAAT,456450004,2021-10-01T00:00:00,362,045645000420211001,PKK0000085176,I,,POINT (228589.34490000084 525171.9794999994)
kunstoverweg_wegvak.1695,Viaduct,0,VIAD.'DINTELMOND'I/D POSTBAAN,600107299,2021-10-01T00:00:00,1009,060010729920211001,PKK0000089772,I,,POINT (87034.57809999958 407186.55260000005)
kunstoverweg_wegvak.1696,Viaduct,0,VIAD.'DINTELMOND'I/D POSTBAAN,172212004,2021-10-01T00:00:00,894,017221200420211001,PKK0000089772,I,,POINT (87045.63280000165 407176.41589999944)
kunstoverweg_wegvak.1697,Viaduct,0,VIAD.'PRINSENLAND'I/D NOORDLANGEWEG,600107519,2021-10-01T00:00:00,117,060010751920211001,PKK0000089773,I,,POINT (85371.56560000032 404403.374400001)
kunstoverweg_wegvak.1698,Viaduct,0,VIAD.'PRINSENLAND'I/D NOORDLANGEWEG,171209020,2021-10-01T00:00:00,541,017120902020211001,PKK0000089773,I,,POINT (85358.27439999953 404409.4470999986)
kunstoverweg_wegvak.1699,Viaduct,0,VIAD.'WESTLAND'I/D WESTLANDSCHE LANGEWEG,600107525,2021-10-01T00:00:00,1591,060010752520211001,PKK0000089774,I,,POINT (78628.63109999895 399026.15190000087)
kunstoverweg_wegvak.1700,Viaduct,0,VIAD.'WESTLAND'I/D WESTLANDSCHE LANGEWEG,158200008,2021-10-01T00:00:00,1353,015820000820211001,PKK0000089774,I,,POINT (78614.04300000146 399027.17390000075)
kunstoverweg_wegvak.1701,Viaduct,0,VIAD.'DE EENDRACHT'I/D RANDWEG OOST,600107282,2021-10-01T00:00:00,534,060010728220211001,PKK0000089775,I,,POINT (79164.59120000154 395487.0458999984)
kunstoverweg_wegvak.1702,Viaduct,0,VIAD.'DE EENDRACHT'I/D RANDWEG OOST,158191007,2021-10-01T00:00:00,110,015819100720211001,PKK0000089775,I,,POINT (79150.00200000033 395487.96979999915)
kunstoverweg_wegvak.1703,Viaduct,0,VIAD.'HOLLEWEG'I/D HOLLEWEG,161181022,2021-12-01T00:00:00,648,016118102220211201,PKK0000089776,I,,POINT (80669.29800000042 389889.5678999983)
kunstoverweg_wegvak.1704,Viaduct,0,VIAD.'HOLLEWEG'I/D HOLLEWEG,600105783,2022-05-01T00:00:00,228,060010578320220501,PKK0000089776,I,,POINT (80683.253800001 389889.83619999886)
kunstoverweg_wegvak.1705,Viaduct,0,VIAD.'ROOSEVELTLAAN'I/D ROOSEVELTLAAN,600105781,2022-01-01T00:00:00,149,060010578120220101,PKK0000089777,I,,POINT (80645.72089999914 389446.7734999992)
kunstoverweg_wegvak.1706,Viaduct,0,VIAD.'ROOSEVELTLAAN'I/D ROOSEVELTLAAN,161178006,2022-05-01T00:00:00,173,016117800620220501,PKK0000089777,I,,POINT (80659.23290000111 389442.5421999991)
kunstoverweg_wegvak.1707,Viaduct,0,VIAD.'ROOSEVELTLAAN'I/D ROOSEVELTLAAN,600105781,2022-01-01T00:00:00,162,060010578120220101,PKK0000089778,I,,POINT (80644.94359999895 389433.79670000076)
kunstoverweg_wegvak.1708,Viaduct,0,VIAD.'ROOSEVELTLAAN'I/D ROOSEVELTLAAN,161178006,2022-05-01T00:00:00,160,016117800620220501,PKK0000089778,I,,POINT (80658.46950000152 389429.5645999983)
kunstoverweg_wegvak.1709,Viaduct,0,VIAD.'MOSTERDIJK'I/D MOSTERDIJK,140262022,2021-10-01T00:00:00,1109,014026202220211001,PKK0000091718,I,,POINT (71336.42460000142 431432.07510000095)
kunstoverweg_wegvak.1710,Viaduct,0,VIAD.'MOSTERDIJK'I/D MOSTERDIJK,600101062,2021-10-01T00:00:00,56,060010106220211001,PKK0000091718,I,,POINT (71329.38529999927 431435.6019000001)
kunstoverweg_wegvak.1711,Viaduct,0,VIAD.'OUDENDIJKE'I/D SCHELPWEG,600944018,2022-06-01T00:00:00,2178,060094401820220601,PKK0000091719,I,,POINT (46800.89420000091 416184.4312000014)
kunstoverweg_wegvak.1712,Viaduct,0,VIAD.'TILBURG-WEST 1969'I/D BLAAKWEG,257188010,2021-10-01T00:00:00,2766,025718801020211001,PKK0000091723,I,,POINT (131456.24529999867 394544.0395999998)
kunstoverweg_wegvak.1713,Viaduct,0,VIAD.'TILBURG-WEST 1969'I/D BLAAKWEG,600126772,2021-10-01T00:00:00,3715,060012677220211001,PKK0000091723,I,,POINT (131458.71759999916 394561.89400000125)
kunstoverweg_wegvak.1714,Viaduct,0,VIAD.'AMER'I/D OUDE HEIJNINGSEWEG,176216008,2021-10-01T00:00:00,80,017621600820211001,PKK0000089789,I,,POINT (88467.30889999866 408048.12319999933)
kunstoverweg_wegvak.1715,Viaduct,0,VIAD.'HEIJNINGEN'I/D OUDE HEIJNINGSEDIJK,175215015,2021-10-01T00:00:00,42,017521501520211001,PKK0000089790,I,,POINT (87691.14180000126 407881.2745999992)
kunstoverweg_wegvak.1716,Viaduct,0,VIAD.'PRINSENLAND'I/D NOORDLANGEWEG,170208030,2021-10-01T00:00:00,66,017020803020211001,PKK0000089791,I,,POINT (85352.06390000135 404415.5727000013)
kunstoverweg_wegvak.1717,Viaduct,0,VIAD.'DE EENDRACHT'I/D RANDWEG OOST,600107281,2021-10-01T00:00:00,39,060010728120211001,PKK0000089792,I,,POINT (79173.6876000017 395476.71189999953)
kunstoverweg_wegvak.1718,Viaduct,0,VIAD.'DE EENDRACHT'I/D RANDWEG OOST,158191006,2021-10-01T00:00:00,108,015819100620211001,PKK0000089793,I,,POINT (79141.0001000017 395491.867899999)
kunstoverweg_wegvak.1719,Viaduct,0,VIAD.'VOSSENBERG'I/D TILBURGSEBAAN,250191009,2021-10-01T00:00:00,1320,025019100920211001,PKK0000091724,I,,POINT (126526.00400000066 395312.1583000012)
kunstoverweg_wegvak.1720,Viaduct,0,VIAD.'VOSSENBERG'I/D TILBURGSEBAAN,600125367,2021-10-01T00:00:00,2180,060012536720211001,PKK0000091724,I,,POINT (126536.84189999849 395331.36349999905)
kunstoverweg_wegvak.1721,Viaduct,0,VIAD.'WOESTENBERG'I/D WOESTENBERGSEWEG,600123036,2021-10-01T00:00:00,432,060012303620211001,PKK0000091726,I,,POINT (117000.95710000023 396233.5509000011)
kunstoverweg_wegvak.1722,Viaduct,0,VIAD.'WOESTENBERG'I/D WOESTENBERGSEWEG,233192005,2021-10-01T00:00:00,465,023319200520211001,PKK0000091726,I,,POINT (117016.6251000017 396217.6154000014)
kunstoverweg_wegvak.1723,Viaduct,0,VIAD. I/D TRAMLIJN ZOETERMEER,600113413,2021-10-01T00:00:00,0,060011341320211001,PKK0000089798,I,,POINT (95445.16569999978 450699.58509999886)
kunstoverweg_wegvak.1724,Viaduct,0,VIAD. I/D TRAMLIJN ZOETERMEER,190301023,2021-10-01T00:00:00,7,019030102320211001,PKK0000089798,I,,POINT (95437.12240000069 450684.85539999977)
kunstoverweg_wegvak.1725,Brug,0,VIAD. I/D 'NIEUWE HOEFWEG',192300006,2022-01-01T00:00:00,644,019230000620220101,PKK0000089799,I,,POINT (96911.10880000144 450128.61019999906)
kunstoverweg_wegvak.1726,Brug,0,VIAD. I/D 'NIEUWE HOEFWEG',600114773,2021-10-01T00:00:00,548,060011477320211001,PKK0000089799,I,,POINT (96920.81300000101 450145.1009000018)
kunstoverweg_wegvak.1727,Viaduct,0,VIAD.'REEUWIJK'I/D GOUDSESTRAATWEG =N459,600120004,2021-10-01T00:00:00,27,060012000420211001,PKK0000089801,I,,POINT (109685.0439000018 452331.37319999933)
kunstoverweg_wegvak.1728,Viaduct,0,VIAD.'REEUWIJK'I/D GOUDSESTRAATWEG =N459,219304012,2021-10-01T00:00:00,57,021930401220211001,PKK0000089801,I,,POINT (109744.5998999998 452312.23110000044)
kunstoverweg_wegvak.1729,Viaduct,0,FIETS-VOETG.VIAD.'KOPPELBRUG'I/D KOPPELDIJK,600126692,2021-10-01T00:00:00,243,060012669220211001,PKK0000089803,I,,POINT (137496.125 451894.99859999865)
kunstoverweg_wegvak.1730,Viaduct,0,FIETS-VOETG.VIAD.'KOPPELBRUG'I/D KOPPELDIJK,268305026,2021-10-01T00:00:00,3196,026830502620211001,PKK0000089803,I,,POINT (137487.44889999926 451881.51150000095)
kunstoverweg_wegvak.1731,Viaduct,0,VIAD.I/D SINOUTSKERKSEWEG,600093994,2022-05-01T00:00:00,464,060009399420220501,PKK0000091732,I,,POINT (48614.86239999905 389521.3696999997)
kunstoverweg_wegvak.1732,Viaduct,0,VIAD.I/D LAMOENWEG,600093994,2022-05-01T00:00:00,2044,060009399420220501,PKK0000091733,I,,POINT (47045.22349999845 389634.94209999964)
kunstoverweg_wegvak.1733,Viaduct,0,VIAD.I/D LAMOENWEG,93179012,2022-05-01T00:00:00,278,009317901220220501,PKK0000091733,I,,POINT (47047.96829999983 389615.96449999884)
kunstoverweg_wegvak.1734,Viaduct,0,VIAD.'STAAL'I/D SLOEWEG,88179020,2021-10-01T00:00:00,401,008817902020211001,PKK0000091734,I,,POINT (44454.136500000954 390003.444600001)
kunstoverweg_wegvak.1735,Viaduct,0,VIAD.'STAAL'I/D SLOEWEG,600093386,2021-10-01T00:00:00,1044,060009338620211001,PKK0000091734,I,,POINT (44474.862100001425 390010.3902999982)
kunstoverweg_wegvak.1736,Viaduct,0,VIAD.'OUDE GAT'I/D NIEUWLANDSEWEG,600094028,2021-10-01T00:00:00,1980,060009402820211001,PKK0000091735,I,,POINT (36442.35429999977 391298.70149999857)
kunstoverweg_wegvak.1737,Viaduct,0,VIAD.'OUDE GAT'I/D NIEUWLANDSEWEG,71181002,2021-10-01T00:00:00,433,007118100220211001,PKK0000091735,I,,POINT (36450.63320000097 391286.24549999833)
kunstoverweg_wegvak.1738,Viaduct,0,VIAD.I/D SINOUTSKERKSEWEG,96179006,2022-05-01T00:00:00,576,009617900620220501,PKK0000091732,I,,POINT (48609.02519999817 389502.8645000011)
kunstoverweg_wegvak.1739,Viaduct,0,VIAD.I/D HOEFWEG=N209,600114771,2021-10-01T00:00:00,48,060011477120211001,PKK0000089809,I,,POINT (96926.39029999822 450156.50349999964)
kunstoverweg_wegvak.1740,Viaduct,0,VIAD.'RINGSPOORLIJN - 1968',103178055,2021-10-01T00:00:00,147,010317805520211001,PKK0000091738,I,,POINT (51552.513099998236 388960.0636)
kunstoverweg_wegvak.1741,Viaduct,0,VIAD. I/D NOORDRINGDIJLK =N207,600120334,2021-10-01T00:00:00,89,060012033420211001,PKK0000089811,I,,POINT (105382.8209999986 448756.79940000176)
kunstoverweg_wegvak.1742,Viaduct,0,VIAD.'WELZINGE'I/D N254,66178049,2021-10-01T00:00:00,49,006617804920211001,PKK0000091739,I,,POINT (33330.76429999992 388988.6314999983)
kunstoverweg_wegvak.1743,Viaduct,0,VIAD.I/D SCHEEWEG,65177009,2021-10-01T00:00:00,44,006517700920211001,PKK0000091740,I,,POINT (33035.49940000102 388840.8187999986)
kunstoverweg_wegvak.1744,Viaduct,0,VIAD.I/D LANGEWEG,203256012,2021-10-01T00:00:00,1415,020325601220211001,PKK0000089813,I,,POINT (102241.59430000186 427224.8220000006)
kunstoverweg_wegvak.1745,Viaduct,0,VIAD.I/D LANGEWEG,600113481,2021-10-01T00:00:00,85,060011348120211001,PKK0000089813,I,,POINT (102268.45490000024 427229.8049999997)
kunstoverweg_wegvak.1746,Viaduct,0,VIAD.I/D RW16 VBW. k,600114431,2021-10-01T00:00:00,15,060011443120211001,PKK0000089826,I,,POINT (103972.23800000176 412745.8343999982)
kunstoverweg_wegvak.1747,Viaduct,0,VIAD.I/D RW16 (VBW.h),600114438,2021-10-01T00:00:00,279,060011443820211001,PKK0000089827,I,,POINT (103932.21519999951 412705.4807999991)
kunstoverweg_wegvak.1748,Viaduct,0,VIAD.I/D H.YDENWEG,600114378,2021-10-01T00:00:00,14,060011437820211001,PKK0000089823,I,,POINT (101970.22470000014 427871.5001000017)
kunstoverweg_wegvak.1749,Viaduct,0,VIAD.'MOLENVLIET'IN RW. 59 ='KP.NOORDHOEK',189208005,2021-10-01T00:00:00,2035,018920800520211001,PKK0000089828,I,,POINT (96514.62640000135 405484.2767000012)
kunstoverweg_wegvak.1750,Viaduct,0,VIAD.'MOLENVLIET'IN RW. 59 ='KP.NOORDHOEK',600113121,2021-10-01T00:00:00,726,060011312120211001,PKK0000089828,I,,POINT (96507.58289999887 405493.5571999997)
kunstoverweg_wegvak.1751,Viaduct,0,FIETS-VOETG.VIAD.'LANGENBERG',600113153,2021-10-01T00:00:00,756,060011315320211001,PKK0000089831,I,,POINT (92116.76249999925 398876.9569000006)
kunstoverweg_wegvak.1752,Viaduct,0,FIETS-VOETG.VIAD.'LANGENBERG',183196006,2021-10-01T00:00:00,654,018319600620211001,PKK0000089831,I,,POINT (92123.08320000023 398866.49720000103)
kunstoverweg_wegvak.1753,Viaduct,0,VIAD.'OVERESSELIJK'I/D GASTELSEWEG =N640,600113770,2021-10-01T00:00:00,93,060011377020211001,PKK0000089832,I,,POINT (91456.58150000125 398129.1867999993)
kunstoverweg_wegvak.1754,Viaduct,0,VIAD.'OVERESSELIJK'I/D GASTELSEWEG =N640,182195021,2021-10-01T00:00:00,295,018219502120211001,PKK0000089832,I,,POINT (91466.01819999889 398122.3735000007)
kunstoverweg_wegvak.1755,Viaduct,0,VIAD.'OVERESSELIJK'I/D GASTELSEWEG =N640,600113770,2021-10-01T00:00:00,128,060011377020211001,PKK0000089833,I,,POINT (91435.38259999827 398101.3370999992)
kunstoverweg_wegvak.1756,Viaduct,0,VIAD.'OVERESSELIJK'I/D GASTELSEWEG =N640,182195021,2021-10-01T00:00:00,260,018219502120211001,PKK0000089833,I,,POINT (91444.83240000159 398094.5137999989)
kunstoverweg_wegvak.1757,Viaduct,0,VIAD.'ZEELANDPOORT'IN RANG.BAAN m ='KP.DE STOK',600105860,2021-10-01T00:00:00,612,060010586020211001,PKK0000089845,I,,POINT (88626.81129999831 393887.81749999896)
kunstoverweg_wegvak.1758,Viaduct,0,VIAD.'WEELTJE'I/D WEELDIJK,187211010,2022-01-01T00:00:00,1423,018721101020220101,PKK0000089855,I,,POINT (95205.65920000151 405615.13529999927)
kunstoverweg_wegvak.1759,Viaduct,0,VIAD.'WEELTJE'I/D WEELDIJK,600113120,2021-10-01T00:00:00,697,060011312020211001,PKK0000089855,I,,POINT (95181.86259999871 405637.33210000023)
kunstoverweg_wegvak.1760,Viaduct,0,VIAD.'AMER'I/D OUDE HEIJNINGSEWEG,600106559,2021-10-01T00:00:00,81,060010655920211001,PKK0000089859,I,,POINT (88481.57079999894 408066.2837000005)
kunstoverweg_wegvak.1761,Viaduct,0,VIAD.,600120712,2021-10-01T00:00:00,121,060012071220211001,PKK0000083801,I,,POINT (108318.77870000154 476256.68349999934)
kunstoverweg_wegvak.1762,Viaduct,0,VIAD. I/D BUSBAAN,218354005,2021-10-01T00:00:00,170,021835400520211001,PKK0000083802,I,,POINT (109481.04919999838 477440.4739000015)
kunstoverweg_wegvak.1763,Viaduct,0,VIAD. I/D HOOFDORPDREEF,218354005,2021-10-01T00:00:00,136,021835400520211001,PKK0000083803,I,,POINT (109458.34279999882 477415.1673000008)
kunstoverweg_wegvak.1764,Viaduct,0,VIAD.,216352014,2021-10-01T00:00:00,3,021635201420211001,PKK0000083808,I,,POINT (108375.90320000052 476200.7210999988)
kunstoverweg_wegvak.1765,Viaduct,0,'VIAD. I/D PERNAS SNOEPWEG',196328096,2021-10-01T00:00:00,199,019632809620211001,PKK0000083811,I,,POINT (98311.44720000029 464243.6919)
kunstoverweg_wegvak.1766,Viaduct,0,VIAD.,600115200,2022-02-01T00:00:00,144,060011520020220201,PKK0000083812,I,,POINT (95372.62209999934 462208.97630000114)
kunstoverweg_wegvak.1767,Viaduct,0,VIAD.I/D SPOORWEG DEN HAAG ROTTERDAM,172307022,2021-10-01T00:00:00,509,017230702220211001,PKK0000083821,I,,POINT (86689.22450000048 454161.66429999843)
kunstoverweg_wegvak.1768,Viaduct,0,VIAD.I/D SPOORWEG DEN HAAG ROTTERDAM,172307022,2021-10-01T00:00:00,485,017230702220211001,PKK0000083822,I,,POINT (86669.02180000022 454148.70859999955)
kunstoverweg_wegvak.1769,Viaduct,0,VIAD.,174308052,2021-10-01T00:00:00,209,017430805220211001,PKK0000083829,I,,POINT (87222.57999999821 454425.82189999893)
kunstoverweg_wegvak.1770,Viaduct,0,VIAD.I/D NOORDELIJKE RANDWEG,174308054,2021-10-01T00:00:00,32,017430805420211001,PKK0000083830,I,,POINT (87029.82409999892 454362.3137000017)
kunstoverweg_wegvak.1771,Viaduct,0,VIAD.I/D NOORDELIJKE RANDWEG,600106628,2021-10-01T00:00:00,12,060010662820211001,PKK0000083831,I,,POINT (86972.21449999884 454404.32869999856)
kunstoverweg_wegvak.1772,Viaduct,0,VIAD.I/D RW.012 VBW. #,600107589,2021-12-01T00:00:00,411,060010758920211201,PKK0000083834,I,,POINT (85585.72509999946 453134.84479999915)
kunstoverweg_wegvak.1773,Viaduct,0,VIAD.I/D RW.012 VBW.#,600107589,2021-12-01T00:00:00,378,060010758920211201,PKK0000083835,I,,POINT (85597.09099999815 453103.8905999996)
kunstoverweg_wegvak.1774,Viaduct,0,VIAD.I/D RANG.BAAN m RW4='KP.YPENBURG',600105964,2021-10-01T00:00:00,1220,060010596420211001,PKK0000083837,I,,POINT (83671.24100000039 451029.8720000014)
kunstoverweg_wegvak.1775,Viaduct,0,VIAD.I/D HRR RW4='KP.YPENBURG',600105964,2021-10-01T00:00:00,1241,060010596420211001,PKK0000083838,I,,POINT (83676.69610000029 451009.5954999998)
kunstoverweg_wegvak.1776,Viaduct,0,VIAD.'CLARISSA MARIA'I/D RW. 4 (R.RIJB.),600106636,2021-10-01T00:00:00,387,060010663620211001,PKK0000083839,I,,POINT (83005.4208999984 450417.8333999999)
kunstoverweg_wegvak.1777,Viaduct,0,VIAD.DE HOOP'I/H FIETSPAD,164298021,2021-10-01T00:00:00,64,016429802120211001,PKK0000083846,I,,POINT (82209.54179999977 449525.9563000016)
kunstoverweg_wegvak.1778,Viaduct,0,VIAD.'HOEKPOLDER'I/D KOOIJMANWEG,163297022,2021-10-01T00:00:00,107,016329702220211001,PKK0000083848,I,,POINT (81812.76099999994 448899.9200000018)
kunstoverweg_wegvak.1779,Viaduct,0,'Viad',162295027,2021-10-01T00:00:00,26,016229502720211001,PKK0000083849,I,,POINT (81259.84540000185 447712.9880999997)
kunstoverweg_wegvak.1780,Viaduct,0,VIAD.DE HOEPEL,163291027,2021-10-01T00:00:00,100,016329102720211001,PKK0000083852,I,,POINT (81551.87860000134 445825.04879999906)
kunstoverweg_wegvak.1781,Viaduct,0,VIAD.OVER HR RECHTS RW.4='KP.KETHELPLEIN',169276042,2021-10-01T00:00:00,511,016927604220211001,PKK0000083854,I,,POINT (84727.79780000076 437761.57649999857)
kunstoverweg_wegvak.1782,Viaduct,0,VIAD.I/D VBW.h ='KP.KETHELPLEIN',169275061,2021-10-01T00:00:00,34,016927506120211001,PKK0000083858,I,,POINT (84904.46700000018 437793.6072999984)
kunstoverweg_wegvak.1783,Viaduct,0,VIAD.'WALDFINNE'I/D WOUDFENNEN,360506013,2022-03-01T00:00:00,448,036050601320220301,PKK0000084072,I,,POINT (180687.6174999997 552912.9468999989)
kunstoverweg_wegvak.1784,Viaduct,0,VIAD.'WALDFINNE'I/D WOUDFENNEN,600427660,2022-03-01T00:00:00,1055,060042766020220301,PKK0000084072,I,,POINT (180705.33689999953 552923.4184000008)
kunstoverweg_wegvak.1785,Viaduct,0,VIAD.'KATRYP'I/D MOBILISATIEWEG,381508016,2022-03-01T00:00:00,417,038150801620220301,PKK0000084077,I,,POINT (191012.7402999997 554616.8636999987)
kunstoverweg_wegvak.1786,Viaduct,0,VIAD.'KATRYP'I/D MOBILISATIEWEG,600144478,2022-03-01T00:00:00,68,060014447820220301,PKK0000084077,I,,POINT (191003.00030000135 554634.8867000006)
kunstoverweg_wegvak.1787,Viaduct,0,VIAD.'HAUDMARE'IN RW. 31 (R.RIJB.),600146786,2021-10-01T00:00:00,77,060014678620211001,PKK0000084084,I,,POINT (205052.55730000138 568948.2862999998)
kunstoverweg_wegvak.1788,Viaduct,0,VIAD.'HAUDMARE'IN RW. 31 (R.RIJB.),410537044,2021-10-01T00:00:00,50,041053704420211001,PKK0000084084,I,,POINT (205053.66310000047 568933.8260999992)
kunstoverweg_wegvak.1789,Viaduct,0,VIAD.'HAUDMARE'IN RW. 31 (L.RIJB.),600146786,2021-10-01T00:00:00,53,060014678620211001,PKK0000084085,I,,POINT (205073.01889999956 568960.8291999996)
kunstoverweg_wegvak.1790,Viaduct,0,VIAD.'HAUDMARE'IN RW. 31 (L.RIJB.),410537044,2021-10-01T00:00:00,74,041053704420211001,PKK0000084085,I,,POINT (205074.12909999862 568946.3619000018)
kunstoverweg_wegvak.1791,Viaduct,0,VIAD.'HEGEBREGE'I/D HOGEBRUGSTERLAAN,600149330,2021-10-01T00:00:00,3914,060014933020211001,PKK0000084086,I,,POINT (205385.5197999999 569152.4486000016)
kunstoverweg_wegvak.1792,Viaduct,0,VIAD.'WYTHARST'I/D FAERT,600149330,2021-10-01T00:00:00,2283,060014933020211001,PKK0000084087,I,,POINT (206543.44729999825 570281.9776000008)
kunstoverweg_wegvak.1793,Viaduct,0,VIAD.'WYTHARST'I/D FAERT,410538030,2021-10-01T00:00:00,1630,041053803020211001,PKK0000084087,I,,POINT (206551.53029999882 570271.5493000001)
kunstoverweg_wegvak.1794,Viaduct,0,VIAD.'POSTDIJK'I/D POSTDIJK,417543007,2021-10-01T00:00:00,1899,041754300720211001,PKK0000084089,I,,POINT (210563.13210000098 572784.742899999)
kunstoverweg_wegvak.1795,Viaduct,0,VIAD.'POSTDIJK'I/D POSTDIJK,600148215,2021-10-01T00:00:00,3180,060014821520211001,PKK0000084089,I,,POINT (210555.95450000092 572802.0522999987)
kunstoverweg_wegvak.1796,Viaduct,0,VIAD.'LIETSWEG'I/D LIETSWEG,432551006,2021-10-01T00:00:00,48,043255100620211001,PKK0000084090,I,,POINT (216048.71310000122 575645.3018000014)
kunstoverweg_wegvak.1797,Viaduct,0,VIAD.'LIETSWEG'I/D LIETSWEG,600150077,2021-10-01T00:00:00,490,060015007720211001,PKK0000084090,I,,POINT (216052.02809999883 575666.1345999986)
kunstoverweg_wegvak.1798,Viaduct,0,VIAD.'ENGELBERTERWEG'I/D ENGELBERTERWEG,600150896,2021-10-01T00:00:00,638,060015089620211001,PKK0000084094,I,,POINT (240391.05429999903 580023.0918999985)
kunstoverweg_wegvak.1799,Viaduct,0,VIAD.'ENGELBERTERWEG'I/D ENGELBERTERWEG,480559009,2021-10-01T00:00:00,211,048055900920211001,PKK0000084094,I,,POINT (240391.7397999987 580004.3040999994)
kunstoverweg_wegvak.1800,Viaduct,0,VIAD.'SCHARMERWEG'I/D SCHARMERWEG,486558010,2021-10-01T00:00:00,380,048655801020211001,PKK0000084095,I,,POINT (243493.95080000162 578883.7468999997)
kunstoverweg_wegvak.1801,Viaduct,0,VIAD.'SCHARMERWEG'I/D SCHARMERWEG,600425799,2021-10-01T00:00:00,4,060042579920211001,PKK0000084095,I,,POINT (243504.2938000001 578899.5984999985)
kunstoverweg_wegvak.1802,Viaduct,0,VIAD.I/D KERKSTRAAT,600152893,2021-10-01T00:00:00,433,060015289320211001,PKK0000084096,I,,POINT (253610.19440000132 576786.8995000012)
kunstoverweg_wegvak.1803,Viaduct,0,VIAD.I/D KERKSTRAAT,506553010,2021-10-01T00:00:00,480,050655301020211001,PKK0000084096,I,,POINT (253610.6523000002 576775.8594999984)
kunstoverweg_wegvak.1804,Viaduct,0,VIAD.I/D SCHEEMDERZWAAG,517557004,2021-10-01T00:00:00,515,051755700420211001,PKK0000084097,I,,POINT (259110.21119999886 578882.6096000001)
kunstoverweg_wegvak.1805,Viaduct,0,VIAD.I/D SCHEEMDERZWAAG,600152963,2021-10-01T00:00:00,1497,060015296320211001,PKK0000084097,I,,POINT (259103.39570000023 578893.5841000006)
kunstoverweg_wegvak.1806,Viaduct,0,VIAD.I/D PASTORIEWEG,517557004,2021-10-01T00:00:00,1620,051755700420211001,PKK0000084098,I,,POINT (260171.79320000112 579133.9079000019)
kunstoverweg_wegvak.1807,Viaduct,0,VIAD.I/D PASTORIEWEG,600152963,2021-10-01T00:00:00,383,060015296320211001,PKK0000084098,I,,POINT (260173.78379999846 579146.5606000014)
kunstoverweg_wegvak.1808,Viaduct,0,VIAD.I/D OUDE RIJKSWEG =N362,522557023,2021-10-01T00:00:00,137,052255702320211001,PKK0000084099,I,,POINT (261199.98800000176 578794.2408999987)
kunstoverweg_wegvak.1809,Viaduct,0,VIAD.I/D OUDE RIJKSWEG =N362,600152938,2021-10-01T00:00:00,1815,060015293820211001,PKK0000084099,I,,POINT (261207.83159999922 578804.0925000012)
kunstoverweg_wegvak.1810,Viaduct,0,VIAD.I/D TURFLAAN =N964,525554012,2021-10-01T00:00:00,572,052555401220211001,PKK0000084101,I,,POINT (262938.25459999964 577031.0425000004)
kunstoverweg_wegvak.1811,Viaduct,0,VIAD.I/D TURFLAAN =N964,600152941,2021-10-01T00:00:00,592,060015294120211001,PKK0000084101,I,,POINT (262946.7617000006 577040.5291000009)
kunstoverweg_wegvak.1812,Viaduct,0,VIAD.I/D VERL.KLOOSTERLAAN,526553009,2021-10-01T00:00:00,519,052655300920211001,PKK0000084102,I,,POINT (263938.78280000016 576590.0872999988)
kunstoverweg_wegvak.1813,Viaduct,0,VIAD.I/D VERL.KLOOSTERLAAN,600153717,2021-10-01T00:00:00,69,060015371720211001,PKK0000084102,I,,POINT (263938.80590000004 576603.3669000007)
kunstoverweg_wegvak.1814,Viaduct,0,VIAD.'PIETER SMITBRUG',527553015,2021-10-01T00:00:00,1887,052755301520211001,PKK0000084103,I,,POINT (265780.9609999992 575933.6645000018)
kunstoverweg_wegvak.1815,Viaduct,0,VIAD.'PIETER SMITBRUG',600153139,2021-10-01T00:00:00,263,060015313920211001,PKK0000084103,I,,POINT (265784.32559999824 575945.4567000009)
kunstoverweg_wegvak.1816,Viaduct,0,VIAD.I/D VBW.a ='AANSL.47 WINSCHOTEN',532551014,2021-10-01T00:00:00,472,053255101420211001,PKK0000084104,I,,POINT (266460.48380000144 575629.5987999998)
kunstoverweg_wegvak.1817,Viaduct,0,VIAD.I/D VBW.a ='AANSL.47 WINSCHOTEN',600152944,2021-10-01T00:00:00,728,060015294420211001,PKK0000084104,I,,POINT (266465.40309999883 575639.5311000012)
kunstoverweg_wegvak.1818,Viaduct,0,VIAD.'BEERTSTERWEG'I/D BEERTSTERWEG =N367,532551014,2021-10-01T00:00:00,546,053255101420211001,PKK0000084105,I,,POINT (266525.3427999988 575593.9734999985)
kunstoverweg_wegvak.1819,Viaduct,0,VIAD.'BEERTSTERWEG'I/D BEERTSTERWEG =N367,600152944,2021-10-01T00:00:00,655,060015294420211001,PKK0000084105,I,,POINT (266529.3713000007 575604.3610999994)
kunstoverweg_wegvak.1820,Viaduct,0,VIAD.I/D VBW.b ='AANSL.47 WINSCHOTEN',532551014,2021-10-01T00:00:00,616,053255101420211001,PKK0000084106,I,,POINT (266586.1785000004 575559.3473000005)
kunstoverweg_wegvak.1821,Viaduct,0,VIAD.I/D VBW.b ='AANSL.47 WINSCHOTEN',600152944,2021-10-01T00:00:00,585,060015294420211001,PKK0000084106,I,,POINT (266590.22360000014 575569.7644000016)
kunstoverweg_wegvak.1822,Viaduct,0,VOETG.VIAD.,600153875,2021-10-01T00:00:00,222,060015387520211001,PKK0000084107,I,,POINT (277413.55220000073 578415.6217)
kunstoverweg_wegvak.1823,Viaduct,0,VOETG.VIAD.,554556014,2021-10-01T00:00:00,199,055455601420211001,PKK0000084107,I,,POINT (277417.39009999856 578403.2278999984)
kunstoverweg_wegvak.1824,Viaduct,0,VOETG.VIAD.I/D VOLGERWEG,248406016,2022-05-01T00:00:00,922,024840601620220501,PKK0000084037,I,,POINT (124753.7912000008 504090.8596000001)
kunstoverweg_wegvak.1825,Viaduct,0,VIAD.'PETREA' I/D WAPENVELDSCHEWEG,395384010,2021-10-01T00:00:00,890,039538401020211001,PKK0000085291,I,,POINT (197878.4862000011 493256.9556999989)
kunstoverweg_wegvak.1826,Ecoduct,0,ECOD 'TOLHUIS',600146690,2021-10-01T00:00:00,1705,060014669020211001,PKK0000085292,I,,POINT (197896.8337999992 493675.1272)
kunstoverweg_wegvak.1827,Ecoduct,0,ECOD 'TOLHUIS',395384010,2021-10-01T00:00:00,1307,039538401020211001,PKK0000085292,I,,POINT (197917.8002000004 493672.0956000015)
kunstoverweg_wegvak.1828,Viaduct,0,VIAD.'BUCKHORST' I/D BURG.HARDENBERWEG,600145211,2021-10-01T00:00:00,167,060014521120211001,PKK0000085295,I,,POINT (196539.29740000144 501663.57559999824)
kunstoverweg_wegvak.1829,Viaduct,0,VIAD.'BUCKHORST' I/D BURG.HARDENBERWEG,390404002,2021-10-01T00:00:00,1524,039040400220211001,PKK0000085295,I,,POINT (196536.4101999998 501657.0753000006)
kunstoverweg_wegvak.1830,Viaduct,0,VIAD.'DE DOMPE'  I/D JULES VAN HASSELTWEG,600145297,2021-10-01T00:00:00,1865,060014529720211001,PKK0000085296,I,,POINT (192782.3850999996 502717.18129999936)
kunstoverweg_wegvak.1831,Viaduct,0,VIAD.'DE DOMPE'  I/D JULES VAN HASSELTWEG,381409032,2021-10-01T00:00:00,2974,038140903220211001,PKK0000085296,I,,POINT (192780.08720000088 502710.3277999982)
kunstoverweg_wegvak.1832,Viaduct,0,VIAD.I/D SPOORLIJN ZWOLLE LELYSTAD,600145289,2021-10-01T00:00:00,499,060014528920211001,PKK0000085297,I,,POINT (190392.05669999868 505338.14730000123)
kunstoverweg_wegvak.1833,Viaduct,0,VIAD.I/D SPOORLIJN ZWOLLE LELYSTAD,381410010,2021-10-01T00:00:00,237,038141001020211001,PKK0000085297,I,,POINT (190406.88340000063 505349.4175999984)
kunstoverweg_wegvak.1834,Viaduct,0,VIAD.'KAMPEREILAND' I/D VELDWEG,372426012,2021-10-01T00:00:00,108,037242601220211001,PKK0000085301,I,,POINT (186161.1737000011 512987.89919999987)
kunstoverweg_wegvak.1835,Viaduct,0,VIAD. I/D SCHOKKERRINGWEG,600143125,2021-10-01T00:00:00,444,060014312520211001,PKK0000085302,I,,POINT (184006.28880000114 516794.1656999998)
kunstoverweg_wegvak.1836,Viaduct,0,VIAD. I/D SCHOKKERRINGWEG,368433060,2021-10-01T00:00:00,48,036843306020211001,PKK0000085302,I,,POINT (184017.85810000077 516798.8658999987)
kunstoverweg_wegvak.1837,Viaduct,0,VIAD.'DE MISTHOORN'I/D SLOEFWEG,600143582,2021-10-01T00:00:00,263,060014358220211001,PKK0000085303,I,,POINT (182310.67700000107 520205.8819000013)
kunstoverweg_wegvak.1838,Viaduct,0,VIAD.'BOMENWEG'I/D VBW. d,600143583,2021-10-01T00:00:00,468,060014358320211001,PKK0000085304,I,,POINT (181422.3024000004 522380.7087999992)
kunstoverweg_wegvak.1839,Viaduct,0,VIAD.'BOMENWEG'I/D VBW. d,362444011,2021-10-01T00:00:00,129,036244401120211001,PKK0000085304,I,,POINT (181409.22030000016 522375.2456)
kunstoverweg_wegvak.1840,Viaduct,0,VIAD.'VOGELBEK'IN RW.  6 ='KP.EMMELOORD',600143583,2021-10-01T00:00:00,867,060014358320211001,PKK0000085305,I,,POINT (181251.3836000003 522740.5533999987)
kunstoverweg_wegvak.1841,Viaduct,0,VIAD.'VOGELBEK'IN RW.  6 ='KP.EMMELOORD',362446011,2021-10-01T00:00:00,566,036244601120211001,PKK0000085305,I,,POINT (181235.1666000001 522736.55480000004)
kunstoverweg_wegvak.1842,Viaduct,0,VIAD.'KOEKOEKSBOS' (L.RIJB.) I/D RW. 2,600138364,2021-10-01T00:00:00,0,060013836420211001,PKK0000085215,I,,POINT (157463.80209999904 388758.0443999991)
kunstoverweg_wegvak.1843,Viaduct,0,VIAD.'DE MISTHOORN'I/D SLOEFWEG,364440029,2021-10-01T00:00:00,20,036444002920211001,PKK0000085303,I,,POINT (182300.31120000035 520200.2021000013)
kunstoverweg_wegvak.1844,Viaduct,0,VIAD.'KONINGSHEIDE'I/D KONINGSWEG,384300013,2021-10-01T00:00:00,41,038430001320211001,PKK0000085259,I,,POINT (192337.91259999946 450137.3033000007)
kunstoverweg_wegvak.1845,Viaduct,0,VIAD. IN RW. 73 (R.RIJB.) ='KP.EWIJK',353258007,2021-10-01T00:00:00,819,035325800720211001,PKK0000085246,I,,POINT (177340.4032999985 430011.01419999823)
kunstoverweg_wegvak.1846,Viaduct,0,VIAD.'t VELD' I/D POLDERSTRAAT,362283006,2021-10-01T00:00:00,1875,036228300620211001,PKK0000085249,I,,POINT (181002.8000999987 439716.7170000002)
kunstoverweg_wegvak.1847,Viaduct,0,VIAD. I/D ARNHEMSE BOVENWEG =N225,361286044,2022-07-01T00:00:00,398,036128604420220701,PKK0000085250,I,,POINT (180837.52849999815 443025.63439999893)
kunstoverweg_wegvak.1848,Ecoduct,0,ECODUCT,361286047,2021-10-01T00:00:00,2579,036128604720211001,PKK0000085252,I,,POINT (182419.7254000008 445230.9266999997)
kunstoverweg_wegvak.1849,Viaduct,0,VIAD. I/D WOLFHEZERWEG,361286047,2021-10-01T00:00:00,3470,036128604720211001,PKK0000085253,I,,POINT (183187.7322999984 445682.02690000087)
kunstoverweg_wegvak.1850,Viaduct,0,VIAD.IN RW. 50 (L.RIJB.) ='KP.GRIJSOORD',600141480,2021-10-01T00:00:00,567,060014148020211001,PKK0000085256,I,,POINT (184620.55370000005 448645.15139999986)
kunstoverweg_wegvak.1851,Viaduct,0,VIAD.'KONINGSHEIDE'I/D KONINGSWEG,600143879,2021-10-01T00:00:00,2286,060014387920211001,PKK0000085259,I,,POINT (192313.4178000018 450147.1039999984)
kunstoverweg_wegvak.1852,Ecoduct,0,VIAD.'TERLET'I/D WILDWISSEL,385304014,2021-10-01T00:00:00,1056,038530401420211001,PKK0000085260,I,,POINT (193146.99010000005 453230.1383000016)
kunstoverweg_wegvak.1853,Viaduct,0,VIAD.'VARENNA' I/D ARNHEMSEWEG,600143876,2021-08-01T00:00:00,780,060014387620210801,PKK0000085263,I,,POINT (193929.22619999945 459543.1259999983)
kunstoverweg_wegvak.1854,Viaduct,0,VIAD.'VARENNA' I/D ARNHEMSEWEG,600143876,2021-08-01T00:00:00,722,060014387620210801,PKK0000085264,I,,POINT (193963.7479000017 459589.72839999944)
kunstoverweg_wegvak.1855,Viaduct,0,VIAD.'KAAPBERG' I/D SCHALTERDALWEG,600143876,2021-08-01T00:00:00,296,060014387620210801,PKK0000085265,I,,POINT (194267.50310000032 459886.6816000007)
kunstoverweg_wegvak.1856,Viaduct,0,VIAD. I/D RW. 50 VBW. t,600138430,2021-10-01T00:00:00,107,060013843020211001,PKK0000085308,I,,POINT (161015.62150000036 389971.54830000177)
kunstoverweg_wegvak.1857,Viaduct,0,VIAD.'DRIEHUIS' I/D DRIEHUIZEN,600272020,2021-10-01T00:00:00,123,060027202020211001,PKK0000085311,I,,POINT (167505.06819999963 405462.94249999896)
kunstoverweg_wegvak.1858,Viaduct,0,'VIAD. KLEINWIJK'O/D'NOORDERBAAN,335227007,2021-10-01T00:00:00,120,033522700720211001,PKK0000085312,I,,POINT (167563.8957999982 414077.436900001)
kunstoverweg_wegvak.1859,Viaduct,0,'VIAD. KLEINWIJK' I/D NOORDERBAAN,600141171,2021-10-01T00:00:00,279,060014117120211001,PKK0000085313,I,,POINT (167534.0166000016 414070.00470000133)
kunstoverweg_wegvak.1860,Viaduct,0,VIAD.I/D RW. 73 (L.RIJB.),600143247,2021-10-01T00:00:00,990,060014324720211001,PKK0000085317,I,,POINT (177592.2335000001 429826.84530000016)
kunstoverweg_wegvak.1861,Viaduct,0,VIAD.I/D RW. 73,600143247,2021-10-01T00:00:00,262,060014324720211001,PKK0000085318,I,,POINT (177132.30260000005 430110.43989999965)
kunstoverweg_wegvak.1862,Viaduct,0,VIAD.I/D RW. 50 VBW. h,354259005,2021-10-01T00:00:00,230,035425900520211001,PKK0000085319,I,,POINT (177211.23519999906 429815.2954999991)
kunstoverweg_wegvak.1863,Viaduct,0,VIAD.'HUTTENKAMP'I/D DELDENSESTRAAT,600151009,2022-06-01T00:00:00,293,060015100920220601,PKK0000088634,I,,POINT (247174.3289999999 478583.33359999955)
kunstoverweg_wegvak.1864,Viaduct,0,VIAD.'HUTTENKAMP'I/D DELDENSESTRAAT,493358019,2022-06-01T00:00:00,570,049335801920220601,PKK0000088634,I,,POINT (247160.13969999924 478567.1667000018)
kunstoverweg_wegvak.1865,Viaduct,0,VIAD.I/D JOSEPH BECHLAAN,356032049,2021-10-01T00:00:00,35,035603204920211001,PKK0000088651,I,,POINT (178308.85680000111 316453.3964000009)
kunstoverweg_wegvak.1866,Viaduct,0,VIAD.I/D JOSEPH BECHLAAN,356032055,2022-02-01T00:00:00,48,035603205520220201,PKK0000088651,I,,POINT (178341.10029999912 316455.5214000009)
kunstoverweg_wegvak.1867,Viaduct,0,VIAD.'AA REICHWEIN'I/D WIJKERSLOOTWEG = N210,600481932,2022-02-01T00:00:00,390,060048193220220201,PKK0000088656,I,,POINT (132833.96719999984 448672.5876000002)
kunstoverweg_wegvak.1868,Viaduct,0,VIAD.'AA REICHWEIN'I/D WIJKERSLOOTWEG = N210,600481932,2022-02-01T00:00:00,367,060048193220220201,PKK0000088657,I,,POINT (132836.1981999986 448649.6959999986)
kunstoverweg_wegvak.1869,Viaduct,4,VIAD.I/D VENNEPERWEG                                   %4.00,600112484,2022-02-01T00:00:00,247,060011248420220201,PKK0000088666,I,,POINT (105840.20470000058 473453.81010000035)
kunstoverweg_wegvak.1870,Viaduct,4,VIAD.I/D VENNEPERWEG                                   %4.00,211346008,2022-02-01T00:00:00,289,021134600820220201,PKK0000088666,I,,POINT (105861.09420000017 473437.61670000106)
kunstoverweg_wegvak.1871,Viaduct,0,VIAD.I/D LEIMUIDERWEG =N207,208343014,2022-02-01T00:00:00,1109,020834301420220201,PKK0000088667,I,,POINT (105058.49069999903 472548.1453999989)
kunstoverweg_wegvak.1872,Viaduct,0,VIAD.I/D LEIMUIDERWEG =N207,600112484,2022-02-01T00:00:00,1449,060011248420220201,PKK0000088667,I,,POINT (105038.21400000155 472558.48160000145)
kunstoverweg_wegvak.1873,Viaduct,0,VIAD.I/D LEIMUIDERWEG =N207,208343014,2022-02-01T00:00:00,1078,020834301420220201,PKK0000088668,I,,POINT (105037.84829999879 472525.0177000016)
kunstoverweg_wegvak.1874,Viaduct,0,VIAD.I/D LEIMUIDERWEG =N207,600112484,2022-02-01T00:00:00,1480,060011248420220201,PKK0000088668,I,,POINT (105017.6521999985 472535.2822000012)
kunstoverweg_wegvak.1875,Viaduct,0,VIAD.IN RW. 44 (L.RIJB.) ='KP.BURGERVEEN',208343014,2022-02-01T00:00:00,207,020834301420220201,PKK0000088669,I,,POINT (104478.76220000163 471857.3381000012)
kunstoverweg_wegvak.1876,Viaduct,0,VIAD.IN RW. 44 (L.RIJB.) ='KP.BURGERVEEN',600112482,2022-02-01T00:00:00,841,060011248220220201,PKK0000088669,I,,POINT (104456.53519999981 471876.2318000011)
kunstoverweg_wegvak.1877,Viaduct,0,VIAD.I/D VENNEPERWEG,600114285,2022-02-01T00:00:00,155,060011428520220201,PKK0000088676,I,,POINT (105819.10190000013 473466.90670000017)
kunstoverweg_wegvak.1878,Viaduct,0,VIAD.,600481986,2022-02-01T00:00:00,47,060048198620220201,PKK0000088685,I,,POINT (140464.42240000144 484951.59849999845)
kunstoverweg_wegvak.1879,Viaduct,0,VIAD.'DIJKZICHT'I/D WEG,245363016,2022-02-01T00:00:00,27,024536301620220201,PKK0000088716,I,,POINT (122708.76929999888 481903.0320000015)
kunstoverweg_wegvak.1880,Viaduct,0,'VIAD. I/D BRIELSE MAASDAM=N218',132277006,2022-02-01T00:00:00,345,013227700620220201,PKK0000088726,I,,POINT (66665.43090000004 438994.5236000009)
kunstoverweg_wegvak.1881,Viaduct,0,'VIAD. I/D BRIELSE MAASDAM=N218',600101240,2022-02-01T00:00:00,316,060010124020220201,PKK0000088726,I,,POINT (66664.45459999889 439010.8691000007)
kunstoverweg_wegvak.1882,Viaduct,0,VIAD. I/D VBW a EN VWB b RW15,146272002,2022-02-01T00:00:00,805,014627200220220201,PKK0000088727,I,,POINT (73958.04329999909 435726.7375999987)
kunstoverweg_wegvak.1883,Viaduct,0,VIAD. I/D VBW a EN VWB b RW15,600100880,2021-10-01T00:00:00,483,060010088020211001,PKK0000088727,I,,POINT (73967.32519999892 435737.01209999993)
kunstoverweg_wegvak.1884,Viaduct,0,VIAD.IN RW. 57,146272002,2022-02-01T00:00:00,1053,014627200220220201,PKK0000088728,I,,POINT (74148.80990000069 435568.27230000123)
kunstoverweg_wegvak.1885,Viaduct,0,VIAD.IN RW. 57,600100880,2021-10-01T00:00:00,244,060010088020211001,PKK0000088728,I,,POINT (74158.24350000173 435593.2485000007)
kunstoverweg_wegvak.1886,Viaduct,0,VIAD. I/D SPOOR BETUWELIJN,600403019,2022-02-01T00:00:00,1056,060040301920220201,PKK0000088729,I,,POINT (77122.30689999834 434783.55249999836)
kunstoverweg_wegvak.1887,Viaduct,0,VIAD.,600403019,2022-02-01T00:00:00,747,060040301920220201,PKK0000088730,I,,POINT (77352.90260000154 434585.13859999925)
kunstoverweg_wegvak.1888,Viaduct,0,VIAD.,600479534,2022-02-01T00:00:00,299,060047953420220201,PKK0000088730,I,,POINT (77337.13720000163 434580.3192999996)
kunstoverweg_wegvak.1889,Viaduct,0,VIAD.,600403019,2022-02-01T00:00:00,689,060040301920220201,PKK0000088731,I,,POINT (77380.66270000115 434534.2536999993)
kunstoverweg_wegvak.1890,Viaduct,0,VIAD.,600479534,2022-02-01T00:00:00,346,060047953420220201,PKK0000088731,I,,POINT (77360.33460000157 434539.4675000012)
kunstoverweg_wegvak.1891,Viaduct,0,VIAD.I/D VEERWEG,212258039,2022-02-01T00:00:00,1394,021225803920220201,PKK0000088733,I,,POINT (107543.3841000013 428441.79780000076)
kunstoverweg_wegvak.1892,Viaduct,0,VIAD.I/D VEERWEG,600119682,2022-02-01T00:00:00,486,060011968220220201,PKK0000088733,I,,POINT (107550.79399999976 428458.3289999999)
kunstoverweg_wegvak.1893,Viaduct,0,VIAD.IN RW.  3,216256032,2022-02-01T00:00:00,512,021625603220220201,PKK0000088734,I,,POINT (108485.10139999911 428054.8183000013)
kunstoverweg_wegvak.1894,Viaduct,0,VIAD.IN RW.  3,600119699,2022-02-01T00:00:00,637,060011969920220201,PKK0000088734,I,,POINT (108487.35179999843 428073.1721000001)
kunstoverweg_wegvak.1895,Viaduct,0,VOETG.VIAD.I/D MATENASCHE SCHEIKADE,600119701,2022-02-01T00:00:00,412,060011970120220201,PKK0000088735,I,,POINT (109792.37640000135 427563.9774999991)
kunstoverweg_wegvak.1896,Viaduct,0,VOETG.VIAD.I/D MATENASCHE SCHEIKADE,217255009,2022-02-01T00:00:00,851,021725500920220201,PKK0000088735,I,,POINT (109771.59569999948 427561.1629000008)
kunstoverweg_wegvak.1897,Viaduct,0,VIAD.I/D SPOORWEG DORDRECHT GORINCHEM,222254032,2022-02-01T00:00:00,52,022225403220220201,PKK0000088736,I,,POINT (110752.37550000101 427156.1169000007)
kunstoverweg_wegvak.1898,Viaduct,0,VIAD. O/D BREDESTRAAT,357272008,2021-10-01T00:00:00,576,035727200820211001,PKK0000088743,I,,POINT (179365.4400999993 436463.6099999994)
kunstoverweg_wegvak.1899,Viaduct,0,VIAD. O/D BREDESTRAAT,600143255,2023-01-01T00:00:00,645,060014325520230101,PKK0000088743,I,,POINT (179372.0934999995 436476.08469999954)
kunstoverweg_wegvak.1900,Viaduct,0,VIAD.'MOLDERSKAMP'I/D VELDKAMPERSTRAAT,600150069,2021-10-01T00:00:00,2254,060015006920211001,PKK0000088750,I,,POINT (225353.59690000117 440084.03390000015)
kunstoverweg_wegvak.1901,Viaduct,0,VIAD.'MOLDERSKAMP'I/D VELDKAMPERSTRAAT,447280012,2022-02-01T00:00:00,1543,044728001220220201,PKK0000088750,I,,POINT (225363.86499999836 440070.68769999966)
kunstoverweg_wegvak.1902,Viaduct,0,VIAD.'BIEVINK'I/D DOETINCHEMSEWEG,600150069,2021-10-01T00:00:00,281,060015006920211001,PKK0000088751,I,,POINT (227270.77659999952 440322.78229999915)
kunstoverweg_wegvak.1903,Viaduct,0,VIAD.'BIEVINK'I/D DOETINCHEMSEWEG,447280012,2022-02-01T00:00:00,3524,044728001220220201,PKK0000088751,I,,POINT (227288.19839999825 440315.7853000015)
kunstoverweg_wegvak.1904,Viaduct,0,VIAD. I/D SPOOR BETUWELIJN,600479534,2022-02-01T00:00:00,4,060047953420220201,PKK0000088729,I,,POINT (77116.15419999883 434768.9813000001)
kunstoverweg_wegvak.1905,Viaduct,0,VIAD.I/D SPOORWEG DORDRECHT GORINCHEM,600121249,2021-10-01T00:00:00,1,060012124920211001,PKK0000088736,I,,POINT (110760.79430000111 427173.99230000004)
kunstoverweg_wegvak.1906,Viaduct,0,'VIAD. I/D N57',147271027,2022-02-01T00:00:00,685,014727102720220201,PKK0000088757,I,,POINT (74136.41699999943 435548.3062000014)
kunstoverweg_wegvak.1907,Viaduct,0,BRUG I/H SPOOR 'ZWARTE WAALSEBRUG',149270030,2022-02-01T00:00:00,195,014927003020220201,PKK0000088758,I,,POINT (74799.27070000023 435306.54349999875)
kunstoverweg_wegvak.1908,Viaduct,0,BRUG I/H SPOOR 'ZWARTE WAALSEBRUG',149270034,2022-02-01T00:00:00,14,014927003420220201,PKK0000088759,I,,POINT (74788.0634999983 435310.00730000064)
kunstoverweg_wegvak.1909,Viaduct,0,VIAD.I/D GROENEDIJK,600480991,2022-02-01T00:00:00,98,060048099120220201,PKK0000088764,I,,POINT (87855.65340000018 432120.70760000125)
kunstoverweg_wegvak.1910,Viaduct,0,VIAD.I/D WILLEM BARENTSSTRAAT,600107301,2022-02-01T00:00:00,447,060010730120220201,PKK0000088765,I,,POINT (89009.35680000111 431817.32229999825)
kunstoverweg_wegvak.1911,Viaduct,0,VIAD.I/D RW. 15 VBW. c,600107301,2022-02-01T00:00:00,261,060010730120220201,PKK0000088766,I,,POINT (89188.30460000038 431767.67069999874)
kunstoverweg_wegvak.1912,Viaduct,0,VIAD.I/D METROLIJN C.,600107556,2022-02-01T00:00:00,84,060010755620220201,PKK0000088767,I,,POINT (86248.08260000125 432349.4448999986)
kunstoverweg_wegvak.1913,Viaduct,0,VIAD.IN RW.  3,600478860,2022-02-01T00:00:00,235,060047886020220201,PKK0000088772,I,,POINT (108504.68950000033 428080.0225000009)
kunstoverweg_wegvak.1914,Viaduct,0,VIAD.I/D BANNEWEG =N216,600124119,2022-02-01T00:00:00,179,060012411920220201,PKK0000088773,I,,POINT (124186.97729999945 428394.45369999856)
kunstoverweg_wegvak.1915,Viaduct,0,VIAD.I/D BANNEWEG =N216,600124119,2022-02-01T00:00:00,142,060012411920220201,PKK0000088774,I,,POINT (124217.68030000106 428415.10130000114)
kunstoverweg_wegvak.1916,Viaduct,0,VIAD. I/D BANNEWEG (R.RIJBAAN),248256051,2022-02-01T00:00:00,221,024825605120220201,PKK0000088779,I,,POINT (124151.5373999998 428390.3847000003)
kunstoverweg_wegvak.1917,Viaduct,0,VIAD. I/D BANNEWEG (L.RIJBAAN),248256051,2022-02-01T00:00:00,205,024825605120220201,PKK0000088780,I,,POINT (124157.12299999967 428405.26619999856)
kunstoverweg_wegvak.1918,Viaduct,0,VIAD.I/D ZEDDAMSEWEG,424279044,2022-02-01T00:00:00,105,042427904420220201,PKK0000088782,I,,POINT (212270.52519999817 439918.33260000125)
kunstoverweg_wegvak.1919,Viaduct,0,VIAD.'DE TOL'I/D DIJKGRAAF DEN DEKKERWEG,600124157,2022-02-01T00:00:00,217,060012415720220201,PKK0000088796,I,,POINT (123556.64950000122 423663.5042000003)
kunstoverweg_wegvak.1920,Viaduct,0,VIAD. O/D WIJKERSLOOTWEG,272293007,2022-02-01T00:00:00,587,027229300720220201,PKK0000088799,I,,POINT (136650.77629999816 447187.4481999986)
kunstoverweg_wegvak.1921,Viaduct,0,VIAD. O/D WIJKERSLOOTWEG,600129103,2021-08-01T00:00:00,952,060012910320210801,PKK0000088799,I,,POINT (136634.93930000067 447187.62139999866)
kunstoverweg_wegvak.1922,Viaduct,0,VOETG.VIAD.,272293007,2022-02-01T00:00:00,824,027229300720220201,PKK0000088800,I,,POINT (136749.57829999924 447402.84540000185)
kunstoverweg_wegvak.1923,Viaduct,0,VOETG.VIAD.,600129103,2021-08-01T00:00:00,714,060012910320210801,PKK0000088800,I,,POINT (136733.99579999968 447403.99109999835)
kunstoverweg_wegvak.1924,Viaduct,0,VIAD.'DE TOL'I/D DIJKGRAAF DEN DEKKERWEG,247247016,2021-10-01T00:00:00,42,024724701620211001,PKK0000088796,I,,POINT (123568.18259999901 423656.0069999993)
kunstoverweg_wegvak.1925,Viaduct,0,VIAD.,247247042,2022-02-01T00:00:00,69,024724704220220201,PKK0000088805,I,,POINT (123551.89169999957 423669.0131999999)
kunstoverweg_wegvak.1926,Viaduct,0,VIAD.IN RANG.BAAN m='KP.RIJNSWEERD',600129359,2022-02-01T00:00:00,402,060012935920220201,PKK0000088806,I,,POINT (139513.92880000174 456011.39070000127)
kunstoverweg_wegvak.1927,Viaduct,0,VIAD.IN RW. 27 (R.RIJB.)='KP.RIJNSWEERD',600129359,2022-02-01T00:00:00,417,060012935920220201,PKK0000088807,I,,POINT (139499.3286000006 456007.95050000027)
kunstoverweg_wegvak.1928,Viaduct,0,VIAD.IN RW. 27 (L.RIJB.)='KP.RIJNSWEERD',600129359,2022-02-01T00:00:00,433,060012935920220201,PKK0000088808,I,,POINT (139483.75510000065 456004.2809000015)
kunstoverweg_wegvak.1929,Viaduct,0,VIAD.IN RANG.BAAN n=KP.RIJNSWEERD',600129359,2022-02-01T00:00:00,449,060012935920220201,PKK0000088809,I,,POINT (139468.1816000007 456000.61140000075)
kunstoverweg_wegvak.1930,Viaduct,0,VIAD.'RIJNSWEERD WEST'IN VBW. u='KP.RIJNSWEERD',600129360,2022-02-01T00:00:00,21,060012936020220201,PKK0000088810,I,,POINT (139257.1532999985 455934.90480000153)
kunstoverweg_wegvak.1931,Viaduct,0,VIAD. I/D RW. 14,600106318,2022-02-01T00:00:00,0,060010631820220201,PKK0000088823,I,,POINT (84504.21290000156 457981.85920000076)
kunstoverweg_wegvak.1932,Viaduct,0,VIAD. I/D RW. 14,600106923,2022-02-01T00:00:00,15,060010692320220201,PKK0000088821,I,,POINT (84504.21290000156 457981.85920000076)
kunstoverweg_wegvak.1933,Viaduct,0,VIAD.I/D LEIMUIDERWEG (L.RIJB.) =N207,600112481,2022-02-01T00:00:00,137,060011248120220201,PKK0000088824,I,,POINT (104905.70380000025 472418.7960000001)
kunstoverweg_wegvak.1934,Viaduct,0,VIAD.I/D LEIMUIDERWEG (L.RIJB.) =N207,206343017,2022-02-01T00:00:00,1606,020634301720220201,PKK0000088824,I,,POINT (104898.54089999944 472257.39169999957)
kunstoverweg_wegvak.1935,Viaduct,0,VIAD.I/D LEIMUIDERWEG (L.RIJB.) =N207,600112481,2022-02-01T00:00:00,163,060011248120220201,PKK0000088825,I,,POINT (104887.97610000148 472399.7767999992)
kunstoverweg_wegvak.1936,Viaduct,0,VIAD.I/D LEIMUIDERWEG (L.RIJB.) =N207,206343017,2022-02-01T00:00:00,1580,020634301720220201,PKK0000088825,I,,POINT (104886.89970000088 472234.14339999855)
kunstoverweg_wegvak.1937,Viaduct,0,VIAD.I/D LEIMUIDERWEG (R.RIJB.) =N207,206343017,2022-02-01T00:00:00,1241,020634301720220201,PKK0000088826,I,,POINT (104681.13659999892 471969.4935000017)
kunstoverweg_wegvak.1938,Viaduct,0,VIAD.I/D LEIMUIDERWEG (R.RIJB.) =N207,600112481,2022-02-01T00:00:00,513,060011248120220201,PKK0000088826,I,,POINT (104624.30999999866 472170.45699999854)
kunstoverweg_wegvak.1939,Viaduct,0,VIAD.I/D DR.HEYELAAN,199342017,2022-02-01T00:00:00,642,019934201720220201,PKK0000088827,I,,POINT (100546.75840000063 471440.6770000011)
kunstoverweg_wegvak.1940,Viaduct,0,VIAD.I/D DR.HEYELAAN,600112472,2021-10-01T00:00:00,2229,060011247220211001,PKK0000088827,I,,POINT (100555.52699999884 471455.0025999993)
kunstoverweg_wegvak.1941,Viaduct,0,VOETG.VIAD.,600424868,2022-02-01T00:00:00,677,060042486820220201,PKK0000088828,I,,POINT (89520.3636999987 462744.92170000076)
kunstoverweg_wegvak.1942,Viaduct,0,VOETG.VIAD.,176323043,2021-10-01T00:00:00,1317,017632304320211001,PKK0000088828,I,,POINT (89523.23479999974 462724.5637000017)
kunstoverweg_wegvak.1943,Viaduct,0,VIAD. I/D RW. 5 R.RIJB.,221370018,2021-10-01T00:00:00,622,022137001820211001,PKK0000083971,I,,POINT (111046.63039999828 485821.5194000006)
kunstoverweg_wegvak.1944,Viaduct,0,VIAD. I/D RW. 5 L.RIJB.,221370018,2021-10-01T00:00:00,657,022137001820211001,PKK0000083972,I,,POINT (111022.2034999989 485846.5637000017)
kunstoverweg_wegvak.1945,Viaduct,0,VIAD. I/D RW. 5 VBW. n,221370018,2021-10-01T00:00:00,685,022137001820211001,PKK0000083973,I,,POINT (111000.80260000005 485864.6042000018)
kunstoverweg_wegvak.1946,Viaduct,0,VIAD.I/D TUSSENRING =N703,600200399,2021-10-01T00:00:00,4364,060020039920211001,PKK0000083982,I,,POINT (148315.3797999993 487401.73699999973)
kunstoverweg_wegvak.1947,Viaduct,0,VIAD.I/D TUSSENRING =N703,600199559,2021-10-01T00:00:00,1186,060019955920211001,PKK0000083982,I,,POINT (148322.19700000063 487384.9825000018)
kunstoverweg_wegvak.1948,Viaduct,0,VIAD.I/D TUSSENRING =N703,600200399,2021-10-01T00:00:00,4341,060020039920211001,PKK0000083983,I,,POINT (148327.40659999847 487421.34209999815)
kunstoverweg_wegvak.1949,Viaduct,0,VIAD.I/D TUSSENRING =N703,600199559,2021-10-01T00:00:00,1209,060019955920211001,PKK0000083983,I,,POINT (148334.0885999985 487404.66970000044)
kunstoverweg_wegvak.1950,Viaduct,0,VIAD.'BUITENHOUT ZUID'I/D VBW.h (L.RIJB.),600200399,2021-10-01T00:00:00,3460,060020039920211001,PKK0000083984,I,,POINT (148891.52050000057 488094.03119999915)
kunstoverweg_wegvak.1951,Viaduct,0,VIAD.'BUITENHOUT ZUID'I/D VBW.h (L.RIJB.),600199559,2021-10-01T00:00:00,2082,060019955920211001,PKK0000083984,I,,POINT (148890.9754000008 488072.94629999995)
kunstoverweg_wegvak.1952,Viaduct,0,VIAD.'BUITENHOUT NOORD' (R.RIJB.),600200399,2021-10-01T00:00:00,3095,060020039920211001,PKK0000083985,I,,POINT (149178.27529999986 488319.4342)
kunstoverweg_wegvak.1953,Viaduct,0,VIAD.'BUITENHOUT NOORD' (R.RIJB.),600199559,2021-10-01T00:00:00,2448,060019955920211001,PKK0000083985,I,,POINT (149180.8449999988 488296.15300000086)
kunstoverweg_wegvak.1954,Viaduct,0,'VAART VIADUCT'I/D BUITENRING =S106 & N702,600199540,2021-10-01T00:00:00,303,060019954020211001,PKK0000083987,I,,POINT (152093.88069999963 490030.94849999994)
kunstoverweg_wegvak.1955,Viaduct,0,'VAART VIADUCT'I/D BUITENRING =S106 & N702,600200398,2021-10-01T00:00:00,493,060020039820211001,PKK0000083987,I,,POINT (152035.9759999998 490111.8315999992)
kunstoverweg_wegvak.1956,Viaduct,0,VIAD.O/D PRAAMWEG,305380001,2021-10-01T00:00:00,665,030538000120211001,PKK0000083989,I,,POINT (153153.04569999874 490703.4807999991)
kunstoverweg_wegvak.1957,Viaduct,0,VIAD.O/D PRAAMWEG,600134799,2021-10-01T00:00:00,5145,060013479920211001,PKK0000083989,I,,POINT (153081.34699999914 490780.5881999992)
kunstoverweg_wegvak.1958,Viaduct,0,'VIADUCT PRAAMWEG'I/D PRAAMWEG,305380001,2021-10-01T00:00:00,4181,030538000120211001,PKK0000083990,I,,POINT (156017.24909999967 492739.0918000005)
kunstoverweg_wegvak.1959,Viaduct,0,'VIADUCT PRAAMWEG'I/D PRAAMWEG,600134799,2021-10-01T00:00:00,1633,060013479920211001,PKK0000083990,I,,POINT (155974.57970000058 492767.3671000004)
kunstoverweg_wegvak.1960,Viaduct,0,VIAD.'EDELHERTWEG'I/D EDELHERTWEG,600138410,2021-10-01T00:00:00,642,060013841020211001,PKK0000083992,I,,POINT (164809.96700000018 505816.2707999982)
kunstoverweg_wegvak.1961,Viaduct,0,VIAD.'EDELHERTWEG'I/D EDELHERTWEG,328400004,2021-10-01T00:00:00,5770,032840000420211001,PKK0000083992,I,,POINT (164843.50549999997 505786.52059999853)
kunstoverweg_wegvak.1962,Viaduct,0,VIAD.'KLOKBEKERWEG'I/D KLOKBEKERWEG,600139888,2021-10-01T00:00:00,1790,060013988820211001,PKK0000083993,I,,POINT (166184.06969999894 510977.44889999926)
kunstoverweg_wegvak.1963,Viaduct,0,VIAD.'KLOKBEKERWEG'I/D KLOKBEKERWEG,331421005,2021-10-01T00:00:00,300,033142100520211001,PKK0000083993,I,,POINT (166201.3187999986 510965.08689999953)
kunstoverweg_wegvak.1964,Viaduct,0,VIAD.'KAMPERHOEKWEG'I/D KAMPERHOEKWEG =N711,600139890,2021-10-01T00:00:00,616,060013989020211001,PKK0000083994,I,,POINT (171465.6783999987 513085.1303999983)
kunstoverweg_wegvak.1965,Viaduct,0,VIAD.'KAMPERHOEKWEG'I/D KAMPERHOEKWEG =N711,335423006,2021-10-01T00:00:00,4021,033542300620211001,PKK0000083994,I,,POINT (171474.35399999842 513071.72560000047)
kunstoverweg_wegvak.1966,Viaduct,0,VIAD.'ZUIDWESTERRINGWEG'I/D ZUIDWESTERRINGWEG =N713,600141689,2021-10-01T00:00:00,3181,060014168920211001,PKK0000083995,I,,POINT (176037.37810000032 519760.57770000026)
kunstoverweg_wegvak.1967,Viaduct,0,VIAD.'ZUIDWESTERRINGWEG'I/D ZUIDWESTERRINGWEG =N713,348434014,2021-10-01T00:00:00,2737,034843401420211001,PKK0000083995,I,,POINT (176044.95470000058 519743.72569999844)
kunstoverweg_wegvak.1968,Viaduct,0,VIAD.'NAGELERWEG'I/D NAGELERWEG =N716,600142027,2021-12-01T00:00:00,410,060014202720211201,PKK0000083996,I,,POINT (180268.83960000053 522619.6495000012)
kunstoverweg_wegvak.1969,Viaduct,0,VIAD.'NAGELERWEG'I/D NAGELERWEG =N716,358444005,2021-10-01T00:00:00,1082,035844400520211001,PKK0000083996,I,,POINT (180286.2789000012 522604.26000000164)
kunstoverweg_wegvak.1970,Viaduct,0,VIAD.'OOSTERRINGWEG'I/D OOSTERRINGWEG =N715,360462010,2021-10-01T00:00:00,597,036046201020211001,PKK0000083998,I,,POINT (180418.6026000008 530938.8486000001)
kunstoverweg_wegvak.1971,Viaduct,0,VIAD.'OOSTERRINGWEG'I/D OOSTERRINGWEG =N715,600141963,2021-10-01T00:00:00,625,060014196320211001,PKK0000083998,I,,POINT (180460.30559999868 530946.1394000016)
kunstoverweg_wegvak.1972,Viaduct,0,VIAD.'RUTTENSEWEG'I/D RUTTENSEWEG,600143296,2021-10-01T00:00:00,2296,060014329620211001,PKK0000083999,I,,POINT (179276.87079999968 535901.4770000018)
kunstoverweg_wegvak.1973,Viaduct,0,VIAD.'RUTTENSEWEG'I/D RUTTENSEWEG,358472002,2021-10-01T00:00:00,443,035847200220211001,PKK0000083999,I,,POINT (179243.31689999998 535893.0137000009)
kunstoverweg_wegvak.1974,Viaduct,0,VIAD.'HOPWEG'I/D HOPWEG,355478036,2021-10-01T00:00:00,480,035547803620211001,PKK0000084000,I,,POINT (178066.87299999967 538590.3966999985)
kunstoverweg_wegvak.1975,Viaduct,0,VIAD.'HOPWEG'I/D HOPWEG,600143296,2021-10-01T00:00:00,5273,060014329620211001,PKK0000084000,I,,POINT (178088.93659999967 538601.9266000018)
kunstoverweg_wegvak.1976,Viaduct,0,VIAD.'BRETTE HOANNE'I/D HERENWEG =N354 & N924,358485019,2021-10-01T00:00:00,48,035848501920211001,PKK0000084001,I,,POINT (179143.54800000042 543017.6477000006)
kunstoverweg_wegvak.1977,Viaduct,0,VIAD.'BRETTE HOANNE'I/D HERENWEG =N354 & N924,600142241,2021-10-01T00:00:00,1837,060014224120211001,PKK0000084001,I,,POINT (179126.4913999997 543029.3203000017)
kunstoverweg_wegvak.1978,Viaduct,0,VIAD. I/D KP.MUIDERBERG VBW. u,271361052,2022-08-01T00:00:00,273,027136105220220801,PKK0000084009,I,,POINT (135880.67419999838 480790.1004000008)
kunstoverweg_wegvak.1979,Viaduct,0,VIAD.I/D SPOORWEG AMSTERDAM-ALMERE,600128914,2021-10-01T00:00:00,87,060012891420211001,PKK0000084010,I,,POINT (137367.46829999983 481528.4721000008)
kunstoverweg_wegvak.1980,Viaduct,0,VIAD.I/D SPOORBAAN AMSTERDAM-ALMERE,600128911,2021-10-01T00:00:00,291,060012891120211001,PKK0000084013,I,,POINT (137311.22890000045 481493.2738999985)
kunstoverweg_wegvak.1981,Viaduct,0,VIAD.O/D VBW.k RW.  8,600123176,2022-06-01T00:00:00,227,060012317620220601,PKK0000084034,I,,POINT (117765.26799999923 496504.7435000017)
kunstoverweg_wegvak.1982,Viaduct,0,VIAD.O/D VBW.k RW.  8,235392053,2021-10-01T00:00:00,233,023539205320211001,PKK0000084034,I,,POINT (117764.35880000144 496484.069600001)
kunstoverweg_wegvak.1983,Viaduct,0,VIAD.IN RW. 8 ='KP.ZAANDAM',600123176,2022-06-01T00:00:00,75,060012317620220601,PKK0000084035,I,,POINT (117895.57699999958 496582.54890000075)
kunstoverweg_wegvak.1984,Viaduct,0,VIAD.IN RW. 8 ='KP.ZAANDAM',235393040,2021-10-01T00:00:00,46,023539304020211001,PKK0000084035,I,,POINT (117909.29050000012 496563.8449999988)
kunstoverweg_wegvak.1985,Viaduct,0,VIAD.I/D OOSTERDWARSWEG,243401024,2021-10-01T00:00:00,121,024340102420211001,PKK0000084036,I,,POINT (121808.96489999816 500904.82250000164)
kunstoverweg_wegvak.1986,Viaduct,0,VIAD.I/D OOSTERDWARSWEG,600124171,2021-10-01T00:00:00,95,060012417120211001,PKK0000084036,I,,POINT (121799.8396999985 500925.6103999987)
kunstoverweg_wegvak.1987,Viaduct,0,VOETG.VIAD.I/D VOLGERWEG,600124168,2022-05-01T00:00:00,914,060012416820220501,PKK0000084037,I,,POINT (124741.66459999979 504109.9257000014)
kunstoverweg_wegvak.1988,Viaduct,0,VIAD.I/D N244,250409010,2022-05-01T00:00:00,54,025040901020220501,PKK0000084039,I,,POINT (125164.82290000096 504931.01359999925)
kunstoverweg_wegvak.1989,Viaduct,0,VIAD.I/D SCHAGERWEG =N240,600126463,2022-05-01T00:00:00,574,060012646320220501,PKK0000084049,I,,POINT (130256.29820000008 539581.6081000008)
kunstoverweg_wegvak.1990,Viaduct,0,VIAD.I/D SCHAGERWEG =N240,260480044,2022-05-01T00:00:00,545,026048004420220501,PKK0000084049,I,,POINT (130243.11719999835 539581.2875000015)
kunstoverweg_wegvak.1991,Viaduct,0,FIETS-VOETG.VIAD.I/D TERPWEG,600126463,2022-05-01T00:00:00,589,060012646320220501,PKK0000084050,I,,POINT (130254.99480000138 539596.5513999984)
kunstoverweg_wegvak.1992,Viaduct,0,FIETS-VOETG.VIAD.I/D TERPWEG,260480044,2022-05-01T00:00:00,530,026048004420220501,PKK0000084050,I,,POINT (130241.81170000136 539596.2305999994)
kunstoverweg_wegvak.1993,Viaduct,0,VOETG.VIAD. (L.RIJB.),263499013,2021-10-01T00:00:00,423,026349901320211001,PKK0000084053,I,,POINT (132032.3761 549950.5998999998)
kunstoverweg_wegvak.1994,Viaduct,0,VOETG.VIAD. (L.RIJB.),600127337,2021-10-01T00:00:00,5224,060012733720211001,PKK0000084053,I,,POINT (132022.88540000096 549965.1717999987)
kunstoverweg_wegvak.1995,Viaduct,0,VOETG.VIAD.,272507004,2021-10-01T00:00:00,376,027250700420211001,PKK0000084054,I,,POINT (136274.5887000002 553582.4926999994)
kunstoverweg_wegvak.1996,Viaduct,0,VOETG.VIAD.,600128088,2021-10-01T00:00:00,365,060012808820211001,PKK0000084054,I,,POINT (136266.44150000066 553592.7901000008)
kunstoverweg_wegvak.1997,Viaduct,0,VIAD.'BREEZANDDIJK'I/D BREEZANDDIJK,600128036,2021-10-01T00:00:00,397,060012803620211001,PKK0000084055,I,,POINT (142961.18580000103 559341.6097000018)
kunstoverweg_wegvak.1998,Viaduct,0,VIAD.IN RW. 73 (L.RIJB.) ='KP.EWIJK',354259010,2021-10-01T00:00:00,48,035425901020211001,PKK0000085320,I,,POINT (177343.6649999991 429992.2600999996)
kunstoverweg_wegvak.1999,Viaduct,0,VIAD.IN RW. 73 (R.RIJB) ='KP.EWIJK',354259010,2021-10-01T00:00:00,66,035425901020211001,PKK0000085321,I,,POINT (177354.51029999927 430006.6259999983)
