X,Y,OBJECTID,GlobalID,CreationDate,Creator,EditDate,Editor,Type_,Staat_,Kleur_,Opmerking_,Historisch_
6.57507722802468,52.9927445626054,24,e7e72784-5490-4be2-904b-3b9d41dd83d8,2020/02/04 12:18:08.496+00,Handveeg,2020/02/04 12:18:08.496+00,Handveeg,Hondenpoep,Goed,,,N
6.57527874625758,52.993164575533,26,c8eb5ccb-9524-4646-8434-65709d1006f4,2020/02/04 12:22:57.123+00,Handveeg,2020/02/04 12:22:57.123+00,Handveeg,Hondenpoep,Goed,,,N
6.51373251548716,52.9995382102804,28,f793cb78-66f1-43ce-95de-827d096c9e22,2020/02/04 12:30:26.039+00,Handveeg,2020/02/24 08:49:38.600+00,B.Smeenge@assen.nl_assen,Citypol,Goed,Zwart,,N
6.57597707299193,52.988288769647,29,0c266f2e-ac59-4ae5-b6ab-b399df920ec4,2020/02/04 12:32:00.081+00,Handveeg,2020/02/04 12:32:00.081+00,Handveeg,Hondenpoep,Goed,,,N
6.5747496296859,52.9854666486288,30,1c3ee446-660e-485d-a6e0-69b9b7f80ba3,2020/02/04 12:37:48.256+00,Handveeg,2020/02/04 12:37:48.256+00,Handveeg,Hondenpoep,Goed,,,N
6.53272215813838,52.999472150207,31,cd25abc5-f8a8-4dc0-90d1-909f79e5599f,2020/02/04 12:39:07.452+00,Handveeg,2022/05/25 12:38:47.918+00,Handveeg,Capitol 60L,Goed,Appelgroen,,N
6.53309791725501,52.9996107436975,32,3dde714c-6b3f-4278-ae20-f7d1baa236e1,2020/02/04 12:41:24.219+00,Handveeg,2022/05/25 12:59:33.010+00,Handveeg,Capitol 60L,Goed,Appelgroen,,N
6.57813467846576,52.98502234934,35,2c0f9e4b-9105-4c61-9758-eefb860cb396,2020/02/04 12:43:31.226+00,Handveeg,2020/02/04 12:43:31.226+00,Handveeg,Hondenpoep,Goed,,,N
6.58127073057245,52.9854255981882,37,d837c47f-a31a-4ae1-82cc-33df115b6e6a,2020/02/04 12:49:36.142+00,Handveeg,2022/03/17 08:10:10.678+00,Handveeg,Capitol 60L Zwart,Goed,Zwart,n,N
6.54092493966023,53.0069509952979,38,4a600c9c-96c8-4c79-a934-66f1018deaeb,2020/02/04 12:50:56.613+00,Handveeg,2022/03/11 10:41:18.190+00,Handveeg,Capitol 60L Zwart,Goed,Zwart,,J
6.58230197907246,52.9861032325574,39,19e63c24-ce89-42ae-a45d-69d5cc379d4b,2020/02/04 12:55:46.358+00,Handveeg,2022/09/07 13:06:35.289+00,B.Smeenge@assen.nl_assen,Hondenpoep,Onderhoud Nodig,,moet klep op,N
6.57973150115599,52.9860785141863,42,deb8e14f-ae08-4204-b9dc-be249a764994,2020/02/04 13:00:08.731+00,Handveeg,2022/09/07 13:06:02.467+00,B.Smeenge@assen.nl_assen,Hondenpoep,Onderhoud Nodig,,moet klep op,N
6.58075490755858,52.9877931476941,43,c57dc87d-1a5d-4768-a27c-67374cfd2013,2020/02/04 13:04:36.347+00,Handveeg,2022/03/17 09:20:58.646+00,Handveeg,Capitol 60L,Goed,Appelgroen,,N
6.58229059082645,52.988455058027,44,6d7939bf-4eaf-4be0-81bc-d6f42b92c7dc,2020/02/04 13:07:36.356+00,Handveeg,2022/03/21 12:11:07.410+00,Handveeg,Capitol 60L,Goed,Appelgroen,,N
6.58162751941124,52.9890411355501,45,ebb391e3-6b0f-4546-a6f4-157e04f397c9,2020/02/04 13:09:21.044+00,Handveeg,2022/08/09 12:36:24.772+00,Handveeg,Vangmuil,Goed,Appelgroen,,N
6.58153580425286,52.9890230212274,46,80ee548b-8450-4a72-a84a-07b4a8a4a7ee,2020/02/04 13:09:55.971+00,Handveeg,2022/03/21 11:54:24.024+00,Handveeg,Capitol 60L,Goed,Appelgroen,,N
6.58527639206473,52.9865496556297,47,562a51b7-5ec6-4708-b880-832f014404ad,2020/02/04 13:12:34.089+00,Handveeg,2022/02/09 09:56:30.979+00,Handveeg,Hondenpoep,Goed,,,N
6.58601619065297,52.9874118874818,48,41da60bc-28d5-4ef6-ae24-8bea5fd860b6,2020/02/04 13:14:28.263+00,Handveeg,2022/03/15 07:49:33.476+00,Handveeg,Capitol 60L,Goed,Appelgroen,,N
6.59326564686797,52.9910413349368,50,4bf33927-bebf-4384-9305-74f7b36d2bfb,2020/02/04 13:17:48.300+00,Handveeg,2022/02/10 10:44:57.156+00,Handveeg,Capitol 60L Zwart,Goed,Zwart,,N
6.5801202239924,52.9944939124555,52,531b71f5-56bf-4e38-919b-b8601c1d74d7,2020/02/04 13:23:28.988+00,Handveeg,2022/09/07 12:56:43.256+00,B.Smeenge@assen.nl_assen,Hondenpoep,Onderhoud Nodig,,mort klep op,N
6.59103510432049,52.9967699591815,54,08acb7ba-a1ca-4905-8433-de5f2b61310e,2020/02/04 13:58:28.828+00,Handveeg,2020/02/04 13:58:28.828+00,Handveeg,Hondenpoep,Goed,Grijs,,N
6.59381639168468,52.9961079131326,55,904286d1-b30a-47b4-9d0f-fa10b307f308,2020/02/04 14:00:58.613+00,Handveeg,2020/02/04 14:00:58.613+00,Handveeg,Hondenpoep,Goed,Grijs,,N
6.58063966106314,52.9985959671326,57,de470bfe-a7c0-4bec-aa6b-893ad8f0e1b3,2020/02/04 14:05:38.774+00,Handveeg,2020/02/04 14:05:38.774+00,Handveeg,Hondenpoep,Goed,Grijs,,N
6.57920618342422,52.9965713088675,58,866f890f-b741-4804-a5ef-f541af894c2e,2020/02/04 14:09:32.193+00,Handveeg,2020/02/12 10:29:56.828+00,B.Smeenge@assen.nl_assen,Hondenpoep,Goed,Grijs,,N
6.57842793885386,52.9976377931504,59,7b1c1615-cad5-4318-af4e-e8312a1d5b56,2020/02/04 14:11:05.366+00,Handveeg,2020/02/04 14:11:05.366+00,Handveeg,Hondenpoep,Goed,Grijs,,N
6.56165344087376,52.9982489900028,60,fb19c42c-0936-44bd-9f84-f5033664ccd7,2020/02/04 14:11:54.133+00,Handveeg,2021/12/21 10:00:42.685+00,Handveeg,Capitol 60L Zwart,Goed,Zwart,,N
6.57589829984946,52.9983138283621,61,c1b4be6f-71e4-4233-bfd3-4f4bc8752bc8,2020/02/04 14:13:47.492+00,Handveeg,2020/02/04 14:13:47.492+00,Handveeg,Hondenpoep,Goed,Grijs,,N
6.56156820871962,52.9978539008603,62,b6a5e877-8598-435c-9950-74f102ee24ad,2020/02/04 14:17:15.622+00,Handveeg,2022/02/08 11:49:05.528+00,B.Smeenge@assen.nl_assen,Capitol 60L Zwart,Goed,Zwart,,N
6.56203586716497,52.997758951876,63,3b99b5ec-5f05-4bfd-8653-b51c96d9f266,2020/02/04 14:20:11.625+00,Handveeg,2021/12/21 10:03:54.411+00,Handveeg,Capitol 60L Zwart,Goed,Zwart,,N
6.56247736936416,52.9982892926496,64,2e072d11-204b-4faf-9dcb-e2536692b4d0,2020/02/04 14:22:45.272+00,Handveeg,2021/12/21 10:03:11.382+00,Handveeg,Capitol 60L Zwart,Goed,Zwart,,N
6.56240202227139,52.9986312375712,66,1a48729f-938e-45e4-a1e4-4ee9c0fa39c9,2020/02/04 14:24:24.252+00,Handveeg,2021/12/21 10:02:42.071+00,Handveeg,Capitol 60L Zwart,Goed,Zwart,,N
6.58316984980543,52.9988472307503,68,763607d4-7466-4330-8f9d-4f736ac8d6a4,2020/02/04 14:33:49.624+00,Handveeg,2022/01/26 09:52:13.216+00,Handveeg,Capitol 60L,Goed,Appelgroen,,N
6.57712885936746,53.0132897986994,71,8af13aa1-71f1-40f9-a12b-74c64d9b8519,2020/02/05 07:31:36.864+00,Handveeg,2020/02/05 07:31:36.864+00,Handveeg,Hondenpoep,Goed,Grijs,,N
6.58610624659702,53.0176000675508,73,368e23bb-da0f-4ad3-ba71-4d65589f1064,2020/02/05 07:39:43.644+00,Handveeg,2022/02/01 12:24:41.885+00,Handveeg,Capitol 60L Zwart,Goed,Zwart,,N
6.58645773615666,53.0180596963595,75,a26e0534-1a44-45c1-a648-c479aee3f12f,2020/02/05 07:44:42.573+00,Handveeg,2022/02/01 09:52:17.471+00,Handveeg,Citypol,Goed,Zwart,,N
6.58602861472079,53.0182321900454,76,c018dc61-3364-4591-a05a-da5dacb4395e,2020/02/05 07:50:06.261+00,Handveeg,2022/02/01 09:34:19.132+00,Handveeg,Capitol 60L Zwart,Goed,Zwart,,N
6.58618328026099,53.018493065126,77,3b7fb4e7-872c-4a50-9707-ec35dbf58c6f,2020/02/05 07:50:58.263+00,Handveeg,2022/01/24 12:09:33.415+00,Handveeg,Capitol 60L,Goed,Appelgroen,,N
6.51378953563425,52.9991458843119,78,00602e8b-b65a-46c2-a9a8-b41d282c287f,2020/02/05 07:51:24.954+00,Handveeg,2021/11/15 13:59:06.964+00,B.Smeenge@assen.nl_assen,Citypol,Goed,Zwart,parkeer garage,N
6.58423128399981,53.0174168247763,83,5cb81cf8-b5c0-4d1e-b37c-097cff108e9c,2020/02/05 07:59:24.685+00,Handveeg,2021/11/23 13:14:13.514+00,Handveeg,Capitol 60L Zwart,Goed,Zwart,,N
6.58932529131119,53.0121445956382,87,9d83901a-c496-4b7e-a612-c706a1213fc0,2020/02/05 08:23:04.889+00,Handveeg,2021/11/23 12:53:57.573+00,Handveeg,Capitol 60L Zwart,Goed,Zwart,,N
6.57758981774331,53.019619961361,89,49a96d25-1250-4e8d-9950-a2d95b042530,2020/02/05 09:03:40.828+00,Handveeg,2022/03/04 09:35:53.143+00,Handveeg,Capitol 60L,Goed,Appelgroen,,N
6.58255761303101,53.0192431730492,90,649bde0f-c51b-4dd1-859a-fcb22802d471,2020/02/05 09:06:09.196+00,Handveeg,2021/11/23 13:08:21.852+00,Handveeg,Capitol 60L Zwart,Goed,Zwart,,N
6.59196760072481,53.0234972364416,92,64da64c6-c8aa-450b-a77f-6f08fb603bbe,2020/02/05 09:12:12.658+00,Handveeg,2022/03/03 13:22:20.570+00,Handveeg,Capitol 60L,Goed,Appelgroen,,N
6.59183329021098,53.0245672715983,93,982be05d-10ad-42f5-9459-a78a35fa1a36,2020/02/05 09:15:52.746+00,Handveeg,2022/03/04 09:14:20.487+00,Handveeg,Capitol 60L,Goed,Appelgroen,,N
6.59226498406102,53.0243182102546,94,0248a478-c33e-4b0b-8e2b-614fd9b22c60,2020/02/05 09:17:47.159+00,Handveeg,2021/11/23 12:33:37.885+00,Handveeg,Capitol 60L Zwart,Goed,Zwart,,N
6.59601130464718,53.0229140057501,95,a58655b8-0291-489f-aa99-9c03aa0837d9,2020/02/05 09:19:50.618+00,Handveeg,2021/11/23 12:38:29.847+00,Handveeg,Capitol 60L Zwart,Goed,Zwart,,N
6.53104628326174,53.0008371717159,96,be4c939b-c84d-4258-aabf-82a23e958e11,2020/02/05 09:20:43.556+00,Handveeg,2022/03/10 12:08:01.611+00,Handveeg,Capitol 60L Zwart,Goed,Zwart,,N
6.5954964361404,53.0202369595512,98,fe4be50e-48c1-4c30-8ef0-e77a8f254031,2020/02/05 09:24:14.580+00,Handveeg,2021/11/23 12:42:07.237+00,Handveeg,Capitol 60L Zwart,Goed,Zwart,,N
6.523573035671,53.002759507928,99,633ef7a7-1977-43fa-8d1b-ad781a30d8ca,2020/02/05 09:25:19.358+00,Handveeg,2022/07/26 13:24:31.050+00,Handveeg,Vangmuil,Goed,Appelgroen,,N
6.5923940989168,53.016201465707,100,a68ea26c-fc65-4a6e-b191-73809e6c5159,2020/02/05 09:26:49.899+00,Handveeg,2021/11/23 12:47:17.669+00,Handveeg,Capitol 60L Zwart,Goed,Zwart,,N
6.52353220323842,53.0032137579395,101,d4b6865e-1efd-40d5-b4e2-b5f6efcb3093,2020/02/05 09:29:37.799+00,Handveeg,2020/02/24 08:46:25.311+00,B.Smeenge@assen.nl_assen,Citypol,Goed,Zwart,,N
6.5145522149771,53.0001283616718,102,e894c3c6-2363-4de6-b66b-e55bf810ea1c,2020/02/05 09:31:33.426+00,Handveeg,2022/02/09 09:52:01.996+00,B.Smeenge@assen.nl_assen,Citypol,Goed,Zwart,,N
6.51456214841318,53.0001963283707,103,7cdc94ae-e061-44a4-a257-0549548f3d5e,2020/02/05 09:33:31.613+00,Handveeg,2022/02/09 09:50:54.179+00,B.Smeenge@assen.nl_assen,Citypol,Goed,Zwart,,N
6.51307464599863,52.9979401595217,104,67ae8c42-fc85-4cda-8259-043198e25071,2020/02/05 09:36:39.690+00,Handveeg,2020/02/24 08:47:21.210+00,B.Smeenge@assen.nl_assen,Citypol,Goed,Zwart,,N
6.55794505931796,52.9961314959336,108,9bd02727-8f7b-4349-b0b2-bf1b72ea9bff,2020/02/05 09:39:25.880+00,Handveeg,2022/02/08 12:02:57.229+00,B.Smeenge@assen.nl_assen,Capitol 60L Zwart,Goed,Zwart,,N
6.55785293154784,52.9971988070095,112,37a94eea-03dd-4a65-9f62-d242d015a134,2020/02/05 09:43:27.523+00,Handveeg,2022/02/08 11:47:17.266+00,B.Smeenge@assen.nl_assen,Capitol 60L Zwart,Goed,Zwart,,N
6.57572968383851,53.015083338796,114,d29bd4ce-6e50-423d-9e41-aad554155a0a,2020/02/05 09:53:08.246+00,Handveeg,2022/03/04 10:23:05.801+00,Handveeg,Capitol 60L,Goed,Appelgroen,,N
6.57294884552027,53.0179357376402,116,922dfdc4-2b63-4fed-83d5-5a0270d4e614,2020/02/05 09:57:02.156+00,Handveeg,2022/02/15 13:08:35.706+00,B.Smeenge@assen.nl_assen,Capitol 60L Zwart,Goed,Zwart,,N
6.57275033131261,53.0180023244541,127,17920bda-71ec-4794-8a60-571826a2f617,2020/02/05 10:02:46.311+00,Handveeg,2022/09/23 09:45:45.400+00,Handveeg,Capitol 60L Zwart,Goed,Zwart,,N
6.57415899377106,53.022425815642,132,51b8071a-9c03-401f-85e3-33dcaa1387d0,2020/02/05 10:12:37.100+00,Handveeg,2022/03/04 12:54:47.193+00,Handveeg,Capitol 60L,Goed,Appelgroen,,N
6.53438729135905,52.9809624233764,133,fbb24b66-50da-4d78-bab8-fd502c39355c,2020/02/05 10:13:30.258+00,Handveeg,2022/03/16 09:37:53.713+00,Handveeg,Capitol 60L,Goed,Appelgroen,,N
6.56021887129422,52.9988311561825,135,26ba1c1d-cabf-4def-af3a-87d91ce99006,2020/02/05 10:14:17.932+00,Handveeg,2020/03/11 11:14:19.311+00,B.Smeenge@assen.nl_assen,Hondenpoep,Goed,Grijs,,N
6.57996710984716,53.0231543639267,136,cfb82431-01f1-4451-9cba-8749de971d19,2020/02/05 10:16:36.056+00,Handveeg,2022/03/04 12:35:30.804+00,Handveeg,Capitol 60L,Goed,Appelgroen,,N
6.56006654728434,52.9979793615024,137,be9af804-ae4c-4bec-88d3-ed2cdcbac041,2020/02/05 10:17:24.340+00,Handveeg,2020/02/24 08:20:08.449+00,B.Smeenge@assen.nl_assen,Citypol,Goed,Zwart,,N
6.57182236809337,53.0262177331046,142,e2c4781c-d5aa-4728-b431-94701aae8f5e,2020/02/05 10:29:31.649+00,Handveeg,2022/02/08 07:46:34.136+00,Handveeg,Capitol 60L Zwart,Goed,Zwart,,N
6.57211849652671,53.0298895966973,145,f5642686-609f-47b6-a011-f6c4078f57ca,2020/02/05 10:33:09.857+00,Handveeg,2022/03/09 14:20:33.044+00,Handveeg,Vangmuil,Goed,Appelgroen,,N
6.57211255265142,53.0297652293921,146,1f3f21a5-3605-443e-95c5-d016df969f82,2020/02/05 10:33:49.930+00,Handveeg,2022/03/10 07:17:59.945+00,Handveeg,Capitol 60L,Goed,Appelgroen,,N
6.57290017755106,53.0456473009853,150,47bde1e5-e5e4-4116-bb8b-ec1922aa6f3e,2020/02/05 10:41:39.592+00,Handveeg,2022/02/08 07:21:04.524+00,Handveeg,Capitol 60L Zwart,Goed,Zwart,,N
6.5723112465839,53.0445296525283,151,9de4505d-6556-4d1a-8520-ccc1cd3bb8a5,2020/02/05 10:43:09.472+00,Handveeg,2022/02/08 07:26:07.402+00,Handveeg,Capitol 60L Zwart,Goed,Zwart,,N
6.57145430855854,53.0253174033698,152,5003eb3b-0d9c-426e-9b02-0a3eefcbe159,2020/02/05 10:49:56.822+00,Handveeg,2022/02/08 08:00:05.766+00,Handveeg,Capitol 60L Zwart,Goed,Zwart,,N
6.57168400007009,53.0208745499626,153,aa8cbd29-9c75-4f7f-9e3d-4135f2a80d3b,2020/02/05 10:52:01.786+00,Handveeg,2022/03/10 11:51:54.639+00,Handveeg,Vangmuil,Goed,Appelgroen,,N
6.56296775338955,52.9976529793914,155,723eaf85-8135-4a96-aa0f-f3c5593e259e,2020/02/05 12:05:06.877+00,Handveeg,2021/12/21 10:04:32.635+00,Handveeg,Capitol 60L Zwart,Goed,Zwart,,N
6.56254759426319,52.996862457323,156,5e6f59c3-ad87-4392-a1b4-5718d86ecec2,2020/02/05 12:52:50.700+00,Handveeg,2021/12/21 10:05:13.135+00,Handveeg,Capitol 60L Zwart,Goed,Zwart,,N
6.52912776161395,53.0375760084416,157,058e68e9-b602-44d3-b1b0-03e463967661,2020/02/06 07:42:41.746+00,Handveeg,2022/03/21 13:33:44.002+00,Handveeg,Capitol 60L,Goed,Appelgroen,,N
6.59909737680761,53.0417476379657,159,e76180fb-8afe-4ec1-b27e-2de3ea28b58e,2020/02/06 10:15:55.983+00,Handveeg,2022/04/21 12:49:28.147+00,Handveeg,Capitol 60L,Goed,Appelgroen,Afwerkplek ledigen vaak Mac Donalds afval of afval van de gemeente Tynaarlo.,N
6.58308624502556,52.9975223708563,162,ec84ff13-cf2c-4b95-a001-1c762a2e3e80,2020/02/06 11:55:05.395+00,Handveeg,2022/05/18 09:29:59.102+00,Handveeg,Vangmuil,Goed,Appelgroen,,N
6.5780506047896,53.0010295277438,163,86285aa6-8196-49a7-b6aa-7de6f76c82f7,2020/02/06 11:57:20.895+00,Handveeg,2020/02/11 12:27:10.274+00,Handveeg,Vangmuil,Goed,Groen,,N
6.58608763209793,52.9974947844304,164,2432d8b3-be4d-40a2-af98-9836a17ecbb1,2020/02/06 12:10:48.850+00,Handveeg,2022/05/18 08:05:39.656+00,Handveeg,Capitol 60L,Goed,Appelgroen,,N
6.56949961402615,53.0177501798962,171,d92e3ebc-7fdb-45ac-8ac2-830f4ef11e79,2020/02/07 06:49:29.946+00,Handveeg,2022/02/21 13:21:30.660+00,Handveeg,Capitol 60L Zwart,Goed,Zwart,,N
6.56645025350332,53.0167326129437,172,2aed0e33-b718-4de3-82cb-39dde3791118,2020/02/07 06:51:53.286+00,Handveeg,2022/03/07 09:49:14.549+00,Handveeg,Capitol 60L,Goed,Appelgroen,,N
6.56236349442717,53.0158191807734,174,f216f7b7-9b41-43dc-b9bb-b9dd76a9adee,2020/02/07 06:55:15.966+00,Handveeg,2022/02/21 13:16:14.388+00,Handveeg,Capitol 60L Zwart,Goed,Zwart,,N
6.56181206814426,53.0159727140264,175,de513e60-605d-4090-a055-8ef254d6b816,2020/02/07 06:56:34.674+00,Handveeg,2022/02/21 13:14:40.850+00,Handveeg,Capitol 60L Zwart,Goed,Zwart,,N
6.56097923123564,53.0159913791227,176,b4a567aa-4d18-4e0c-b941-8145d78cb2d1,2020/02/07 06:59:20.357+00,Handveeg,2022/02/21 13:02:29.637+00,Handveeg,Capitol 60L,Goed,Appelgroen,,N
6.56114269067635,53.0160651416388,177,32a27b0d-5219-4beb-83b3-9486dc76a1f0,2020/02/07 06:59:57.119+00,Handveeg,2022/02/21 13:04:08.127+00,Handveeg,Capitol 60L,Goed,Appelgroen,,N
6.56051160935536,53.0163357217226,178,183888d5-9c5b-4cb7-907c-9f32987cf32e,2020/02/07 07:02:48.570+00,Handveeg,2022/02/21 13:07:10.111+00,Handveeg,Capitol 60L Zwart,Goed,Zwart,,N
6.56101328381421,53.0165491248297,179,49acc47b-bb1c-4c60-bb13-33e9adaec5df,2020/02/07 07:04:19.571+00,Handveeg,2022/02/21 13:08:02.297+00,Handveeg,Capitol 60L Zwart,Goed,Zwart,,N
6.56142270799932,53.0164989707121,181,db3528d6-2793-467a-bfb9-cdc22bca358e,2020/02/07 07:07:00.070+00,Handveeg,2022/02/21 13:08:53.342+00,Handveeg,Capitol 60L Zwart,Goed,Zwart,,N
6.56235439584506,53.0167109867172,182,fb2a066a-6e1b-49b4-b9f7-e35db7240dd2,2020/02/07 07:09:29.145+00,Handveeg,2022/02/21 13:09:58.154+00,Handveeg,Capitol 60L,Goed,Appelgroen,,N
6.562944272883,53.0171468395539,183,8f3deefc-72ac-49f1-a3c1-2362ea0b57aa,2020/02/07 07:12:31.163+00,Handveeg,2022/03/07 10:13:38.055+00,Handveeg,Capitol 60L,Goed,Appelgroen,,N
6.55334259001917,53.0157906994657,185,52a71157-4271-43de-aec8-f69652d5f138,2020/02/07 07:18:19.478+00,Handveeg,2022/03/07 10:41:40.360+00,Handveeg,Capitol 60L,Goed,Appelgroen,,N
6.55202808579956,53.0152635889917,186,1d162fcc-8e28-4fa8-8c24-a6b6bf3d6bc0,2020/02/07 07:20:29.493+00,Handveeg,2022/02/07 12:26:52.474+00,Handveeg,Capitol 60L,Goed,Appelgroen,,N
6.55519837257397,53.0120108125284,188,7400d536-31ab-4ce2-a937-3ce6a9cb8eaa,2020/02/07 07:24:36.997+00,Handveeg,2022/03/10 12:02:05.101+00,Handveeg,Capitol 60L Zwart,Goed,Zwart,,N
6.55498575676285,53.014240297948,190,b7e9091c-0ee6-4740-9f20-8fb21daac30c,2020/02/07 07:42:24.650+00,Handveeg,2022/02/21 12:55:33.853+00,Handveeg,Capitol 60L Zwart,Goed,Zwart,,N
6.55497620138316,53.014389706472,191,35653808-252a-41a7-bb2c-d442aca62fb4,2020/02/07 07:42:55.151+00,Handveeg,2022/02/21 12:56:16.009+00,Handveeg,Capitol 60L Zwart,Goed,Zwart,,N
6.56075914447332,53.011418384362,194,841650e5-38a1-4f19-8b01-649cec8cad86,2020/02/07 08:02:42.216+00,Handveeg,2022/05/09 09:05:10.113+00,Handveeg,Capitol 60L,Goed,Appelgroen,,N
6.53772176205443,53.004330601318,195,e8dc6a2b-34dd-4cc9-ae6b-5d473e60af24,2020/02/07 09:04:48.367+00,Handveeg,2021/11/23 10:19:57.713+00,Handveeg,Capitol 60L Zwart,Goed,Zwart,,N
6.54029262420559,53.0080773258314,200,d6bf92d0-e524-41b0-91c7-0deae5349e1f,2020/02/07 09:19:06.286+00,Handveeg,2022/03/09 13:12:22.809+00,Handveeg,Capitol 60L,Goed,Appelgroen,,N
6.54816623061765,53.0095635468022,201,59593c73-53e2-4ad4-9d8e-36f85e2e9365,2020/02/07 09:24:05.487+00,Handveeg,2022/03/07 13:57:31.911+00,Handveeg,Capitol 60L,Goed,Appelgroen,,N
6.55010698008684,53.0125004495925,202,68b2e385-efb8-44ee-b68c-f54a50253823,2020/02/07 09:28:19.190+00,Handveeg,2022/03/10 10:17:05.228+00,Handveeg,Capitol 60L,Goed,Appelgroen,,N
6.55062782684523,53.0124989199961,203,5f859af6-a54a-4fe2-8bb6-7c3af0a43a7d,2020/02/07 09:29:26.778+00,Handveeg,2022/03/10 09:52:10.940+00,Handveeg,Capitol 60L,Goed,Appelgroen,word geleegd door LTC,N
6.55040516191673,53.0128217115571,204,32bc1742-f17e-4ca8-8ab9-8bbe0e310306,2020/02/07 09:30:21.735+00,Handveeg,2022/03/10 09:32:50.206+00,Handveeg,Capitol 60L,Goed,Appelgroen,,N
6.54852517588917,53.0125518966048,205,aa763200-74e3-4c01-9997-9ee1e36da5a1,2020/02/07 09:32:22.472+00,Handveeg,2022/03/08 09:43:41.868+00,Handveeg,Capitol 60L,Goed,Appelgroen,,N
6.5491401497145,53.0118679240061,206,37a48df6-d953-49d3-8603-3082f799897c,2020/02/07 09:34:10.441+00,Handveeg,2022/03/07 13:13:33.232+00,Handveeg,Capitol 60L,Goed,Appelgroen,,N
6.54446373420321,53.0088067435651,207,72f9832c-25c0-4121-a918-f4cd59408353,2020/02/07 09:36:58.578+00,Handveeg,2022/03/09 07:51:20.113+00,Handveeg,Capitol 60L,Goed,Appelgroen,,N
6.5461262416812,53.0105084596157,208,89239e3b-1ffc-4921-ab71-f995ea6d0329,2020/02/07 09:39:39.824+00,Handveeg,2022/03/08 09:24:18.601+00,Handveeg,Capitol 60L,Goed,Appelgroen,,N
6.54777800825763,53.0113337435934,210,c7e6d28b-6ca3-4e42-8491-becb933400c4,2020/02/07 09:42:18.797+00,Handveeg,2022/03/08 10:03:35.598+00,Handveeg,Capitol 60L,Goed,Appelgroen,,N
6.54714681440392,53.0138226504831,211,b44545b8-ea07-4cfc-aacc-205ab8e8f657,2020/02/07 09:44:22.325+00,Handveeg,2022/03/07 13:35:54.125+00,Handveeg,Capitol 60L,Goed,Appelgroen,,N
6.54518854619442,53.0139390326285,212,b6da7d7d-871a-4b14-bd7c-e96f0dc14d88,2020/02/07 09:46:44.392+00,Handveeg,2022/03/08 13:06:31.803+00,Handveeg,Capitol 60L,Goed,Appelgroen,,N
6.54609042836399,53.0120273095085,213,752c95dc-c03a-4747-abfd-d8b39a9ba22b,2020/02/07 09:48:35.972+00,Handveeg,2022/03/08 13:36:09.970+00,Handveeg,Capitol 60L,Goed,Appelgroen,,N
6.54672339013364,53.0111886841181,214,627d09b2-bbf1-42be-849d-1677dfa4422d,2020/02/07 09:49:40.033+00,Handveeg,2022/03/08 10:26:26.772+00,Handveeg,Capitol 60L,Goed,Appelgroen,,N
6.54932319868586,53.0084166029104,216,a87f1bbd-8ec9-4284-82e1-a71a5364e8ec,2020/02/07 10:00:55.919+00,Handveeg,2022/04/13 06:31:17.266+00,Handveeg,Capitol 60L Zwart,Goed,Zwart,,N
6.54797426324992,53.0076330832288,217,06675120-c638-49ae-a3c9-d070ab8f605e,2020/02/07 10:07:38.726+00,Handveeg,2022/04/13 06:38:01.227+00,Handveeg,Capitol 60L Zwart,Goed,Zwart,,N
6.54092723423813,53.007003763117,218,7111d891-d49e-46fc-9112-058a80675386,2020/02/07 10:11:36.213+00,Handveeg,2022/04/19 12:04:23.599+00,Handveeg,Capitol 60L Zwart,Goed,Zwart,,N
6.54034973749755,53.0063953064199,219,87d1cb7a-4b6a-4b78-a771-e0cdb380ae11,2020/02/07 10:13:23.799+00,Handveeg,2022/03/11 10:32:31.440+00,Handveeg,Capitol 60L,Goed,Appelgroen,,N
6.54083945247193,53.006307373663,220,444887a2-04a3-4b2b-8529-b410e8ca1589,2020/02/07 10:14:52.858+00,Handveeg,2022/03/10 12:32:41.706+00,Handveeg,Capitol 60L,Goed,Appelgroen,,N
6.53878003685332,53.001927159407,221,719bc69c-293f-410e-bd0e-d1d85c10a0a9,2020/02/07 10:20:30.276+00,Handveeg,2022/03/16 14:03:28.865+00,Handveeg,Capitol 60L Zwart,Goed,Zwart,,N
6.53959150827934,52.9983675112218,225,0f5610b4-0c47-453f-9b39-11eab15fde13,2020/02/07 10:39:25.702+00,Handveeg,2022/04/08 12:09:48.316+00,Handveeg,Capitol 60L,Goed,Appelgroen,,N
6.5413769242999,52.9994544973676,226,ddac5dd5-e6e0-474b-98c6-3d250330c178,2020/02/07 10:41:38.455+00,Handveeg,2022/04/08 09:42:29.352+00,Handveeg,Capitol 60L,Goed,Appelgroen,,N
6.54302283992871,53.0000615152968,227,9a477bc6-a8e8-4f26-8b79-42272f641579,2020/02/07 10:43:32.341+00,Handveeg,2022/04/08 11:42:14.253+00,Handveeg,Capitol 60L,Goed,Appelgroen,,N
6.54345507183695,52.9998827518597,228,09dc92e2-5126-4dfc-a542-042fd5073118,2020/02/07 10:44:15.858+00,Handveeg,2022/04/08 11:40:34.548+00,Handveeg,Capitol 60L,Goed,Appelgroen,,N
6.54436213420899,52.9995941816686,229,ceb66c75-82b3-4f39-9d04-6082d6422044,2020/02/07 10:45:06.610+00,Handveeg,2022/04/08 11:09:33.063+00,Handveeg,Capitol 60L,Goed,Appelgroen,,N
6.56512962409127,52.9944606416189,230,0c7a8927-3ff1-40a8-bd3f-56cd6978d289,2020/02/11 06:59:47.570+00,Handveeg,2022/11/18 13:27:27.163+00,Handveeg,Citypol,Goed,Zwart,,N
6.56503349795981,52.9944093824032,231,340f5574-e11d-4bec-9037-4595ec425731,2020/02/11 07:01:03.525+00,Handveeg,2022/11/18 13:26:37.265+00,Handveeg,Citypol,Goed,Zwart,,N
6.56435215448509,52.9947882026397,232,63e9af30-72e8-4b37-a563-e061d4e7d79d,2020/02/11 07:04:01.679+00,Handveeg,2020/02/11 11:26:49.725+00,Handveeg,Citypol,Goed,Zwart,,N
6.56349848529633,52.9956475837447,233,a84c3611-5870-4e56-926e-96975fdf08e6,2020/02/11 07:05:44.552+00,Handveeg,2022/11/22 09:12:43.963+00,Handveeg,Citypol,Goed,Zwart,,N
6.56368706153979,52.995684078609,234,e847c681-4cea-4002-95a3-9d6533e06025,2020/02/11 07:08:10.006+00,Handveeg,2022/11/22 09:12:13.778+00,Handveeg,Citypol,Goed,Zwart,,N
6.5414131542542,52.9855238342388,236,6dcd7d84-570d-45b7-a2e5-78e78046b757,2020/02/11 11:50:55.298+00,Handveeg,2022/02/16 08:01:21.075+00,Handveeg,Capitol 60L Zwart,Goed,Zwart,,N
6.56445492004264,52.9903652587196,237,9189250a-0bb3-4d98-b531-04afa751ed8e,2020/02/11 11:53:31.698+00,Handveeg,2022/03/11 09:56:04.371+00,Handveeg,Capitol 60L,Goed,Appelgroen,,N
6.54018576721691,52.9846694490925,238,9e951dbb-3347-4698-b2c4-a1f4542ece42,2020/02/11 11:55:43.636+00,Handveeg,2022/02/16 07:58:01.271+00,Handveeg,Capitol 60L Zwart,Goed,Zwart,,N
6.56769027512204,52.9895147175716,239,a20965ea-70ff-41b6-b80d-58b561337d86,2020/02/11 11:55:52.349+00,Handveeg,2022/03/11 10:21:53.871+00,Handveeg,Capitol 60L,Goed,Appelgroen,,N
6.5679917007979,52.9894648517605,240,c183602a-0c6b-4211-99f3-b4ae47b5e6d1,2020/02/11 11:56:56.728+00,Handveeg,2022/04/19 12:42:20.380+00,Handveeg,Hondenpoep,Goed,Grijs,,N
6.56627282527996,52.9901781931434,242,98782f8d-8fe1-4e96-84a4-a59ccd261d12,2020/02/11 11:59:11.234+00,Handveeg,2020/02/11 11:59:11.234+00,Handveeg,Hondenpoep,Goed,Grijs,,N
6.56575837314028,52.9915429125296,243,bba7091f-efcb-484e-90ad-cfe4da9f50a8,2020/02/11 12:02:05.241+00,Handveeg,2022/06/09 12:13:39.673+00,Handveeg,Capitol 60L,Goed,Appelgroen,,N
6.56527258161459,52.992105104798,244,eeda4285-82e1-4b72-9ddd-b4b28edca17d,2020/02/11 12:04:01.261+00,Handveeg,2022/02/08 12:00:18.630+00,B.Smeenge@assen.nl_assen,Capitol 60L Zwart,Goed,Zwart,,N
6.53617676170581,52.983504996138,245,c6419a71-c5e6-48a6-b7ea-c4f65243a7f8,2020/02/11 12:04:29.334+00,Handveeg,2022/07/26 11:03:53.528+00,Handveeg,Vangmuil,Goed,Appelgroen,,N
6.56569189497534,52.9935274299624,246,e25b3441-8eb6-4c5a-a9d8-1f8b32814aa2,2020/02/11 12:06:45.118+00,Handveeg,2020/02/11 12:06:45.118+00,Handveeg,Citypol,Goed,Zwart,,N
6.56567306168552,52.9937439339804,247,b52875c0-8e07-46d4-aba5-3f7aad75dc30,2020/02/11 12:08:14.655+00,Handveeg,2022/11/23 09:33:19.414+00,Handveeg,Citypol,Goed,Zwart,,N
6.56566950670113,52.9941146761968,248,59b5a26f-a04d-4413-bdd0-0a18f278e7bf,2020/02/11 12:09:40.545+00,Handveeg,2022/11/23 09:42:02.581+00,Handveeg,Citypol,Goed,Zwart,,N
6.56719554922285,52.9951749049033,249,7c56496e-fa81-4d92-a548-da5fd8693d6a,2020/02/11 12:11:47.161+00,Handveeg,2022/02/15 10:27:19.492+00,B.Smeenge@assen.nl_assen,Capitol 60L Zwart,Goed,Zwart,,N
6.53410247609228,52.9841850763941,250,80b28e4f-d27e-4cab-97cf-af2be076ebfa,2020/02/11 12:13:13.605+00,Handveeg,2022/04/19 11:33:01.529+00,Handveeg,Hondenpoep,Goed,Grijs,,N
6.56757058451756,52.9962759648864,251,aa0263d8-01a0-47f9-8619-48ee2db7ab32,2020/02/11 12:13:25.275+00,Handveeg,2022/02/08 12:05:16.350+00,B.Smeenge@assen.nl_assen,Capitol 60L Zwart,Goed,Zwart,,N
6.53319317399072,52.9846388562092,252,ff7445e0-1ee0-4d4c-8f2d-bceee23ee1e4,2020/02/11 12:15:18.624+00,Handveeg,2022/03/16 10:22:00.881+00,Handveeg,Capitol 60L,Goed,Appelgroen,,N
6.56761668115696,52.9967594783003,253,e6c5a8b8-331c-4915-ac55-96eb37412e14,2020/02/11 12:15:47.358+00,Handveeg,2020/02/11 12:15:47.358+00,Handveeg,Citypol,Goed,Zwart,,N
6.56796288797615,52.9972209243596,254,1757adfa-20c6-4b15-a191-6289eaee15f9,2020/02/11 12:16:50.195+00,Handveeg,2020/02/11 12:16:50.195+00,Handveeg,Hondenpoep,Goed,Grijs,,N
6.568747470561,52.9970930894924,256,74a966f0-0194-4941-b75b-bc0fc0eb6c21,2020/02/11 12:19:06.167+00,Handveeg,2021/09/01 08:03:30.195+00,Handveeg,Citypol,Goed,Zwart,,N
6.53301765985161,52.9841676813052,257,9ba631c1-b7c9-4307-bda1-22c6c7b19056,2020/02/11 12:19:07.967+00,Handveeg,2022/03/16 12:18:50.404+00,Handveeg,Capitol 60L,Goed,Appelgroen,,N
6.56945929079297,52.9984950245341,258,8506cf36-2d5a-459a-8ba8-e3c31fc57269,2020/02/11 12:21:59.692+00,Handveeg,2020/02/11 12:22:43.799+00,Handveeg,Hondenpoep,Goed,Grijs,,N
6.57075184977189,52.9992253180399,260,46347623-d8f4-4aa3-978d-5b9aad3e8f6c,2020/02/11 12:24:26.683+00,Handveeg,2020/02/11 12:25:02.427+00,Handveeg,Vangmuil,Goed,Zwart,,N
6.53272207531869,52.984435380773,261,bb8b7d44-10b3-400c-86e2-d5bc00c7c0f2,2020/02/11 12:25:26.557+00,Handveeg,2022/03/16 10:29:26.615+00,Handveeg,Capitol 60L,Goed,Appelgroen,,N
6.56715355570991,52.9977694163504,262,a8b72655-3825-4f64-a4fd-4c42d056c26f,2020/02/11 12:29:34.501+00,Handveeg,2022/02/08 11:56:37.548+00,B.Smeenge@assen.nl_assen,Capitol 60L Zwart,Goed,Zwart,,N
6.56570863049121,52.9973257398081,265,3ef43f5e-d452-49b7-8f3f-501eb6351c3e,2020/02/11 12:33:28.306+00,Handveeg,2020/02/11 12:33:28.306+00,Handveeg,Citypol,Goed,,,N
6.56528707154623,52.9982043817201,266,f33062fa-34c1-415b-8d43-87a695d0b81b,2020/02/11 12:36:23.856+00,Handveeg,2022/11/22 08:11:45.964+00,Handveeg,Citypol,Goed,Zwart,,N
6.56434933418124,52.997200782687,267,e2b74238-e97e-4faa-b14f-45fffd4f9368,2020/02/11 12:37:37.120+00,Handveeg,2022/11/22 08:13:24.405+00,Handveeg,Citypol,Goed,Zwart,,N
6.52993757693118,52.9828276797862,268,5010ceb8-696b-4d8d-993d-3e1eb7277a4f,2020/02/11 12:38:33.227+00,Handveeg,2022/07/26 11:59:05.056+00,Handveeg,Vangmuil,Goed,Appelgroen,,N
6.56381539359198,52.996739144714,269,0a69531c-2c59-4127-9e86-eb1f387f5b6a,2020/02/11 12:40:38.219+00,Handveeg,2022/11/22 08:15:14.718+00,Handveeg,Citypol,Goed,Zwart,,N
6.56359848923647,52.9966907015635,270,5726ec90-5f79-4164-9673-f75bcc4c90c6,2020/02/11 12:41:34.135+00,Handveeg,2022/11/22 08:17:18.331+00,Handveeg,Citypol,Goed,Zwart,,N
6.52029887202353,52.9826018696596,271,d69b45c9-5940-460b-91c9-480422285f7b,2020/02/11 12:42:26.214+00,Handveeg,2020/02/11 12:42:26.214+00,Handveeg,Capitol 60L,Goed,Appelgroen,,N
6.56477370572571,52.9959837411684,272,0ace8669-cd51-4b47-9981-a79135a2ac57,2020/02/11 12:44:16.685+00,Handveeg,2022/11/23 12:00:15.293+00,Handveeg,Citypol,Goed,Zwart,,N
6.56487990713469,52.9960514967743,273,71f96b2d-380a-4563-b24b-b7e7578027da,2020/02/11 12:45:27.237+00,Handveeg,2022/11/23 12:17:57.560+00,Handveeg,Citypol,Goed,Zwart,,N
6.56537811500691,52.9959486104226,275,7f542ca1-0810-470a-a4e5-22874defd699,2020/02/11 12:47:45.885+00,Handveeg,2022/11/23 12:34:42.754+00,Handveeg,Citypol,Goed,Zwart,,N
6.56646110799892,52.9958806332078,277,c0de270e-d736-4596-b021-e5fd93b1c721,2020/02/11 12:49:52.476+00,Handveeg,2022/11/23 13:02:12.796+00,Handveeg,Citypol,Goed,Zwart,,N
6.52313607293594,52.9861763029316,278,2f81966f-9833-49d8-a9ce-907464a91622,2020/02/11 12:50:10.344+00,Handveeg,2020/02/11 12:50:10.344+00,Handveeg,Capitol 60L,Goed,Appelgroen,,N
6.51402475716291,52.9877998642098,279,17cabdb4-a542-4922-8a1f-5a0ec8202420,2020/02/11 12:53:52.150+00,Handveeg,2020/02/11 12:53:52.150+00,Handveeg,Capitol 60L,Goed,Appelgroen,,N
6.51070906295529,52.9877173909297,280,ea6e317d-3010-4c98-8dfa-dfb26f0761f2,2020/02/11 12:55:56.135+00,Handveeg,2020/02/11 12:55:56.135+00,Handveeg,Capitol 60L,Goed,Appelgroen,,N
6.51407615725685,52.9881805876374,281,2d77ec35-87ed-4a7c-8782-8b9817ac372a,2020/02/11 12:58:16.395+00,Handveeg,2020/02/11 12:58:16.395+00,Handveeg,Capitol 60L,Goed,Appelgroen,,N
6.51681438796391,52.9914539101546,283,05ca1900-5218-4934-af21-ab351179c6fa,2020/02/11 13:02:30.097+00,Handveeg,2022/03/23 09:39:34.938+00,Handveeg,Capitol 60L,Goed,Appelgroen,,N
6.51338694491756,52.9871451597511,284,b3ebd8a5-635a-44a4-b004-f68101ef196e,2020/02/11 13:09:15.056+00,Handveeg,2020/02/11 13:09:15.056+00,Handveeg,Capitol 60L,Goed,Appelgroen,,N
6.51332747892274,52.987295758322,285,37b8dd20-cd5f-4c22-afef-907a7b7ecd51,2020/02/11 13:10:41.026+00,Handveeg,2021/11/15 13:48:16.717+00,B.Smeenge@assen.nl_assen,Capitol 100L,Goed,Appelgroen,,N
6.51305653669865,52.9868096269695,286,77ea16b8-ab39-40aa-aa0c-381df5abc603,2020/02/11 13:11:29.152+00,Handveeg,2021/11/15 13:44:07.157+00,B.Smeenge@assen.nl_assen,Capitol 100L,Goed,Appelgroen,,N
6.51349465771691,52.98687252499,287,90ef21c1-cb81-4918-85d3-8e62002e98d3,2020/02/11 13:12:04.996+00,Handveeg,2021/11/15 13:44:33.764+00,B.Smeenge@assen.nl_assen,Capitol 100L,Goed,Appelgroen,,N
6.51364189872418,52.9869155466507,288,0530bcca-7f2b-448f-8f1d-996ab48532b8,2020/02/11 13:13:09.247+00,Handveeg,2021/11/15 13:44:19.139+00,B.Smeenge@assen.nl_assen,Capitol 100L,Goed,Appelgroen,,N
6.56515525905363,52.99552606207,289,cb20753c-e3f3-4e01-938e-f300d7266f9f,2020/02/11 14:02:16.781+00,Handveeg,2020/02/11 14:02:16.781+00,Handveeg,Citypol,Goed,Zwart,,N
6.56544349370015,52.9953743061985,290,ed526b46-3258-4633-8cea-28f5525a04e6,2020/02/11 14:03:51.791+00,Handveeg,2020/02/11 14:03:51.791+00,Handveeg,Hondenpoep,Goed,Grijs,,N
6.56562626250493,52.9953739666553,291,198c97a7-6e02-4a81-b5c1-846586dec487,2020/02/11 14:04:36.863+00,Handveeg,2022/11/22 11:57:57.110+00,Handveeg,Citypol,Goed,Zwart,,N
6.56534072232534,52.9950962002705,292,a01204ff-bcdc-4c01-b186-52ce9752d588,2020/02/11 14:06:47.725+00,Handveeg,2022/11/17 11:49:17.054+00,Handveeg,Citypol,Goed,Zwart,,N
6.56654623267203,52.9963696236129,293,02bad789-e6df-414f-8406-020a1b051251,2020/02/11 14:09:20.971+00,Handveeg,2022/11/23 10:21:39.638+00,Handveeg,Citypol,Goed,Zwart,,N
6.55648453994331,52.9902809981644,294,58345bd6-ab98-434e-b935-31f4aae9b275,2020/02/11 14:11:15.112+00,Handveeg,2022/04/19 09:40:38.944+00,Handveeg,Capitol 60L,Goed,Appelgroen,,N
6.56707155291951,52.9963820031789,295,fc1c790f-426a-412d-9f82-e11c54304639,2020/02/11 14:11:21.154+00,Handveeg,2022/11/23 10:12:32.817+00,Handveeg,Citypol,Goed,Zwart,,N
6.55428732786598,52.9899335872748,296,e0997f13-06a3-4d28-882f-33d47a37b7b9,2020/02/11 14:13:37.578+00,Handveeg,2022/04/19 09:34:02.200+00,Handveeg,Capitol 60L,Goed,Appelgroen,,N
6.56546707071927,52.9935412342599,297,1c757d18-c926-4f1d-85eb-93ac7c6aaae6,2020/02/11 14:15:20.053+00,Handveeg,2022/11/23 09:24:29.627+00,Handveeg,Capitol 60L Zwart,Goed,Zwart,,N
6.56523364331649,52.9936018369046,298,98fb244a-f4ea-49d9-b163-46b9c6c7bd97,2020/02/11 14:16:17.899+00,Handveeg,2022/02/08 11:57:52.161+00,B.Smeenge@assen.nl_assen,Capitol 60L Zwart,Goed,Zwart,,N
6.5548758352489,52.9904912810057,299,fe0af905-2ddb-4449-99d8-42a14ea5b468,2020/02/11 14:16:34.309+00,Handveeg,2022/04/19 09:24:26.007+00,Handveeg,Capitol 60L,Goed,Appelgroen,,N
6.55476706911924,52.9904450322534,300,a18c993b-a5de-445c-86f0-d43ec610414c,2020/02/11 14:17:26.547+00,Handveeg,2020/02/11 14:17:26.547+00,Handveeg,Hondenpoep,Goed,Grijs,,N
6.56509982128746,52.9937480301412,301,8102d674-6a34-42c4-895a-d818acd78e9c,2020/02/11 14:18:26.446+00,Handveeg,2022/11/23 09:55:01.400+00,Handveeg,Citypol,Goed,Zwart,,N
6.56455196605321,52.9935131773983,302,bbddbf89-cd98-40f7-bfbf-291480e0911d,2020/02/11 14:22:14.144+00,Handveeg,2020/02/11 14:22:14.144+00,Handveeg,Citypol,Goed,Zwart,,N
6.56386426583314,52.9938595151004,304,f918661b-5626-478b-90c9-b398b0b476bc,2020/02/11 14:24:07.709+00,Handveeg,2022/11/22 09:18:22.158+00,Handveeg,Citypol,Goed,Zwart,,N
6.56386884114858,52.9932717888882,305,5df54d1f-fca8-4168-a939-fe5b124c2d84,2020/02/11 14:26:52.836+00,Handveeg,2020/02/11 14:26:52.836+00,Handveeg,Citypol,Goed,Zwart,,N
6.55347125122004,52.9842048462012,306,2762d4bd-6869-458f-9b29-b57dd2d541f3,2020/02/11 14:28:01.357+00,Handveeg,2020/02/11 14:28:01.357+00,Handveeg,2 Stromen Gescheiden,Goed,Zwart,,N
6.56329847329508,52.9933849987595,307,bd3ae96e-ac99-433b-854e-a149ea37ea7d,2020/02/11 14:28:10.984+00,Handveeg,2022/11/18 13:22:35.921+00,Handveeg,Citypol,Goed,Zwart,,N
6.56323249384615,52.9935016950102,308,0184f9e0-5add-4c6c-90e5-7ec4fb7d741f,2020/02/11 14:29:22.543+00,Handveeg,2020/02/11 14:29:22.543+00,Handveeg,Hondenpoep,Goed,Grijs,,N
6.56296829165577,52.9936992179732,309,00824437-11da-448b-abd1-64410b212487,2020/02/11 14:30:14.081+00,Handveeg,2022/11/23 13:32:30.064+00,Handveeg,Citypol,Goed,Zwart,,N
6.56255779659951,52.9938205100337,311,9ee3338c-e465-478a-85fa-fef9d3dedd9c,2020/02/11 14:32:57.522+00,Handveeg,2022/11/22 09:39:06.409+00,Handveeg,Citypol,Goed,Zwart,,N
6.55106159391028,52.9797231969752,312,0894e0e0-b400-432d-876a-03dbe66c8233,2020/02/11 14:34:09.820+00,Handveeg,2020/02/11 14:34:09.820+00,Handveeg,2 Stromen Gescheiden,Goed,Zwart,,N
6.56243149106241,52.9941822226825,313,cc15190e-59f8-436e-974b-106c6bacbf1c,2020/02/11 14:35:52.087+00,Handveeg,2020/02/11 14:35:52.087+00,Handveeg,Citypol,Goed,Zwart,,N
6.5630627846134,52.9952033528616,314,d6149d1b-be41-49b8-a228-352734ed563f,2020/02/12 06:59:59.125+00,Handveeg,2020/02/12 07:01:06.785+00,Handveeg,Citypol,Goed,Zwart,,N
6.56293031371768,52.9952949824515,315,055e61f9-0eb8-4d3a-9692-d955ed2b825f,2020/02/12 07:02:13.375+00,Handveeg,2020/02/12 07:02:13.375+00,Handveeg,Citypol,Goed,Zwart,,N
6.56158441292243,52.9951896843271,318,ad93beb7-b02a-4c6a-af1e-82c2a1adb26d,2020/02/12 07:07:59.715+00,Handveeg,2022/11/22 10:03:19.180+00,Handveeg,Citypol,Goed,Zwart,,N
6.56027748356646,52.9948379842459,319,c08cc4f7-6ffb-4924-805d-5a165e2f4cd1,2020/02/12 07:09:54.566+00,Handveeg,2020/02/12 07:09:54.566+00,Handveeg,Citypol,Goed,Zwart,,N
6.56118967788163,52.9948020621278,323,eef75f9f-c7c9-44e3-82c0-c760341be595,2020/02/12 07:17:52.121+00,Handveeg,2022/11/18 13:16:57.666+00,Handveeg,Citypol,Goed,Zwart,,N
6.50437285105542,53.0032410718618,324,f910aed5-05a8-44c9-b826-7c52c386672f,2020/02/12 07:18:07.499+00,Handveeg,2020/02/12 07:18:07.499+00,Handveeg,Hondenpoep,Goed,Grijs,,N
6.5614493715731,52.994488131192,325,1f0243c1-3330-4f75-88c2-85fe0a8154ea,2020/02/12 07:19:45.163+00,Handveeg,2022/11/17 10:22:09.825+00,Handveeg,Citypol,Goed,Zwart,,N
6.50556025968908,53.004967149803,326,2edf1d11-3560-463c-bf4f-5315f382864b,2020/02/12 07:20:48.047+00,Handveeg,2020/02/12 07:20:48.047+00,Handveeg,Hondenpoep,Goed,Grijs,,N
6.56162533526012,52.9942558475935,327,2432b58e-9022-43ec-a6ff-c48e675396f8,2020/02/12 07:20:57.775+00,Handveeg,2022/11/18 13:19:31.818+00,Handveeg,Citypol,Goed,Zwart,,N
6.56205359760018,52.9940747976756,328,a1b75690-e1a2-455c-856f-ed35ed4bc930,2020/02/12 07:22:22.890+00,Handveeg,2022/11/22 09:55:41.945+00,Handveeg,Big Belly,Goed,Grijs,,N
6.5062367923063,53.0030649764396,329,81e80ab8-9f47-41e7-8b83-e6abd7d39c8d,2020/02/12 07:26:02.788+00,Handveeg,2022/03/10 13:15:16.329+00,Handveeg,Capitol 60L Zwart,Goed,Zwart,,N
6.50640078604962,53.0030687156399,330,51ceff8a-b54b-4101-ab35-74225ad42416,2020/02/12 07:26:55.995+00,Handveeg,2022/03/10 12:37:28.743+00,Handveeg,Capitol 60L Zwart,Goed,Zwart,,N
6.56256949566646,52.994366215007,331,108bf44a-df6f-45c2-9c07-957ff59f0bba,2020/02/12 07:28:56.771+00,Handveeg,2020/02/12 07:28:56.771+00,Handveeg,Citypol,Goed,Zwart,,N
6.51146288468699,53.004763098362,332,167a208b-142e-4ea8-b830-fde605e487c9,2020/02/12 07:30:09.637+00,Handveeg,2020/02/12 07:30:09.637+00,Handveeg,Hondenpoep,Goed,Grijs,,N
6.56239486755232,52.9948298846959,333,ccd6d70d-fc97-4992-86ba-e9ea71c3e7d1,2020/02/12 07:31:17.816+00,Handveeg,2022/02/15 10:31:21.558+00,B.Smeenge@assen.nl_assen,Citypol,Goed,Zwart,,N
6.51301578666412,53.0048760845855,334,d961e9bb-f3c4-4278-a24e-0a7853816316,2020/02/12 07:32:51.748+00,Handveeg,2022/03/10 12:30:12.844+00,Handveeg,Capitol 60L Zwart,Goed,Zwart,,N
6.51363834520714,53.0049526384231,335,60947450-1d2f-49af-83a4-ec358a453eed,2020/02/12 07:34:39.684+00,Handveeg,2022/03/10 12:25:29.393+00,Handveeg,Capitol 60L Zwart,Goed,Zwart,,N
6.5635248484433,52.9944082253335,336,d5081da6-0320-43a2-82e1-8bd6c531f7b1,2020/02/12 07:36:04.261+00,Handveeg,2022/11/22 09:17:05.491+00,Handveeg,Citypol,Goed,Zwart,,N
6.51608282676961,53.0054275637371,337,3c02550a-50ad-4875-af7d-dfdd51eaaa98,2020/02/12 07:37:15.768+00,Handveeg,2020/02/12 07:42:09.176+00,Handveeg,Hondenpoep,Goed,Grijs,,N
6.51781008593455,53.0071741666192,338,7c05f6d1-03fa-4514-9ac0-b20a535c0652,2020/02/12 07:40:52.826+00,Handveeg,2020/02/12 07:40:52.826+00,Handveeg,Hondenpoep,Goed,Grijs,,N
6.51327603473099,53.0091547048736,339,4652fb44-8cce-464b-a110-682c3295af7c,2020/02/12 07:44:55.436+00,Handveeg,2020/02/12 07:44:55.436+00,Handveeg,Hondenpoep,Goed,Grijs,,N
6.5084600958094,53.0088136002087,340,6e27a1ce-597c-4db0-96ae-903b83910ceb,2020/02/12 07:47:39.152+00,Handveeg,2020/02/12 07:47:39.152+00,Handveeg,Hondenpoep,Goed,Grijs,,N
6.56166221630449,52.9927304608384,341,91bbfcc6-acaf-482b-acfb-fec5b220fd07,2020/02/12 07:49:27.764+00,Handveeg,2020/02/12 07:49:27.764+00,Handveeg,Citypol,Goed,Zwart,,N
6.56104338429909,52.9925664892535,342,cba540eb-486c-4a93-9836-04a36e6a2bdc,2020/02/12 07:51:02.294+00,Handveeg,2020/02/12 07:51:02.294+00,Handveeg,Citypol,Goed,Zwart,,N
6.51010784170968,53.0069510944413,343,85097806-16c4-473f-bc6a-a04ec8415866,2020/02/12 07:51:27.337+00,Handveeg,2020/02/12 07:51:27.337+00,Handveeg,Hondenpoep,Goed,Grijs,,N
6.51377843230749,53.0066874482833,344,63941544-db34-400e-9f4e-94ecd2076776,2020/02/12 07:53:53.756+00,Handveeg,2022/03/24 10:28:42.399+00,Handveeg,Capitol 60L,Goed,Appelgroen,,N
6.560279695239,52.9924503061026,345,b12799d0-db36-43fe-9fec-bdc8b9a66f10,2020/02/12 07:54:06.819+00,Handveeg,2022/11/18 13:08:51.535+00,Handveeg,Citypol,Goed,Zwart,,N
6.56050017563546,52.9933024969549,346,731283b4-f79f-4c6f-a4b6-fc837af40a2d,2020/02/12 07:56:18.709+00,Handveeg,2022/11/18 13:10:46.274+00,Handveeg,Citypol,Goed,Zwart,,N
6.56074685733749,52.993884989405,347,e6b4773a-ddca-4633-8278-5e528f2dad92,2020/02/12 07:57:59.998+00,Handveeg,2022/11/24 07:19:45.048+00,Handveeg,Citypol,Goed,Zwart,,N
6.50290469991282,53.0018478681839,348,102168d2-9148-4206-a719-dd4ba62ccfcd,2020/02/12 07:59:34.430+00,Handveeg,2020/02/12 07:59:34.430+00,Handveeg,Hondenpoep,Goed,Grijs,,N
6.56031798981396,52.9941307467658,349,1b8edad4-cc06-4389-beab-5acdf015e519,2020/02/12 07:59:35.178+00,Handveeg,2022/11/18 13:12:57.876+00,Handveeg,Citypol,Goed,Zwart,,N
6.56004344189239,52.9946053768706,350,75e4b670-7c5e-4ea4-bf08-07bdfbaf0151,2020/02/12 08:01:59.325+00,Handveeg,2022/11/18 13:14:38.447+00,Handveeg,Citypol,Goed,Zwart,,N
6.50442155593699,52.9975692864747,351,ba3b642e-adbf-48d3-9d7c-dfa7c5ac3388,2020/02/12 08:03:26.856+00,Handveeg,2020/02/12 08:03:26.856+00,Handveeg,Hondenpoep,Goed,Grijs,,N
6.55936357507231,52.9958405106439,352,c5aaabc8-c875-41d6-b461-07d9d9394873,2020/02/12 08:05:01.193+00,Handveeg,2022/11/24 08:06:57.883+00,Handveeg,Citypol,Goed,Groen,,N
6.55959056165759,52.9959795347393,353,86c2bc36-4dc6-4e0b-b3ef-67dc15b1ae79,2020/02/12 08:06:38.459+00,Handveeg,2022/11/24 12:10:38.044+00,Handveeg,Citypol,Goed,Zwart,,N
6.51141364676719,52.995924899338,354,3219dba8-7783-42a1-85e9-720aee59ab44,2020/02/12 08:07:06.776+00,Handveeg,2022/03/24 09:27:52.877+00,Handveeg,Capitol 60L,Goed,Appelgroen,,N
6.55957778115755,52.9961969253856,355,26e86fe9-9ebc-4a75-b903-8edb38bc178c,2020/02/12 08:08:23.755+00,Handveeg,2022/11/24 12:02:30.206+00,Handveeg,Citypol,Goed,Zwart,,N
6.55938876496485,52.9963820981111,356,aefed26a-1b75-4ab8-856e-c6be0dc63f09,2020/02/12 08:09:35.500+00,Handveeg,2022/11/24 11:55:13.682+00,Handveeg,Citypol,Goed,Zwart,,N
6.51247082887531,52.9963766513132,357,8be0c0ea-27af-4b54-b857-e7b7ee34ebe4,2020/02/12 08:09:40.657+00,Handveeg,2022/02/15 12:13:21.903+00,Handveeg,Capitol 60L,Goed,Appelgroen,,N
6.53224454078008,52.9982284530023,358,5c16f6e0-f6c5-4a08-b3a7-7a376e6f7f7e,2020/02/12 09:06:28.816+00,Handveeg,2022/07/28 09:10:20.522+00,Handveeg,Vangmuil,Goed,Blauw,,N
6.5299534038573,52.9989008843361,359,130393bd-9216-482e-97e1-f8e261a87de1,2020/02/12 09:15:20.373+00,Handveeg,2022/03/17 14:05:49.150+00,Handveeg,Capitol 60L,Goed,Appelgroen,,N
6.52547675947406,53.0015384224508,361,7fa2d040-a64d-47e2-bfdc-eefdea421363,2020/02/12 09:18:24.691+00,Handveeg,2022/03/17 13:04:29.710+00,Handveeg,Capitol 60L,Goed,Appelgroen,,N
6.56019019600647,52.9970434678804,362,af4b8188-7bb6-4f5c-9cbe-f0c1d5d0d529,2020/02/12 09:19:04.174+00,Handveeg,2022/11/22 10:35:16.953+00,Handveeg,Big Belly,Goed,Grijs,,N
6.56077339895601,52.9961791672065,364,75b6c275-82b8-49fa-8c0e-3b03f8cad7f8,2020/02/12 09:24:12.172+00,Handveeg,2020/02/12 09:24:12.172+00,Handveeg,Citypol,Goed,Zwart,,N
6.52352324050254,52.9994746556747,365,613bbfaf-3a01-4f81-9398-7c8feae2351a,2020/02/12 09:25:03.877+00,Handveeg,2022/03/17 13:38:01.040+00,Handveeg,Capitol 60L,Goed,Appelgroen,,N
6.53750496279823,53.0037768821604,366,a1558516-6324-4069-be64-da78d9e85a55,2020/02/12 09:29:21.817+00,Handveeg,2020/02/12 09:29:21.817+00,Handveeg,Hondenpoep,Goed,Grijs,,N
6.52617300136102,53.0037591804227,367,c634f839-e8ea-4740-8939-321f8e44b5db,2020/02/12 09:36:59.439+00,Handveeg,2022/03/17 12:13:09.514+00,Handveeg,Capitol 60L,Goed,Appelgroen,,N
6.51648382150528,52.9988203666362,369,59a70d7d-f794-4a55-a38e-ec50c9a8beab,2020/02/12 09:47:43.558+00,Handveeg,2020/02/12 09:47:43.558+00,Handveeg,Hondenpoep,Goed,Grijs,,N
6.51370234058445,52.9997648075794,370,05fd3342-74a4-47e3-95aa-671edf3d7c25,2020/02/12 09:53:44.434+00,Handveeg,2020/02/24 08:50:06.313+00,B.Smeenge@assen.nl_assen,Citypol,Goed,Zwart,,N
6.51328376728715,53.0001483598387,371,c78fb001-c1fb-4d88-8530-d1320eaed93e,2020/02/12 09:55:29.724+00,Handveeg,2020/02/24 12:04:07.756+00,B.Smeenge@assen.nl_assen,Citypol,Goed,Zwart,,N
6.51289234373339,53.0004078234107,372,dd555184-cebf-4477-9707-2b96d9974a4e,2020/02/12 09:56:51.804+00,Handveeg,2022/02/09 09:52:56.516+00,B.Smeenge@assen.nl_assen,Citypol,Goed,Zwart,,N
6.54560410615584,52.9942672007373,373,e2d2ed5e-83f0-4cd0-ab3d-468006c1be52,2020/02/12 09:57:19.418+00,Handveeg,2020/02/12 09:57:19.418+00,Handveeg,Hondenpoep,Goed,Grijs,,N
6.5126776636572,53.0004133483731,374,74949400-ec8c-4ea4-86ed-71d404ec3fec,2020/02/12 09:57:40.794+00,Handveeg,2022/02/09 09:52:35.244+00,B.Smeenge@assen.nl_assen,Citypol,Goed,Zwart,,N
6.54606113994219,52.9942785012934,375,d1f21066-2852-4fdb-8b09-fe7500262a8b,2020/02/12 09:59:39.638+00,Handveeg,2022/03/30 08:55:57.647+00,Handveeg,Capitol 60L,Goed,Appelgroen,,N
6.5138537158921,53.0006467314009,376,0ea805f0-ea21-4264-bd2e-9bb9f48cacd5,2020/02/12 10:00:03.010+00,Handveeg,2022/02/09 09:54:11.844+00,B.Smeenge@assen.nl_assen,Citypol,Goed,Zwart,,N
6.5506335236402,52.9950322074683,377,7b468eed-c9e4-434f-a025-3b13111c3f3e,2020/02/12 10:02:01.214+00,Handveeg,2022/07/14 13:27:07.019+00,Handveeg,Hondenpoep,Goed,Grijs,,N
6.51467520931073,53.0005716507207,378,7d82ccde-8f37-4b27-87e3-216b1429b06f,2020/02/12 10:02:13.151+00,Handveeg,2022/02/09 09:53:55.096+00,B.Smeenge@assen.nl_assen,Citypol,Goed,Zwart,,N
6.55195112527053,52.9959707781243,379,8fc96d2c-35d7-45a6-8f39-a89e52fb2c53,2020/02/12 10:03:52.490+00,Handveeg,2022/09/01 12:53:24.750+00,Handveeg,Capitol 60L,Goed,Groen,,N
6.55250089136577,52.9975981137976,382,1e69b9f9-c90a-48c3-b4d5-e464b8c76819,2020/02/12 10:06:52.271+00,Handveeg,2020/02/12 10:06:52.271+00,Handveeg,Hondenpoep,Goed,Grijs,,N
6.5500467384683,52.998946759608,384,1297f987-4b25-4395-8104-5bec3bd1f670,2020/02/12 10:14:07.978+00,Handveeg,2020/02/12 10:14:07.978+00,Handveeg,Hondenpoep,Goed,Grijs,,N
6.51268353895948,52.999176167261,385,fc6cd632-9201-4ccb-8010-b1b42e0a63c4,2020/02/12 10:14:29.198+00,Handveeg,2020/02/24 08:48:03.687+00,B.Smeenge@assen.nl_assen,Citypol,Goed,Zwart,,N
6.54940534606726,52.9985321873864,386,51fe5415-c2b6-432a-b5bd-6e1cb4abc23b,2020/02/12 10:15:31.347+00,Handveeg,2022/04/21 08:11:22.527+00,Handveeg,Capitol 60L,Goed,Appelgroen,,N
6.51332139952199,52.9993236489851,387,5bf24dfb-f1f4-4cd0-a51d-69746f63e9fa,2020/02/12 10:16:32.875+00,Handveeg,2020/02/24 08:49:07.051+00,B.Smeenge@assen.nl_assen,Citypol,Goed,Zwart,,N
6.53558638037001,52.9961013211482,389,c8647530-e91b-4c68-a152-0cc990d1b71d,2020/02/12 10:22:34.167+00,Handveeg,2020/02/12 10:22:34.167+00,Handveeg,Hondenpoep,Goed,Grijs,,N
6.53583465298317,52.9986868171744,390,6199d033-f7b5-43c2-b211-beb372723dbc,2020/02/12 10:25:58.907+00,Handveeg,2020/02/12 10:25:58.907+00,Handveeg,Hondenpoep,Goed,Grijs,,N
6.5144659216887,53.000152428777,391,a3202e17-77bc-4537-983e-4440523bd4d6,2020/02/12 10:28:19.130+00,Handveeg,2022/02/09 09:51:19.198+00,B.Smeenge@assen.nl_assen,Citypol,Goed,Zwart,0nder parkeergarage,N
6.53874725398789,52.9971336912292,392,57532d2c-e889-42ad-99c3-9cb551276547,2020/02/12 10:28:48.129+00,Handveeg,2020/02/12 10:28:48.129+00,Handveeg,Hondenpoep,Goed,Grijs,,N
6.54725908332225,52.9994782607168,393,85aa5131-389c-495c-a804-cbcc0bb26d26,2020/02/12 10:31:59.246+00,Handveeg,2022/04/21 08:37:40.114+00,Handveeg,Capitol 60L,Goed,Appelgroen,,N
6.51345248930796,52.9998801936404,394,6caaa998-7be1-4168-b88f-fde85fb18067,2020/02/12 10:32:09.026+00,Handveeg,2020/02/24 08:50:35.099+00,B.Smeenge@assen.nl_assen,Citypol,Goed,Zwart,onder parkeergarage,N
6.54742958691276,52.9997651452518,395,88971554-160b-4dda-ab80-5f88989a9fc5,2020/02/12 10:33:22.932+00,Handveeg,2022/04/21 08:32:11.488+00,Handveeg,Hondenpoep,Goed,Grijs,,N
6.54793653026133,52.9997421713853,396,31653ce0-bef1-4e62-8ff0-564e26e03c6a,2020/02/12 10:34:44.087+00,Handveeg,2022/04/21 08:55:46.044+00,Handveeg,Capitol 60L,Goed,Appelgroen,,N
6.55120759628974,52.9989978510009,397,436b014e-81af-4842-a371-ecc9075ef409,2020/02/12 10:36:26.217+00,Handveeg,2021/12/08 13:50:22.499+00,Handveeg,Capitol 60L Zwart,Goed,Zwart,,N
6.5146932093509,53.0004158923065,398,1dff68b5-22db-4427-bd36-d13706dd823c,2020/02/12 10:37:08.783+00,Handveeg,2022/02/09 09:53:37.090+00,B.Smeenge@assen.nl_assen,Citypol,Goed,Zwart,onder parkeergarage,N
6.55344807651482,52.9979129554702,399,1fc149f7-eeac-4760-821f-6283db8df31f,2020/02/12 10:38:11.311+00,Handveeg,2022/08/04 12:04:35.345+00,Handveeg,Capitol 60L,Goed,Groen,,N
6.55449757194327,52.998462178192,400,a224164b-6440-4db3-a064-6b2f6d9cfa0e,2020/02/12 10:40:23.007+00,Handveeg,2022/08/04 11:33:14.420+00,Handveeg,Capitol 60L,Goed,Groen,,N
6.51127584260349,53.0014470372778,401,9dd40108-8de0-4dd4-866e-db16a68bb70f,2020/02/12 10:42:30.106+00,Handveeg,2020/02/12 10:42:30.106+00,Handveeg,Hondenpoep,Goed,Grijs,,N
6.55788819151962,52.9981328900557,402,099e1a96-e08f-4e39-a8f4-5b80f3b31cc6,2020/02/12 10:42:32.948+00,Handveeg,2022/05/18 11:42:38.770+00,Handveeg,Capitol 60L,Goed,Appelgroen,,N
6.55950987774113,52.9986263987853,404,57a64b4e-06d5-4c13-aedc-f05ce6191427,2020/02/12 10:45:40.989+00,Handveeg,2022/05/18 12:15:13.443+00,Handveeg,Capitol 60L,Goed,Groen,,N
6.55834579955669,52.9991344815579,405,0c96cb21-3417-47d2-a6e5-5055bb005a0e,2020/02/12 10:48:42.195+00,Handveeg,2022/07/28 08:11:21.247+00,Handveeg,Hondenpoep,Goed,Grijs,,N
6.56170562328526,53.000850863025,406,c1558474-4d79-4f81-80ba-5f1cab4efacd,2020/02/12 10:51:46.504+00,Handveeg,2020/02/12 10:51:46.504+00,Handveeg,Hondenpoep,Goed,Grijs,,N
6.56195211992596,53.0024419190719,407,29e746ad-a8a9-4c6f-8f68-219b8242ed48,2020/02/12 11:44:11.154+00,Handveeg,2021/12/08 10:39:33.901+00,Handveeg,Capitol 60L Zwart,Goed,Zwart,,N
6.56547633026149,52.9929067835988,408,a2b7bce6-28c3-41a0-affd-b8dcf17be81a,2020/02/12 11:44:16.572+00,Handveeg,2021/12/15 11:21:52.922+00,Handveeg,Capitol 60L Zwart,Goed,Zwart,,N
6.56418376064864,52.9923243487235,409,4ecfc186-5b6f-4873-9b4e-b1d61934ddf2,2020/02/12 11:45:43.178+00,Handveeg,2022/02/08 12:57:12.046+00,Handveeg,Capitol 60L Zwart,Goed,Zwart,,N
6.56115181050279,53.0023703312278,410,504a3e3c-5fce-473f-afe0-4969f7461297,2020/02/12 11:46:38.430+00,Handveeg,2020/02/12 11:46:38.430+00,Handveeg,Hondenpoep,Goed,Grijs,,N
6.56414980053867,52.9925681188873,411,a549564a-19f8-467d-afe4-c8b07c460f2e,2020/02/12 11:46:51.156+00,Handveeg,2022/02/08 12:59:19.314+00,Handveeg,Capitol 60L Zwart,Goed,Zwart,,N
6.56326361773,52.9923754372478,412,61c18de5-a721-4732-a42f-2bf307650317,2020/02/12 11:48:44.460+00,Handveeg,2020/02/12 11:48:44.460+00,Handveeg,Citypol,Goed,Zwart,,N
6.55696702244033,53.0047913741811,413,f73c49c0-2682-4ec1-851f-d0b4a600e3fb,2020/02/12 11:49:30.164+00,Handveeg,2020/02/12 11:49:30.164+00,Handveeg,Hondenpoep,Goed,Grijs,,N
6.56358328557304,52.9923856930323,414,d9ae09ce-2c83-45f1-b78c-116b4604698f,2020/02/12 11:49:49.056+00,Handveeg,2020/02/12 11:49:49.056+00,Handveeg,Citypol,Goed,Zwart,,N
6.55720542825287,53.0051194336404,416,1edc8de7-fda3-401f-842f-38b66ed835cf,2020/02/12 11:50:48.037+00,Handveeg,2022/02/04 07:41:09.137+00,Handveeg,Capitol 60L Zwart,Goed,Zwart,,N
6.56308153077582,52.9921874922491,417,e3980e8a-d239-45e3-8434-6219b29a5cce,2020/02/12 11:50:49.696+00,Handveeg,2020/02/12 11:50:49.696+00,Handveeg,Citypol,Goed,Zwart,,N
6.52375941139936,52.9850464145138,419,1264e306-d558-4688-861b-dd4a72e6dcaa,2020/02/12 11:52:25.780+00,Handveeg,2021/11/15 13:39:48.074+00,B.Smeenge@assen.nl_assen,Capitol 100L,Goed,Appelgroen,,N
6.56215772351284,52.992137491375,420,c963f55f-08f5-463a-b964-d1dd8fa8b441,2020/02/12 11:53:34.765+00,Handveeg,2020/02/12 11:53:34.765+00,Handveeg,Hondenpoep,Goed,Grijs,,N
6.51999958174898,52.9832347919304,421,6105b4e5-84dc-48b5-9230-cc591945a0c7,2020/02/12 11:54:48.254+00,Handveeg,2020/02/12 11:54:48.254+00,Handveeg,Capitol 60L,Goed,Appelgroen,,N
6.51619132504908,52.9824140100478,425,031b8986-0772-4c1e-b13b-93183dc7630b,2020/02/12 11:57:19.763+00,Handveeg,2020/02/12 12:00:38.620+00,Handveeg,Capitol 60L,Goed,Appelgroen,,N
6.5609439842115,52.9926768083088,426,47abe484-eb79-4980-9bb4-0feaa0c0ad44,2020/02/12 12:00:02.671+00,Handveeg,2020/02/12 12:00:02.671+00,Handveeg,Citypol,Goed,Zwart,,N
6.56049584028582,52.9921893728682,427,115bfd74-755d-401e-9b44-9de2ad6828f5,2020/02/12 12:01:22.455+00,Handveeg,2020/02/12 12:01:22.455+00,Handveeg,Citypol,Goed,Zwart,,N
6.51452737754145,52.9823646827235,428,28aebc54-b089-4385-9d9b-27df0c6a19fa,2020/02/12 12:02:17.142+00,Handveeg,2020/02/12 12:02:17.142+00,Handveeg,Capitol 60L,Goed,Appelgroen,,N
6.51360254711491,52.98321940016,429,899547ce-3daf-4e50-aa6b-5321a859b824,2020/02/12 12:03:45.389+00,Handveeg,2020/02/12 12:03:45.389+00,Handveeg,Capitol 60L,Goed,Appelgroen,,N
6.55889361435477,52.995078760799,430,4b44bfbe-c1a9-4ac1-8217-458db6569555,2020/02/12 12:04:12.949+00,Handveeg,2022/11/24 12:44:03.070+00,Handveeg,Citypol,Goed,Zwart,,N
6.56930951537308,53.0082103065398,431,27f29b50-ac43-4b5b-9c3f-7d95601ac4e3,2020/02/12 12:04:22.559+00,Handveeg,2022/07/28 11:36:05.075+00,Handveeg,Vangmuil,Goed,Blauw,,N
6.5683920420517,53.0093894566481,432,4384ce3f-1c94-49d6-b511-5c38203fe6e0,2020/02/12 12:06:21.486+00,Handveeg,2022/06/15 12:32:12.211+00,Handveeg,Capitol 60L Zwart,Goed,Zwart,,N
6.55825880915977,52.9967766942616,433,8c1f9332-b5fa-404f-90c6-15f0c3f46f53,2020/02/12 12:06:28.158+00,Handveeg,2022/02/08 12:03:37.914+00,B.Smeenge@assen.nl_assen,Capitol 60L Zwart,Goed,Zwart,,N
6.55912507017145,52.9968625805578,434,87c0dcab-5104-4da0-b699-9235b0b2fe50,2020/02/12 12:07:48.454+00,Handveeg,2022/11/24 12:21:23.308+00,Handveeg,Citypol,Goed,Zwart,,N
6.51066006802879,52.9863691343006,435,ea27e1d3-5754-4946-abe1-5e503bb0685b,2020/02/12 12:08:52.383+00,Handveeg,2020/02/12 12:08:52.383+00,Handveeg,Capitol 60L,Goed,Appelgroen,,N
6.5590012536296,52.9975465746258,437,e5fdec42-a053-47cc-97bd-d68774cb3dd4,2020/02/12 12:10:49.510+00,Handveeg,2022/02/08 12:04:24.152+00,B.Smeenge@assen.nl_assen,Capitol 60L Zwart,Goed,Zwart,moet nog sticker,N
6.56024056581949,52.9985116718668,438,aef651ba-7655-4ef4-8c58-75c46dfb6e5a,2020/02/12 12:12:35.428+00,Handveeg,2020/02/18 09:43:25.983+00,gem_assen,Capitol 60L,Goed,Zwart,,N
6.56213572970449,52.9974876666894,439,4ce19ca7-0752-48ba-801e-f737531f1c6a,2020/02/12 12:14:23.817+00,Handveeg,2020/02/12 12:15:07.135+00,Handveeg,Citypol,Goed,Zwart,,N
6.5148109381813,52.9846251613773,440,a7099298-d010-4b24-b87d-3045227e4554,2020/02/12 12:15:18.713+00,Handveeg,2021/11/15 13:41:42.541+00,B.Smeenge@assen.nl_assen,Capitol 100L,Goed,Appelgroen,,N
6.55447907496521,53.0091592463361,441,50749b42-12ac-4f5c-a706-2a5e27ca556c,2020/02/12 12:15:28.287+00,Handveeg,2022/04/29 11:53:28.805+00,Handveeg,Capitol 60L,Goed,Appelgroen,,N
6.56182185864492,52.9970605430126,442,930160fa-a4ec-4683-8410-88276f6fc7f7,2020/02/12 12:16:21.862+00,Handveeg,2020/02/12 12:16:21.862+00,Handveeg,Hondenpoep,Goed,Grijs,,N
6.51480282944019,52.9845895061553,443,80e6d9d8-4d9e-4c51-ac0e-6e11aa833b95,2020/02/12 12:16:30.417+00,Handveeg,2021/11/15 13:46:24.850+00,B.Smeenge@assen.nl_assen,Capitol 100L,Goed,Appelgroen,,N
6.56138184036721,52.9963321097672,444,67d36757-5979-433a-ab3a-e661640616a0,2020/02/12 12:17:36.875+00,Handveeg,2022/11/22 12:28:47.311+00,Handveeg,Citypol,Goed,Zwart,,N
6.514636490815,52.9848340907409,445,9a4d480a-3659-402e-99c6-13fdfa705fc9,2020/02/12 12:18:25.189+00,Handveeg,2021/11/15 13:41:09.423+00,B.Smeenge@assen.nl_assen,Capitol 100L,Goed,Appelgroen,,N
6.56148816191188,52.9962294538083,446,9f97e54c-3ec3-441b-9c63-8cc9dfe3c897,2020/02/12 12:18:43.022+00,Handveeg,2022/11/22 12:41:29.251+00,Handveeg,Citypol,Goed,Zwart,,N
6.51434795538965,52.9851795166523,447,8aad7fe8-6e9c-4ddb-b742-6912853ce80c,2020/02/12 12:19:33.222+00,Handveeg,2021/11/15 13:42:11.450+00,B.Smeenge@assen.nl_assen,Capitol 100L,Goed,Appelgroen,,N
6.56127040910196,52.9959900936893,448,f1755d07-e73d-4385-abf6-93e3b125fc5b,2020/02/12 12:19:48.266+00,Handveeg,2020/02/12 12:19:48.266+00,Handveeg,Citypol,Goed,Zwart,,N
6.55288752613123,53.0081634920713,449,11a58490-c64a-4a26-af62-25bd9a6d1152,2020/02/12 12:20:27.153+00,Handveeg,2020/02/12 12:20:27.153+00,Handveeg,Hondenpoep,Goed,Grijs,,N
6.51416004250103,52.985421617563,450,155b5f85-dd3d-4837-8ec7-10660a246eba,2020/02/12 12:20:29.319+00,Handveeg,2021/11/16 06:35:22.611+00,B.Smeenge@assen.nl_assen,Capitol 100L,Goed,Appelgroen,,N
6.56142191966757,52.9955666097833,451,ccfe3852-9386-4772-9310-342236c6ae00,2020/02/12 12:21:39.428+00,Handveeg,2020/02/12 12:21:39.428+00,Handveeg,Citypol,Goed,Zwart,,N
6.51414296314896,52.9854334043549,452,7d1eea3e-e5ce-45d3-980a-2427254804e2,2020/02/12 12:21:59.278+00,Handveeg,2021/11/15 13:42:22.714+00,B.Smeenge@assen.nl_assen,Capitol 100L,Goed,Appelgroen,,N
6.51385040428082,52.9863297613679,454,40a2ff93-e205-4fce-be23-49247a6d9273,2020/02/12 12:23:04.476+00,Handveeg,2021/11/15 13:43:10.287+00,B.Smeenge@assen.nl_assen,Capitol 100L,Goed,Appelgroen,,N
6.56225865844592,52.9959322107336,455,6bc2b626-3e01-40c6-8cf9-51939b7d829a,2020/02/12 12:23:06.180+00,Handveeg,2020/02/12 12:23:06.180+00,Handveeg,Citypol,Goed,Zwart,,N
6.51369861510451,52.9866232108347,458,4a976a45-5c9e-4459-abc6-8af726dd9ccd,2020/02/12 12:24:51.911+00,Handveeg,2021/11/15 13:43:34.764+00,B.Smeenge@assen.nl_assen,Capitol 100L,Goed,Appelgroen,,N
6.55045766915683,53.0070100699767,459,fc84db21-216e-4659-bb2a-86afc35c2ac7,2020/02/12 12:25:18.712+00,Handveeg,2020/02/13 11:39:37.784+00,B.Smeenge@assen.nl_assen,Hondenpoep,Goed,Grijs,,N
6.51439653811972,52.9857270232034,460,37506960-704a-4fbb-98bb-c020522190c4,2020/02/12 12:27:09.861+00,Handveeg,2020/02/12 12:27:09.861+00,Handveeg,Capitol 60L,Goed,Appelgroen,,N
6.51532777974263,52.9852591158465,462,db53ee49-a6ef-435e-a4e6-1915fce90dfc,2020/02/12 12:29:05.482+00,Handveeg,2020/02/12 12:29:05.482+00,Handveeg,Capitol 60L,Goed,Appelgroen,,N
6.54879519395045,53.0044869293071,463,f863cc8d-ff54-4dbf-872c-012f4875412f,2020/02/12 12:29:57.040+00,Handveeg,2021/12/08 12:53:45.172+00,Handveeg,Capitol 60L Zwart,Goed,Zwart,,N
6.51588011900564,52.9850893926939,464,08088ae5-bdc1-4ea8-91f5-f4bc90c8add4,2020/02/12 12:30:32.951+00,Handveeg,2021/11/15 13:40:48.748+00,B.Smeenge@assen.nl_assen,Capitol 100L,Goed,Appelgroen,,N
6.55912888766575,52.9936487181052,466,2358e9b8-63cb-4c9a-ad2b-54ca18c2269a,2020/02/12 12:32:20.089+00,Handveeg,2020/02/12 12:34:24.659+00,Handveeg,Hondenpoep,Goed,Grijs,,N
6.51690190944096,52.9849395246305,467,a46b74da-759c-4181-a1cc-c92e1d1f7b3d,2020/02/12 12:32:22.212+00,Handveeg,2021/11/15 13:40:21.229+00,B.Smeenge@assen.nl_assen,Capitol 100L,Goed,Appelgroen,,N
6.5591457047474,52.9938698459909,468,9fb4875d-8841-4d56-aaeb-435477884ae7,2020/02/12 12:33:24.788+00,Handveeg,2020/02/12 12:33:56.798+00,Handveeg,Citypol,Goed,Zwart,,N
6.52062652778308,52.9855632629203,469,3045c394-12c3-4bb4-81e5-4d054ae7c626,2020/02/12 12:34:22.128+00,Handveeg,2020/02/12 12:34:22.128+00,Handveeg,Capitol 60L,Goed,Appelgroen,,N
6.54763665643316,53.0002449126995,471,38f5cec4-008d-46cc-9ccf-f7bd6c76e704,2020/02/12 12:36:19.484+00,Handveeg,2022/04/21 09:17:30.975+00,Handveeg,Capitol 60L,Goed,Appelgroen,,N
6.54421078272086,53.0018424893944,472,bea2ae45-f3b9-4dd0-b192-ed1ccc15b4bf,2020/02/12 12:39:12.090+00,Handveeg,2022/06/03 11:35:15.941+00,Handveeg,Capitol 60L,Goed,Groen,,N
6.54457084023157,53.0019536416769,473,5ecb9c60-6c10-47a5-9e7e-a9d784896df6,2020/02/12 12:40:18.848+00,Handveeg,2022/06/03 12:07:28.428+00,Handveeg,Capitol 60L,Goed,Groen,,N
6.54481181259614,53.0018245405722,474,89ce8681-c1fe-4f42-a7ec-0bbfc2c6a471,2020/02/12 12:41:48.882+00,Handveeg,2022/06/03 11:58:55.189+00,Handveeg,Capitol 60L,Goed,Groen,,N
6.54188919530621,53.0013952127765,475,d835ff57-6650-486f-aa73-f121e7d91e9e,2020/02/12 12:44:41.097+00,Handveeg,2020/02/12 12:44:41.097+00,Handveeg,Hondenpoep,Goed,Grijs,,N
6.51060518185369,52.9948334659528,476,1b524057-4d04-4b5b-b65b-525bf8446dd4,2020/02/12 12:49:31.165+00,Handveeg,2021/11/25 12:41:59.130+00,Handveeg,Capitol 60L Zwart,Goed,Zwart,,N
6.51197498420289,52.9929888084516,479,4a5774d1-bae0-474d-9aef-69ed6192b634,2020/02/12 12:51:37.364+00,Handveeg,2022/03/10 13:39:59.845+00,Handveeg,Capitol 60L Zwart,Goed,Zwart,,N
6.55471426395924,52.9948145170476,481,66487e6c-e457-44d6-a788-80dc282a1eda,2020/02/12 12:52:44.222+00,Handveeg,2020/02/12 12:52:44.222+00,Handveeg,Hondenpoep,Goed,Grijs,,N
6.55411147867353,52.9995909395615,482,07e385fa-2bb7-414c-978b-cb5896742645,2020/02/12 12:54:58.588+00,Handveeg,2020/02/12 12:54:58.588+00,Handveeg,Hondenpoep,Goed,Grijs,,N
6.55424236403186,52.9955386710796,483,84a2aa92-e8fa-4095-b6ea-785f6cd4963a,2020/02/12 12:54:59.789+00,Handveeg,2020/02/12 12:54:59.789+00,Handveeg,Hondenpoep,Goed,Grijs,,N
6.55394416312868,52.9953906017173,484,1a165816-80d0-421e-a2d7-2705b0716056,2020/02/12 12:56:09.821+00,Handveeg,2022/02/08 12:02:33.877+00,B.Smeenge@assen.nl_assen,Capitol 60L Zwart,Goed,Zwart,,N
6.51209272191681,52.9954825733333,485,2d8c96fd-77e5-4a0f-922d-3c7ea169b270,2020/02/12 12:57:04.638+00,Handveeg,2022/03/10 13:51:13.215+00,Handveeg,Capitol 60L Zwart,Goed,Zwart,,N
6.55381433578449,52.9954559746802,486,8cd2002e-885e-4337-ba38-b901790c28ca,2020/02/12 12:57:04.651+00,Handveeg,2022/02/08 12:02:08.426+00,B.Smeenge@assen.nl_assen,Capitol 60L Zwart,Goed,Zwart,,N
6.55286988044491,53.002783057026,487,d3306a35-2c79-47c2-935b-5b34cb489992,2020/02/12 12:58:19.524+00,Handveeg,2020/02/12 12:58:19.524+00,Handveeg,Hondenpoep,Goed,Grijs,,N
6.5530025456337,52.9940443457713,488,a4548576-d193-4b8f-8728-6538e2117523,2020/02/12 12:59:45.801+00,Handveeg,2022/02/08 12:01:17.798+00,B.Smeenge@assen.nl_assen,Capitol 60L Zwart,Goed,Zwart,,N
6.55170395593781,53.0052005416574,490,cbbeb02d-15bd-446c-a9df-3a1fe61cef15,2020/02/12 13:01:47.130+00,Handveeg,2020/02/12 13:01:47.130+00,Handveeg,Hondenpoep,Goed,Grijs,,N
6.5580761746415,52.993876906159,491,59540f12-d3a3-45c3-88a7-8786d285803f,2020/02/12 13:01:57.150+00,Handveeg,2022/02/08 12:00:51.282+00,B.Smeenge@assen.nl_assen,Capitol 60L Zwart,Goed,Zwart,,N
6.52637523474095,52.9973137193471,495,4098758f-a15c-42a6-a97b-69ecb0e03288,2020/02/12 13:08:22.096+00,Handveeg,2022/09/22 13:04:15.683+00,Handveeg,Vangmuil,Goed,Blauw,,N
6.52899095631096,52.9978558560635,498,67420cd9-d610-4b01-ba32-d572bda245c3,2020/02/12 13:10:24.332+00,Handveeg,2022/03/23 09:59:08.449+00,Handveeg,Capitol 60L,Goed,Appelgroen,,N
6.53048081908938,52.9979764725246,499,187b21f1-2cea-4275-9e09-c70909291370,2020/02/12 13:11:34.876+00,Handveeg,2022/03/23 10:01:27.940+00,Handveeg,Capitol 60L,Goed,Appelgroen,,N
6.53536579757041,53.0024518430648,503,a4019ba5-8afc-42f4-bebc-c8aab43505b4,2020/02/13 06:56:27.081+00,Handveeg,2022/03/09 12:46:43.694+00,Handveeg,Capitol 60L,Goed,Appelgroen,,N
6.57692837868051,53.0168404666078,505,ec8a3d33-0c17-4e14-8a0f-e276b8e1de37,2020/02/13 08:18:33.502+00,Handveeg,2020/02/13 08:18:33.502+00,Handveeg,Hondenpoep,Goed,Grijs,,N
6.57717591875189,53.0148328381962,506,ef911399-1b0e-4bcf-bdd0-e412c47461f2,2020/02/13 09:35:31.450+00,Handveeg,2020/02/13 09:35:31.450+00,Handveeg,Hondenpoep,Goed,Grijs,,N
6.59911712387219,53.041778480209,507,f9a28e8e-db34-4a96-a553-e77932925517,2020/02/13 09:56:01.260+00,Handveeg,2022/04/21 12:58:21.189+00,Handveeg,Capitol 60L,Goed,Appelgroen,,N
6.53384887743305,52.9887722550575,512,c8bd7b59-790d-44c2-af37-6228ad09535f,2020/02/13 10:19:10.846+00,Handveeg,2022/02/22 07:54:02.479+00,Handveeg,Capitol 60L Zwart,Goed,Zwart,,N
6.58899375385941,53.026284688912,514,8f345be2-bbca-4d5a-be2e-555093cd57e2,2020/02/13 10:22:44.382+00,Handveeg,2020/02/13 10:22:44.382+00,Handveeg,Hondenpoep,Goed,Grijs,,N
6.53090942074683,52.9895070820817,515,1c2ba1d8-146b-463e-9cb1-7c0ca7ea3007,2020/02/13 10:24:02.976+00,Handveeg,2022/03/16 12:41:03.853+00,Handveeg,Capitol 60L,Goed,Appelgroen,,N
6.58917215155644,53.0247760208958,516,3092acbe-7634-4dc9-8b96-0d82934f4820,2020/02/13 10:25:22.308+00,Handveeg,2020/02/13 10:25:22.308+00,Handveeg,Hondenpoep,Goed,Grijs,,N
6.52991413788491,52.9903822986893,517,1b8ac783-6944-4676-8e67-69a3d3b27717,2020/02/13 10:26:49.658+00,Handveeg,2020/02/13 10:26:49.658+00,Handveeg,Hondenpoep,Goed,Grijs,,N
6.58244144579179,53.0182424640407,519,a32cf5c8-4e45-4d1e-be01-3ec77b4e9a33,2020/02/13 10:36:18.378+00,Handveeg,2020/02/13 10:36:18.378+00,Handveeg,Hondenpoep,Goed,Grijs,,N
6.58230773589706,53.0184349215565,520,ceeccfc8-ab68-4a52-9188-7ee2c3f18ee2,2020/02/13 10:37:12.162+00,Handveeg,2022/03/04 10:02:20.656+00,Handveeg,Capitol 60L,Goed,Appelgroen,,N
6.57044959386184,52.9922372107597,522,812ba0b6-26d9-4e7f-8013-fe458f753252,2020/02/13 11:51:05.397+00,Handveeg,2020/02/13 11:51:05.397+00,Handveeg,2 Stromen Gescheiden,Goed,Grijs,,N
6.57035324338892,52.992264940315,523,2d53dff6-6627-47a9-999e-93baa62deeb6,2020/02/13 11:51:49.058+00,Handveeg,2020/02/13 11:51:49.058+00,Handveeg,2 Stromen Gescheiden,Goed,Grijs,,N
6.57055452333263,52.9921923052353,524,afad311f-e37e-46b5-ac24-e0c34d810c1b,2020/02/13 11:52:46.206+00,Handveeg,2020/02/13 11:52:46.206+00,Handveeg,2 Stromen Gescheiden,Goed,Grijs,,N
6.57069013600917,52.9916023674483,525,1a36827e-3fc8-43d9-8e3d-6b55b5cd14f1,2020/02/13 11:56:27.562+00,Handveeg,2020/02/13 11:56:27.562+00,Handveeg,2 Stromen Gescheiden,Goed,Grijs,,N
6.57061680874039,52.9913102797475,526,b4b9fbe0-956c-4abe-87a1-03727f6b018d,2020/02/13 11:57:53.701+00,Handveeg,2020/02/13 11:57:53.701+00,Handveeg,2 Stromen Gescheiden,Goed,Grijs,,N
6.5716215960899,52.9921717790859,528,44b189e5-84c9-466d-b929-e01b5cced958,2020/02/13 12:05:01.050+00,Handveeg,2020/02/13 12:05:01.050+00,Handveeg,2 Stromen Gescheiden,Goed,Grijs,,N
6.58568045298088,53.0152259490011,529,d341f085-f71a-4565-873e-d5566ff4af95,2020/02/13 12:18:58.491+00,Handveeg,2020/02/13 12:18:58.491+00,Handveeg,Hondenpoep,Goed,Grijs,,N
6.58686787312697,53.0173578408817,530,dc28076e-e9f4-4e85-ab67-7c34dada040b,2020/02/13 12:21:39.445+00,Handveeg,2020/02/13 12:21:39.445+00,Handveeg,Hondenpoep,Goed,Grijs,,N
6.57918194995055,53.0220319489182,531,1d59c5d3-bc2f-4679-9fe7-abd9558fad72,2020/02/13 12:30:26.958+00,Handveeg,2020/02/13 12:30:26.958+00,Handveeg,Hondenpoep,Goed,Grijs,,N
6.5825034159016,53.020413595031,535,74481425-40b9-4ce6-bc21-ff81bdf68ac8,2020/02/13 12:37:08.111+00,Handveeg,2020/02/13 12:37:08.111+00,Handveeg,Hondenpoep,Goed,Grijs,,N
6.58538968462844,53.0226337530365,536,2124cfac-114d-4865-a665-11a5f4475c0e,2020/02/13 12:39:53.962+00,Handveeg,2020/02/18 12:04:53.493+00,B.Smeenge@assen.nl_assen,Hondenpoep,Goed,Grijs,,N
6.53163078274957,52.9933298221925,537,0b2c8777-0fe0-452e-938c-4d8fc22ba8b0,2020/02/13 12:41:05.472+00,Handveeg,2022/03/16 14:14:22.941+00,Handveeg,Capitol 60L Zwart,Goed,Zwart,,N
6.5870646627227,53.021946614191,538,5e544f39-4425-4c51-978a-c21b08fb3cb5,2020/02/13 12:42:17.253+00,Handveeg,2020/02/13 12:42:17.253+00,Handveeg,Hondenpoep,Goed,Grijs,,N
6.52962298352674,52.9940888073126,539,cb512eec-d796-4231-90ea-0e56e9e67591,2020/02/13 12:45:53.756+00,Handveeg,2022/03/16 13:32:20.260+00,Handveeg,Capitol 60L Zwart,Goed,Zwart,,N
6.59453663819683,53.0243821013762,540,e0f7584d-d28c-48a8-a5c2-4736079b4d07,2020/02/13 12:53:07.783+00,Handveeg,2022/02/09 09:39:45.780+00,Handveeg,Hondenpoep,Goed,Grijs,,N
6.59998629851888,53.0275396134109,541,fac118e7-ef2c-43dd-baa9-ca242a46ffb4,2020/02/13 12:57:00.634+00,Handveeg,2020/02/13 12:57:00.634+00,Handveeg,Hondenpoep,Goed,Grijs,,N
6.59442952059678,53.0266388053687,542,e1eeac79-bd9b-49b6-8080-7fc0907bff3f,2020/02/13 12:59:38.508+00,Handveeg,2020/02/13 12:59:38.508+00,Handveeg,Hondenpoep,Goed,Grijs,,N
6.5508991932743,52.9868155223271,543,29188d2b-98db-4bfa-82cd-199c003b7d05,2020/02/13 13:02:00.991+00,Handveeg,2020/02/13 13:02:00.991+00,Handveeg,2 Stromen Gescheiden,Goed,Zwart,,N
6.59614994565868,53.0221455554575,544,f7f43ecf-7b61-4efe-82a0-ac39e6cf97e6,2020/02/13 13:03:13.353+00,Handveeg,2020/02/13 13:03:13.353+00,Handveeg,Hondenpoep,Goed,Grijs,,N
6.55031382841284,52.9870134202292,545,78fee904-6e88-496e-b37d-5f3e15fb072d,2020/02/13 13:06:29.320+00,Handveeg,2020/02/13 13:10:06.928+00,Handveeg,2 Stromen Gescheiden,Goed,Zwart,,N
6.59515035318548,53.017813233104,546,9fba7152-87ca-458c-b146-c6c5fe7315a6,2020/02/13 13:06:31.149+00,Handveeg,2020/02/13 13:06:31.149+00,Handveeg,Hondenpoep,Goed,Grijs,,N
6.59058127890816,53.0192502185745,547,06469113-fbae-450b-bbfa-31c3238ea264,2020/02/13 13:10:36.020+00,Handveeg,2020/02/13 13:10:36.020+00,Handveeg,Hondenpoep,Goed,Grijs,,N
6.58974852593952,53.0217847569522,548,da61918d-e0be-4efc-863b-5b40a6da4290,2020/02/13 13:13:43.712+00,Handveeg,2022/07/14 12:25:56.963+00,Handveeg,Hondenpoep,Goed,Grijs,,N
6.60087549277778,53.0149553418238,549,fecc9846-52c0-4e7b-8362-65c9a3dede68,2020/02/13 13:55:12.971+00,Handveeg,2020/02/13 13:55:12.971+00,Handveeg,Hondenpoep,Goed,Grijs,,N
6.59571053300131,53.0139768189175,550,c475f540-b3b4-40f2-aa68-c82d0f60fddb,2020/02/13 13:58:17.017+00,Handveeg,2020/02/13 13:58:17.017+00,Handveeg,Hondenpoep,Goed,Grijs,,N
6.59162674723567,53.0148157601955,551,b95225b0-bdb2-438f-8e9d-bb2151eb1b92,2020/02/13 14:00:47.847+00,Handveeg,2020/02/13 14:00:47.847+00,Handveeg,Hondenpoep,Goed,Grijs,,N
6.59583434943582,53.0246440719642,552,e08da2ac-fb9a-47cb-bed2-ea6864c5de7d,2020/02/13 14:06:07.018+00,Handveeg,2022/09/12 09:38:16.404+00,Handveeg,Capitol 60L,Goed,Appelgroen,,N
6.59658325607602,53.0035148833633,553,d6f15ce8-f9ca-49c6-a19c-4be815e47292,2020/02/13 14:16:34.046+00,Handveeg,2022/03/18 09:16:23.383+00,Handveeg,Capitol 60L,Goed,Appelgroen,,N
6.61027465922322,53.0113067220038,555,0c788d75-dc83-4cce-bc55-75dc7e0d2967,2020/02/13 14:21:38.721+00,Handveeg,2022/03/28 12:23:43.894+00,Handveeg,Capitol 60L,Goed,Appelgroen,,N
6.61170211723459,53.0128389130069,556,0d31cf21-f1b8-4212-9cfc-561724ef9381,2020/02/13 14:24:34.969+00,Handveeg,2022/03/28 11:51:14.457+00,Handveeg,Capitol 60L,Goed,Appelgroen,,N
6.61253669685283,53.0127215889606,557,a1cffada-de75-452b-9bd2-a58c989695ba,2020/02/13 14:25:40.633+00,Handveeg,2022/03/28 11:45:06.669+00,Handveeg,Capitol 60L,Goed,Appelgroen,,N
6.61260401573081,53.015784639236,558,428478b3-0133-43b6-9648-d8fd04782334,2020/02/13 14:28:28.654+00,Handveeg,2022/03/28 11:08:16.319+00,Handveeg,Capitol 60L,Goed,Appelgroen,,N
6.60943171471085,53.013103033812,559,b454ea82-5347-40e1-9600-401f6a1d5d3a,2020/02/13 14:31:28.927+00,Handveeg,2022/03/29 06:16:41.374+00,Handveeg,Capitol 60L,Goed,Appelgroen,,N
6.51080595988366,53.0031730765418,560,f63a74f0-be66-4752-a124-86ef11c5377b,2020/02/14 07:12:52.991+00,Handveeg,2020/02/14 07:12:52.991+00,Handveeg,Hondenpoep,Goed,Grijs,,N
6.57633995249504,53.0002118628241,563,31b8598c-e104-447e-8e10-ff0796af86f6,2020/02/14 09:32:08.940+00,Handveeg,2021/11/16 06:52:01.342+00,B.Smeenge@assen.nl_assen,Capitol 60L Zwart,Goed,Groen,,N
6.57213015324855,53.0003695982424,564,b0370cf9-d8f6-4f6a-9c88-c57c4cf26442,2020/02/14 09:35:46.149+00,Handveeg,2020/02/14 09:35:46.149+00,Handveeg,Citypol,Goed,Zwart,,N
6.57424394313005,53.0031575692599,565,4bb05fa8-6a5b-49db-844d-117bcd570669,2020/02/14 09:38:34.005+00,Handveeg,2021/12/08 10:00:50.667+00,Handveeg,Capitol 60L Zwart,Goed,Zwart,,N
6.57074676057899,53.0024134329554,566,414c42a7-7736-4902-b295-4ad761308a82,2020/02/14 09:41:45.196+00,Handveeg,2022/08/03 09:06:45.745+00,Handveeg,Capitol 60L Zwart,Goed,Zwart,,N
6.56781744978372,52.9868327348081,569,0649c881-f7d8-449d-8b42-6799dfb6b28d,2020/02/14 10:17:26.555+00,Handveeg,2020/02/14 10:17:26.555+00,Handveeg,Hondenpoep,Goed,Grijs,,N
6.56788385968775,52.9859701506442,570,a8a5ef5d-2f6e-4e75-8ca2-ff6773823849,2020/02/14 10:19:24.188+00,Handveeg,2022/03/16 11:56:57.698+00,Handveeg,Capitol 60L Zwart,Goed,Zwart,,N
6.56778528665745,52.9837308068716,571,c274b1ee-d72d-4681-98e1-77b228d8de2e,2020/02/14 10:22:59.393+00,Handveeg,2022/03/16 12:29:33.628+00,Handveeg,Capitol 60L Zwart,Goed,Zwart,,N
6.56699824831068,52.9825335640019,572,71a354d4-3edf-4cff-ad48-3b1c4818fa67,2020/02/14 10:26:41.395+00,Handveeg,2022/03/16 12:55:51.839+00,Handveeg,Capitol 60L Zwart,Goed,Zwart,,N
6.56329443382798,52.9793102747321,574,42f6320f-64e3-4498-8556-eb60ef21d696,2020/02/14 10:32:27.090+00,Handveeg,2022/03/17 08:06:43.896+00,Handveeg,Capitol 60L Zwart,Goed,Zwart,,N
6.55500495039682,52.9775114615643,576,03a15dd5-83b9-4a21-850f-d595875e56cd,2020/02/14 10:39:32.750+00,Handveeg,2022/03/16 13:14:58.416+00,Handveeg,Capitol 60L Zwart,Goed,Zwart,,N
6.54865960899582,52.9752316045321,577,f2fdd38a-dafb-4e78-8503-84526f39cbdb,2020/02/14 10:43:28.463+00,Handveeg,2022/09/14 12:47:45.022+00,Handveeg,Capitol 60L,Goed,Appelgroen,,N
6.55615578573731,52.9767353960808,578,c016190f-cfd0-46c6-a2f2-8be489e8041e,2020/02/14 10:47:47.545+00,Handveeg,2022/03/17 07:22:54.488+00,Handveeg,Capitol 60L Zwart,Goed,Zwart,,N
6.61038934084857,53.0025210101147,579,80b1dc67-c892-4499-a5c8-01395afb1746,2020/02/14 11:43:46.173+00,Handveeg,2022/03/29 08:19:46.465+00,Handveeg,Capitol 60L,Goed,Appelgroen,,N
6.60904561514144,52.9998593488109,580,20ab0aac-95e0-46cd-bb53-5182a4690798,2020/02/14 11:47:34.852+00,Handveeg,2022/03/29 08:42:26.248+00,Handveeg,Capitol 60L,Goed,Appelgroen,,N
6.6078844417266,52.9950731277224,581,383379ec-7545-437b-86fd-48ed77b7f25e,2020/02/14 11:51:12.951+00,Handveeg,2022/03/31 07:57:33.088+00,Handveeg,Capitol 60L,Goed,Appelgroen,,N
6.60785900569191,52.9950757330876,582,cd51a0d3-dec3-46ed-97e0-568098031fa9,2020/02/14 11:51:42.461+00,Handveeg,2022/03/30 08:22:20.919+00,Handveeg,Capitol 60L,Goed,Appelgroen,,N
6.59943116341358,52.9928633534195,583,d4252cc8-7383-4ab1-b496-8d80c058c5a5,2020/02/14 11:55:38.301+00,Handveeg,2022/03/18 12:05:53.329+00,Handveeg,Capitol 60L,Goed,Appelgroen,,N
6.59812330542244,52.9926129042419,584,967359fe-1037-42ec-974d-2730e334f36b,2020/02/14 11:57:28.303+00,Handveeg,2022/03/18 12:16:53.259+00,Handveeg,Capitol 60L,Goed,Appelgroen,,N
6.59669176245886,52.9928511650901,585,b0635fe2-1eb3-4d55-ad9f-1fb26e7abbd6,2020/02/14 11:59:05.827+00,Handveeg,2022/03/18 08:00:03.924+00,Handveeg,Capitol 100L,Goed,Appelgroen,,N
6.59427148899384,52.9942953647596,586,c899b0e8-5c8f-45d7-b5d1-3a3639d3cb7c,2020/02/14 12:01:12.551+00,Handveeg,2022/05/18 08:20:48.197+00,Handveeg,Capitol 60L,Goed,Appelgroen,,N
6.59268279004871,52.9933517963926,587,406b9844-4886-4ddd-98a0-8a04f48d116c,2020/02/14 12:03:18.940+00,Handveeg,2022/05/18 08:56:33.848+00,Handveeg,Capitol 60L,Goed,Appelgroen,,N
6.59822606665678,52.9970895661005,588,918a724e-b895-49e6-a846-6669aacb5df3,2020/02/14 12:07:26.319+00,Handveeg,2022/03/17 13:08:47.639+00,Handveeg,Capitol 60L,Goed,Appelgroen,,N
6.5959460104428,52.9823053224879,591,5bebe222-9eff-49f1-b77b-99d1f378f1ee,2020/02/14 12:30:16.052+00,Handveeg,2022/03/21 09:44:20.384+00,Handveeg,Capitol 60L,Goed,Appelgroen,,N
6.58288819735035,52.9781305329945,592,7d0306c0-2aea-4dc1-863d-73e550857d15,2020/02/14 12:36:12.426+00,Handveeg,2022/03/21 10:04:59.644+00,Handveeg,Capitol 60L,Goed,Appelgroen,,N
6.58063543798175,52.9747448233817,593,abcdec88-bcfb-44d8-8311-fa3eadd8f6dd,2020/02/14 12:38:57.208+00,Handveeg,2022/03/21 10:25:42.332+00,Handveeg,Capitol 60L,Goed,Appelgroen,,N
6.58544662502063,52.9688156670853,594,08987f2d-d574-42c8-b0de-d72b5a567da6,2020/02/14 12:42:09.918+00,Handveeg,2022/03/18 12:59:26.281+00,Handveeg,Capitol 60L,Goed,Appelgroen,,N
6.52099443434067,52.9970704211811,595,6cf155d2-c445-46f0-ae41-d7ae52fcfd08,2020/02/17 12:48:10.854+00,Handveeg,2022/03/22 10:25:01.250+00,Handveeg,Capitol 60L,Goed,Appelgroen,,N
6.57339374221117,53.025653828341,597,895bc5cf-1c73-48b3-93a5-c303d154da9e,2020/02/18 07:24:58.928+00,Handveeg,2022/03/16 10:28:28.939+00,Handveeg,Vangmuil,Goed,Appelgroen,,N
6.54796688476231,53.0129671900406,599,6117ff7e-da52-4c00-9b4a-dd6f580f1510,2020/02/18 09:12:40.690+00,Handveeg,2020/02/18 09:12:40.690+00,Handveeg,Hondenpoep,Goed,Grijs,,N
6.54758247289968,53.0140667098871,600,e85e8fb1-36d5-467b-be77-63d7b1046b70,2020/02/18 09:15:55.448+00,Handveeg,2020/03/04 08:22:05.226+00,B.Smeenge@assen.nl_assen,Hondenpoep,Goed,Grijs,,N
6.54792314570104,53.0136985779204,601,d625c369-6dc2-471a-a347-0e73e8fea098,2020/02/18 09:18:44.335+00,Handveeg,2020/02/18 09:18:44.335+00,Handveeg,Hondenpoep,Goed,Grijs,,N
6.5457980281601,53.0105239901973,602,fc8f5bb6-f737-449b-81ba-ad0921960d5a,2020/02/18 09:27:09.809+00,Handveeg,2020/02/18 09:27:09.809+00,Handveeg,Hondenpoep,Goed,Grijs,,N
6.56979141944415,52.9870285596497,603,84130698-b297-4eb1-bf71-9a71578dc3a2,2020/02/18 09:52:16.556+00,Handveeg,2022/03/17 08:03:55.383+00,Handveeg,Capitol 60L Zwart,Goed,Zwart,,N
6.5703641972451,52.9848091921285,605,e97ec024-d1ec-4f10-9c98-71d47b340f67,2020/02/18 10:09:32.008+00,Handveeg,2020/02/18 10:09:32.008+00,Handveeg,Hondenpoep,Goed,Grijs,,N
6.53394775738264,52.9864259017912,606,055794d0-5c9d-4c58-b240-a0c6ac0ae597,2020/02/18 10:12:38.786+00,Handveeg,2020/02/18 10:12:38.786+00,Handveeg,Hondenpoep,Goed,Grijs,,N
6.57075806133809,52.986137713954,607,a22d4082-66ed-474f-b3f3-c97775814ce2,2020/02/18 10:13:50.886+00,Handveeg,2020/02/18 10:13:50.886+00,Handveeg,Hondenpoep,Goed,Grijs,,N
6.57356647950936,52.9879849681158,608,0c6f0705-bc1f-41ea-a0a2-9e4dc6031561,2020/02/18 10:16:49.485+00,Handveeg,2020/02/18 10:16:49.485+00,Handveeg,Hondenpoep,Goed,Grijs,,N
6.57384918628077,52.9880540287578,610,861fbe13-2e5d-4f8d-90ef-59ff029f9db1,2020/02/18 10:19:32.423+00,Handveeg,2022/03/17 09:44:25.871+00,Handveeg,Capitol 60L,Goed,Appelgroen,,N
6.53554344756894,52.9784100276715,613,2e2c7105-f2e6-4a95-ac56-1894ce800547,2020/02/18 10:22:24.406+00,Handveeg,2020/02/18 10:22:24.406+00,Handveeg,Hondenpoep,Goed,Grijs,,N
6.57461245719333,52.9899834600774,614,257f8209-7586-4f66-afb1-ac0ccbc5a67a,2020/02/18 10:39:58.343+00,Handveeg,2020/02/18 10:39:58.343+00,Handveeg,Hondenpoep,Goed,Grijs,,N
6.57318358199995,52.9900898712858,615,d560ece4-ed4f-4de7-bc19-e681fe334d5f,2020/02/18 10:42:16.316+00,Handveeg,2020/02/18 10:42:16.316+00,Handveeg,Adoptie,Goed,Geel,,N
6.57208529535659,52.9901210823673,616,c809d17e-5baa-4271-ad1a-e8169f25db22,2020/02/18 10:45:33.490+00,Handveeg,2020/02/18 10:45:33.490+00,Handveeg,Hondenpoep,Goed,Grijs,,N
6.57599718747688,52.9915417881158,618,db905210-909f-4eae-ab24-f33d918b92cd,2020/02/18 12:23:28.157+00,Handveeg,2022/03/07 11:05:52.738+00,B.Smeenge@assen.nl_assen,Hondenpoep,Goed,Grijs,,N
6.58029406920104,52.9917643714758,619,0d0040b7-f503-47ab-9138-716adb207298,2020/02/18 12:33:18.210+00,Handveeg,2022/05/10 08:51:51.063+00,Handveeg,Hondenpoep,Goed,Grijs,,N
6.57923978097346,52.990399089478,620,b1aecde3-be24-4c8f-b9f1-86b5ba570dc5,2020/02/18 12:35:32.285+00,Handveeg,2022/03/17 10:04:58.590+00,Handveeg,Capitol 60L,Goed,Appelgroen,,N
6.58082741044548,52.9904140544669,622,f64a4506-133e-4510-a2d7-7b35d0971ec5,2020/02/18 12:39:38.624+00,Handveeg,2020/02/18 12:39:38.624+00,Handveeg,Hondenpoep,Goed,Grijs,honden speelplek,N
6.58109573474497,52.9904198289832,623,89753cef-52b5-4ad0-8055-f2d3bca48f29,2020/02/18 12:41:21.753+00,Handveeg,2022/05/12 08:31:30.803+00,Handveeg,Capitol 60L,Goed,Appelgroen,,N
6.55897484094007,52.9799008311372,625,a65990d6-079a-4fba-b9f9-bdb91419d59e,2020/02/18 14:04:49.688+00,Handveeg,2020/02/18 14:04:49.688+00,Handveeg,2 Stromen Gescheiden,Goed,Zwart,,N
6.56395085199666,53.0058090862494,626,ae3b1e9d-f579-4415-82c3-e49452dbb971,2020/02/18 14:07:12.313+00,Handveeg,2020/02/18 14:07:12.313+00,Handveeg,Hondenpoep,Goed,Grijs,,N
6.55926646763445,52.9786776278725,627,d6efaf58-cc91-4349-873f-3b7c85928c97,2020/02/18 14:07:29.793+00,Handveeg,2020/02/18 14:07:29.793+00,Handveeg,Overig,Goed,Groen,,N
6.56112530213713,53.0036432050664,628,bb485e8a-a072-447b-9f20-1e06a91917c5,2020/02/18 14:09:16.165+00,Handveeg,2022/06/16 11:28:14.559+00,Handveeg,Capitol 60L,Goed,Appelgroen,,N
6.55990493534275,53.0039086022495,629,764edff7-b1c0-4e41-9568-f7fccccc0e4a,2020/02/18 14:10:40.648+00,Handveeg,2022/06/16 11:47:27.027+00,Handveeg,Capitol 60L,Goed,Appelgroen,,N
6.54729292588702,52.9858087670469,631,a6f3d9a0-a76f-471a-b9f5-8435f8e74d0a,2020/02/18 14:12:57.363+00,Handveeg,2020/02/18 14:12:57.363+00,Handveeg,2 Stromen Gescheiden,Goed,Zwart,,N
6.56091386139864,53.0080473712929,633,5e64662d-f2a8-4926-86e1-54075bda20de,2020/02/18 14:14:17.518+00,Handveeg,2020/02/18 14:14:17.518+00,Handveeg,Hondenpoep,Goed,Grijs,,N
6.58867505078682,52.9935592894019,634,bef84767-fe31-4a02-a178-121203c45b46,2020/02/18 14:14:59.666+00,Handveeg,2022/05/19 06:40:16.724+00,Handveeg,Capitol 60L,Goed,Appelgroen,,N
6.56368076335197,53.0096388600178,635,0056cb93-1799-402c-b31f-f3d0e4bf54c3,2020/02/18 14:16:09.427+00,Handveeg,2022/05/09 11:36:32.136+00,Handveeg,Capitol 60L,Goed,Groen,en recht zetten,N
6.54724491668335,52.9860653169679,636,416b510f-2ee6-471a-9e1d-6d1fa2d59554,2020/02/18 14:17:49.418+00,Handveeg,2020/02/18 14:17:49.418+00,Handveeg,2 Stromen Gescheiden,Goed,Zwart,,N
6.56533906936586,53.0089062755097,637,da4ba96f-878f-4514-afcf-5331b88eabe8,2020/02/18 14:17:51.549+00,Handveeg,2022/05/09 11:09:02.201+00,Handveeg,Capitol 60L,Goed,Appelgroen,,N
6.5857952544598,52.994647711072,638,13d9e436-dc9b-4341-bbe6-220763495fe2,2020/02/18 14:18:26.881+00,Handveeg,2022/05/17 07:08:02.751+00,Handveeg,Vangmuil,Goed,Appelgroen,,N
6.56326000251587,53.0081387756908,641,e303b0bf-6ba7-4e42-9291-b4fab13d5a3c,2020/02/18 14:21:17.229+00,Handveeg,2022/05/09 09:41:59.534+00,Handveeg,Capitol 60L,Goed,Appelgroen,,N
6.57169987915846,53.0302398982909,643,3bbab636-d839-4573-9334-48b61ea84ed4,2020/02/19 07:44:45.881+00,Handveeg,2022/05/17 11:56:26.691+00,Handveeg,Vangmuil,Goed,Appelgroen,,N
6.51902981794674,53.0038450503061,644,ed2787c1-65ae-4079-9c59-7ab527554202,2020/02/19 07:53:14.562+00,Handveeg,2021/11/24 12:18:15.507+00,Handveeg,Capitol 60L Zwart,Goed,Zwart,,N
6.58652081778685,52.9909526462191,646,7021b9b4-fb29-4a1a-8a73-45a147d77ffc,2020/02/19 09:55:01.705+00,Handveeg,2020/02/19 09:55:01.705+00,Handveeg,Hondenpoep,Goed,Grijs,,N
6.58270311214276,52.9916448224093,649,5cd0970d-913c-4ada-91f0-67e046c0d50f,2020/02/19 10:24:40.419+00,Handveeg,2022/05/11 08:29:45.581+00,Handveeg,Capitol 60L,Goed,Appelgroen,,N
6.58221876730454,52.9910458817049,650,c2191d4d-b4e1-4cdb-9989-056a14f3ae06,2020/02/19 10:27:25.385+00,Handveeg,2022/05/11 08:52:22.275+00,Handveeg,Capitol 60L,Goed,Appelgroen,,N
6.58374964623445,52.990786710554,652,85c00747-5fcc-46c7-9650-1974bbe552a8,2020/02/19 10:32:42.632+00,Handveeg,2022/05/11 11:01:50.201+00,Handveeg,Capitol 60L,Goed,Appelgroen,,N
6.58365600721056,52.9904384400353,654,cadc91ef-304d-45ef-8e1a-3b8ba835bb65,2020/02/19 10:34:39.889+00,Handveeg,2022/05/11 10:53:41.576+00,Handveeg,Capitol 60L,Goed,Appelgroen,,N
6.58107350526794,52.9976506942529,656,49664e09-b1a7-49c9-a165-ab69fe7fe271,2020/02/19 10:52:31.486+00,Handveeg,2022/03/22 09:20:53.464+00,Handveeg,Vangmuil,Goed,Appelgroen,,N
6.58014945842938,52.9828167105906,657,15723130-13c3-4b1c-a30e-cd342e7edf92,2020/02/19 14:18:29.250+00,Handveeg,2022/03/21 12:30:10.179+00,Handveeg,Capitol 60L,Goed,Appelgroen,,N
6.53135516897219,52.9865421973396,658,b91716b9-6dc6-427b-8563-032f419bf68d,2020/02/20 10:23:08.365+00,Handveeg,2022/03/10 14:11:46.037+00,Handveeg,Capitol 60L Zwart,Goed,Zwart,,N
6.53116352510386,52.9871036474181,659,83d6277b-4777-40d6-81ef-2d4723545ccb,2020/02/20 10:25:40.293+00,Handveeg,2022/09/07 13:01:45.413+00,B.Smeenge@assen.nl_assen,Hondenpoep,Onderhoud Nodig,Grijs,moet klep op,N
6.50221897835403,52.9665428446043,663,f84a3f22-64b3-4503-86a8-e8043f1dd907,2020/02/26 08:24:08.172+00,B.Smeenge@assen.nl_assen,2022/04/19 11:13:18.987+00,Handveeg,Capitol 60L,Goed,Appelgroen,,N
6.53147228192677,52.9840981850069,665,3043329d-9e4a-4baf-a2ea-39f7ea13a4bd,2020/03/03 13:00:03.900+00,Handveeg,2020/03/03 13:00:03.900+00,Handveeg,Hondenpoep,Goed,Grijs,gevonden,N
6.56848423052678,53.0188808908268,666,2b85cbdf-e219-40ee-bad7-a48d49de9310,2020/03/04 08:58:49.751+00,Handveeg,2020/03/04 08:58:49.751+00,Handveeg,Hondenpoep,Goed,Grijs,,N
6.56619015627061,53.0166087017025,667,920b246a-2436-4df1-b25c-1d5f67b6a3bc,2020/03/04 09:03:23.562+00,Handveeg,2022/07/26 08:04:32.182+00,Handveeg,Hondenpoep,Goed,Grijs,,N
6.56609362028578,53.0154810542346,668,a3fc35ea-6b90-48d5-bcae-0e19554a64fb,2020/03/04 09:04:55+00,Handveeg,2020/03/04 09:04:55+00,Handveeg,Hondenpoep,Goed,Grijs,,N
6.56418713788052,53.0137286341412,669,0456283a-4e30-4a92-a174-71df7d2d2525,2020/03/04 09:08:50.852+00,Handveeg,2020/03/04 09:18:15.371+00,Handveeg,Hondenpoep,Goed,Grijs,,N
6.56218393731704,53.0147629736844,670,c31576fc-17ba-47d8-95a9-2a1dfd74fd0a,2020/03/04 09:25:21.165+00,Handveeg,2020/03/04 09:25:21.165+00,Handveeg,Hondenpoep,Goed,Grijs,,N
6.56346694708922,53.016611363941,671,4e689dd5-103d-4ee3-bf89-ef22b0b19c6c,2020/03/04 09:27:08.227+00,Handveeg,2020/03/04 10:12:10.909+00,B.Smeenge@assen.nl_assen,Hondenpoep,Goed,Grijs,,N
6.56500299433914,53.0199902857782,672,78db6d96-cc6d-482f-8b0a-b1861fcc61fa,2020/03/04 09:29:43.458+00,Handveeg,2020/03/04 09:29:43.458+00,Handveeg,Hondenpoep,Goed,Grijs,,N
6.56265775933704,53.0198506799485,673,e6dfd911-ece3-494c-b6d0-a129066b3e35,2020/03/04 09:31:26.069+00,Handveeg,2020/03/04 09:31:26.069+00,Handveeg,Hondenpoep,Goed,Grijs,,N
6.5575145358577,53.0181019405923,674,c8c62092-90d2-4d86-93f2-9a2cbce0c055,2020/03/04 09:39:12.725+00,Handveeg,2020/03/04 09:39:12.725+00,Handveeg,Hondenpoep,Goed,Grijs,,N
6.55262443825371,53.0167517708845,675,f618c6ae-6331-4ab9-9c6b-46a1e852ae27,2020/03/04 09:42:39.791+00,Handveeg,2020/03/04 09:42:39.791+00,Handveeg,Hondenpoep,Goed,Grijs,,N
6.55468810436446,53.0166264374766,676,4a5496e4-bc4a-42fa-9538-94466083a85e,2020/03/04 09:46:15.668+00,Handveeg,2020/03/04 09:46:15.668+00,Handveeg,Hondenpoep,Goed,Grijs,,N
6.55500763021979,53.0192937490201,677,4548e6d1-db6b-4ae9-be25-570a9b2916c5,2020/03/04 11:50:30.675+00,Handveeg,2020/03/04 11:52:59.402+00,Handveeg,Hondenpoep,Goed,Grijs,,N
6.55793620423395,53.015581070975,679,d74dd006-b873-4b98-b6d1-a46c96e368bd,2020/03/04 11:59:58.630+00,Handveeg,2022/09/07 06:58:22.407+00,B.Smeenge@assen.nl_assen,Hondenpoep,Goed,Grijs,,N
6.57033566523114,52.991945667693,680,fb7c80d9-ea5f-42d2-b0c0-a85c627fcc13,2020/03/09 12:09:43.708+00,Handveeg,2020/03/09 12:09:43.708+00,Handveeg,2 Stromen Gescheiden,Goed,Grijs,"stond ongeveer 15 meter verder op, oude foto verwijderd, opnieuw ingevoerd.",N
6.57033454306264,52.9919564629879,681,1718bcba-fd0c-45ab-9862-15345e91d216,2020/03/09 12:12:00.314+00,Handveeg,2020/03/09 12:12:00.314+00,Handveeg,2 Stromen Gescheiden,Goed,Grijs,"stond ongeveer 15 meter verder, isverplaatst, oude foto verwijderd, opnieuw ingevoerd.",N
6.56836875366108,52.9932638019802,682,06f6c75e-f659-479a-8677-783d0d071976,2020/03/10 06:47:16.655+00,Handveeg,2020/03/10 06:48:15.201+00,Handveeg,Citypol,Goed,Zwart,,N
6.58721389040655,52.9927273367403,683,a557d9b2-b327-44e8-ad02-24714071b8d9,2020/03/12 12:12:57.874+00,Handveeg,2022/03/17 11:58:39.829+00,Handveeg,Capitol 60L,Goed,Appelgroen,,N
6.5565464481242,53.0074362672435,684,041246dd-8ee2-447a-b13a-ede4f143c41c,2020/03/13 12:17:59.463+00,Handveeg,2020/03/13 12:17:59.463+00,Handveeg,Hondenpoep,Goed,Grijs,,N
6.55458290624828,53.0093264505796,685,b6769d1a-9fdd-456d-b170-7da270fc6577,2020/03/13 12:22:42.874+00,Handveeg,2020/03/13 12:22:42.874+00,Handveeg,Hondenpoep,Goed,Grijs,,N
6.50855451034819,53.0057543867106,686,bc774e43-8171-4e97-9afb-d6c79ae69241,2020/05/06 06:15:31.242+00,Handveeg,2022/03/24 10:10:39.505+00,Handveeg,Capitol 60L,Goed,Appelgroen,,N
6.56881701994578,52.9709157686913,691,fcca49fe-105c-4e1c-861d-b6a36a3f85eb,2020/05/26 11:15:00.098+00,Handveeg,2022/09/07 12:59:37.221+00,B.Smeenge@assen.nl_assen,Hondenpoep,Onderhoud Nodig,Grijs,moet klep op,N
6.56675702159508,52.9701748017791,692,e9086439-e2d9-46a8-9b32-c231e9346b65,2020/05/26 11:16:59.968+00,Handveeg,2022/09/07 12:59:01.454+00,B.Smeenge@assen.nl_assen,Hondenpoep,Onderhoud Nodig,Grijs,moet klep op,N
6.56733631367583,52.9744475092339,693,30abd9a9-f876-4f25-816a-43292b984221,2020/05/26 11:24:11.387+00,Handveeg,2022/09/07 13:00:06.575+00,B.Smeenge@assen.nl_assen,Hondenpoep,Onderhoud Nodig,Grijs,moet klep op,N
6.56379906253184,52.9698894181069,694,b8ed2a78-21b9-44a6-a0b8-c20fafbe715d,2020/05/26 11:35:35.578+00,Handveeg,2022/09/07 12:58:20.714+00,B.Smeenge@assen.nl_assen,Hondenpoep,Onderhoud Nodig,Grijs,moet een klep op,N
6.51662706045347,52.9963958069446,695,0c35d713-4d5b-49a5-93b4-6c8e964d86ab,2020/05/27 08:45:22.103+00,Handveeg,2020/05/27 08:45:22.103+00,Handveeg,Hondenpoep,,Grijs,,N
6.55167166416706,52.9861933858209,696,f92637e1-8e53-48e6-b043-f15104caeb5f,2020/06/24 13:13:41.409+00,Handveeg,2020/06/24 13:13:41.409+00,Handveeg,Hondenpoep,Goed,Grijs,,N
6.58561442183938,53.0149316027732,699,f2408e9b-8b79-499f-a0d0-3ac6c0ff1a13,2020/09/03 10:47:25.574+00,Handveeg,2022/03/04 11:55:20.052+00,Handveeg,Capitol 60L,Goed,Appelgroen,,N
6.5558243943933,53.0189843475191,702,ae4d42d0-85b4-47f6-9e4e-014f7daed16c,2020/09/03 12:31:49.806+00,Handveeg,2022/03/07 12:43:37.537+00,Handveeg,Capitol 60L,Goed,Appelgroen,,N
6.57965255197638,52.9902939862097,703,96ffeeb3-84ba-4ddd-91c7-1d72a5dae41a,2020/09/04 06:09:38.559+00,Handveeg,2020/09/04 06:09:38.559+00,Handveeg,Vangmuil,,,,N
6.58022271030397,52.9900094573142,705,02c34441-da2c-4a2e-837a-c41e1168fd0b,2020/09/04 06:15:55.225+00,Handveeg,2022/05/12 08:11:05.319+00,Handveeg,Capitol 60L,Goed,Appelgroen,,N
6.56831193473041,52.9959158824945,706,a51a6051-e59f-4934-ba94-d2438b04399d,2020/09/04 09:36:33.565+00,Handveeg,2022/02/08 12:06:09.503+00,B.Smeenge@assen.nl_assen,Capitol 60L Zwart,,Zwart,,N
6.54700417287298,53.001692791813,715,ec94d597-0c06-4a56-8831-268af94f0098,2020/10/13 08:37:46.512+00,Handveeg,2020/10/13 08:37:46.512+00,Handveeg,,,,,N
6.54697671248987,53.0017234329662,716,a79d10bd-95d5-4fc1-ae88-16b36c00caf5,2020/10/13 08:38:50.921+00,Handveeg,2020/10/13 08:38:50.921+00,Handveeg,,,,,N
6.54698107288037,53.001738083021,717,113fc556-5ffd-4a3d-9645-3da8e96be1cb,2020/10/13 08:39:23.736+00,Handveeg,2020/10/13 08:39:23.736+00,Handveeg,,,,,N
6.54697240326665,53.0017414607276,718,88cd9230-5950-469c-9c67-24bf2db78077,2020/10/13 08:41:58.818+00,Handveeg,2022/09/06 12:09:37.409+00,Handveeg,Capitol 60L,Goed,Appelgroen,,N
6.5635466301975,53.0110329278294,719,f5dfb9c4-7db8-476a-94af-8141150e065e,2020/10/20 05:55:24.139+00,Handveeg,2022/05/09 09:15:01.978+00,Handveeg,Capitol 60L,Goed,Appelgroen,,N
6.56268929106384,53.0110831541401,720,1e32c2e2-449f-47e6-b332-bc7246642f87,2020/10/20 05:58:13.380+00,Handveeg,2020/10/20 05:58:13.380+00,Handveeg,Hondenpoep,Goed,Grijs,,N
6.58539039888787,52.9915224360321,722,43f41684-e179-4796-b7b7-7c0ea1f584f0,2020/10/21 11:08:46.850+00,Handveeg,2022/05/11 11:15:29.593+00,Handveeg,Capitol 60L,Goed,Appelgroen,,N
6.52013331730199,53.0044906107692,725,fc971505-7e38-4472-8031-be1f43d198cf,2021/01/18 12:29:39.836+00,Handveeg,2021/11/15 14:19:22.175+00,B.Smeenge@assen.nl_assen,Hondenpoep,Goed,Grijs,,N
6.57272066096561,52.9996452284625,726,ea6317af-11b7-4259-a1f8-1b5e840d279b,2021/01/28 10:54:57.491+00,Handveeg,2021/11/16 06:54:09.148+00,B.Smeenge@assen.nl_assen,Capitol 60L Zwart,Goed,Zwart,,N
6.57860397669118,53.0157596955556,727,f8bc9b5d-a7db-44f8-b8d5-ee2a4058ee29,2021/01/28 10:57:59.990+00,Handveeg,2021/01/28 10:57:59.990+00,Handveeg,Hondenpoep,Goed,Grijs,,N
6.53434609332004,52.9880900901478,728,435e95bd-3dbe-4712-8279-1cc5fb82d117,2021/03/24 12:05:25.499+00,Handveeg,2022/05/20 12:21:47.134+00,Handveeg,Vangmuil,Goed,Appelgroen,,N
6.55827209719914,52.9975819191599,729,6592e51f-4424-4444-ab3e-1e7a813321f3,2021/03/24 14:38:57.788+00,Handveeg,2022/02/08 13:25:22.170+00,Handveeg,Capitol 60L Zwart,Goed,Zwart,,N
6.51595803636517,53.0003310430141,730,36615642-fa22-4359-9a3e-e5b3ddf2879b,2021/04/14 11:36:13.068+00,Handveeg,2022/06/23 07:18:08.254+00,B.Smeenge@assen.nl_assen,Capitol 60L,Onderhoud Nodig,Appelgroen,beugel zwart maken en sticker,N
6.54117581824498,53.0043632273199,732,d58e24fa-353e-4336-a306-f06e9ed3aaa0,2021/06/03 08:48:15.593+00,Handveeg,2022/03/24 13:22:06.558+00,Handveeg,Capitol 60L,Goed,Appelgroen,,N
6.54020027659735,53.0049074067472,733,0ea350f3-5bea-4370-9dfa-43081b51b7f8,2021/06/03 08:50:05.516+00,Handveeg,2021/06/03 08:50:05.516+00,Handveeg,Hondenpoep,Goed,Grijs,,N
6.54201774073132,53.003966900428,734,9da5983b-838f-40f9-a63a-ae6d8a037dd1,2021/06/03 08:57:43.188+00,Handveeg,2021/06/03 08:57:43.188+00,Handveeg,Hondenpoep,Goed,Grijs,,N
6.54361093402004,53.0074836988099,735,f7cb70dd-c99c-416e-ac44-1961e3141433,2021/06/03 09:07:37.897+00,Handveeg,2022/02/16 10:13:50.875+00,Handveeg,Hondenpoep,Goed,Grijs,andere bak opzetten.,N
6.54721598315013,53.0083909144348,736,45861abb-c5e3-462f-b344-f09f2ba15618,2021/06/03 09:09:07.267+00,Handveeg,2021/06/03 09:09:07.267+00,Handveeg,Hondenpoep,Goed,Grijs,,N
6.57420507342891,52.9933163586396,739,653d08e2-8152-49d5-8452-52fa316cf9cf,2021/06/17 11:48:15.622+00,Handveeg,2022/03/15 13:35:45.913+00,Handveeg,Capitol 60L,Goed,Appelgroen,,N
6.57533313398246,52.9999968273344,743,5bf3ffe0-89ef-4990-8598-e8ca2216d5f9,2021/06/18 05:48:28.404+00,Handveeg,2021/11/16 06:52:45.263+00,B.Smeenge@assen.nl_assen,Capitol 60L Zwart,Goed,Zwart,,N
6.57387917007605,52.9998136014435,744,07f1332c-5f5c-4d67-929a-e83540ddb72e,2021/06/18 05:50:31.450+00,Handveeg,2021/11/16 07:06:14.948+00,B.Smeenge@assen.nl_assen,Capitol 60L Zwart,Goed,Zwart,,N
6.57217344687945,52.9994628110539,745,102012c5-64e9-445c-bedd-a24667b63862,2021/06/18 05:53:59.172+00,Handveeg,2021/11/16 06:51:37.965+00,B.Smeenge@assen.nl_assen,Capitol 60L Zwart,Goed,Zwart,,N
6.58529591107896,53.018115630763,746,75e961c0-9b82-4949-b271-be2a3ac4e928,2021/06/18 06:44:19.382+00,Handveeg,2022/02/01 10:29:59.332+00,Handveeg,Capitol 60L Zwart,Goed,Zwart,,N
6.58483587361562,53.018365126361,748,6e40b23f-ea92-4949-8d7f-c85a7bf194c7,2021/06/18 06:49:01.869+00,Handveeg,2022/02/01 10:30:37.335+00,Handveeg,Capitol 60L Zwart,Goed,Zwart,,N
6.58467912092371,53.0184533652311,749,9c3bba3f-7743-4731-bffd-087a7626c1ed,2021/06/18 06:49:46.020+00,Handveeg,2022/02/01 10:31:03.997+00,Handveeg,Capitol 60L Zwart,Goed,Zwart,,N
6.59020059681318,53.0204320187915,750,aad03c02-ea49-4129-bb04-03a729e3d2ae,2021/06/18 08:13:53.222+00,Handveeg,2022/03/03 12:41:35.176+00,Handveeg,Capitol 60L,Goed,Appelgroen,,N
6.59069072845055,53.0209139744311,751,fb85642b-5031-4b3e-82ec-fd2f5fc82732,2021/06/18 08:15:42.670+00,Handveeg,2022/06/14 12:54:58.184+00,Handveeg,Hondenpoep,Goed,Grijs,,N
6.59028991326585,53.0210105649777,752,1a76dba3-e763-4db0-9997-99edd638e042,2021/06/18 08:17:34.160+00,Handveeg,2022/03/03 12:09:27.385+00,Handveeg,Capitol 60L,Goed,Appelgroen,,N
6.59021621528475,53.021019852895,753,b71bbffb-e0d5-4aa6-b40e-465a82f74117,2021/06/18 08:18:22.716+00,Handveeg,2022/03/03 12:08:46.160+00,Handveeg,Capitol 60L,Goed,Appelgroen,,N
6.58932698454023,53.0207873570302,755,36032b64-d389-40d1-a728-1b236f14ec02,2021/06/18 08:22:55.584+00,Handveeg,2022/03/03 12:35:28.407+00,Handveeg,Capitol 60L,Goed,Appelgroen,,N
6.58191170630725,53.0272979580461,756,6e69e07c-22d0-478d-854e-20894a3a416d,2021/06/18 08:48:37.610+00,Handveeg,2022/02/04 07:18:52.018+00,Handveeg,Capitol 60L,Goed,Appelgroen,,N
6.58152197693262,53.0275671656461,757,02ec4509-1b7e-4b5a-801b-6daff4b562b2,2021/06/18 08:52:24.707+00,Handveeg,2022/02/02 07:37:04.910+00,Handveeg,Capitol 60L,Goed,Appelgroen,,N
6.57889954277345,53.029539115559,758,4b33fae7-4d70-4fbb-85bd-7227c3d8c29f,2021/06/18 08:57:24.392+00,Handveeg,2022/02/02 07:28:35.868+00,Handveeg,Capitol 60L,Goed,Appelgroen,,N
6.57723696579624,52.9953650715156,762,ff4dbf0c-84bd-4858-aa1f-3e9ad4952f88,2021/06/22 09:40:44.162+00,Handveeg,2023/01/31 12:30:06.522+00,R.Zwets@assen.nl_assen,Hondenpoep,Onderhoud Nodig,Grijs,moet klep op,N
6.50605143621052,52.9933998322192,765,5983aa99-02b3-4f86-994e-ea3bb0b57c1f,2021/07/22 08:47:23.506+00,Handveeg,2021/07/22 08:47:23.506+00,Handveeg,Hondenpoep,Goed,Grijs,,N
6.51436686564953,52.9923248550031,766,a2f8e3e8-ccc5-4e05-ad14-2fb296246cd4,2021/07/22 08:57:23.810+00,Handveeg,2022/03/23 13:29:23.627+00,Handveeg,Capitol 60L,Goed,Appelgroen,,N
6.54921780952518,52.9917908617521,767,03fb2b1b-da1b-4b6d-855b-35504bdef997,2021/07/28 12:03:32.032+00,Handveeg,2021/07/28 12:03:32.032+00,Handveeg,Capitol 60L,Goed,Groen,naast de goorlaan,N
6.59283638716066,53.0271724855497,768,87b28a60-f891-4f7f-ba3e-72c728956939,2021/08/06 06:37:52.913+00,Handveeg,2021/08/06 06:37:52.913+00,Handveeg,Hondenpoep,Goed,Grijs,,N
6.55870084325749,52.9984178302131,769,c70efb38-be05-4ac6-94cb-7e2a88dc4301,2021/08/06 11:43:12.297+00,Handveeg,2022/05/18 11:53:41.095+00,Handveeg,Capitol 60L,Goed,Appelgroen,,N
6.56776996003254,53.0170707431827,770,a673b56d-8669-4dc0-8511-75e71c001b75,2021/08/26 06:02:55.885+00,Handveeg,2021/08/26 06:02:55.885+00,Handveeg,Hondenpoep,Goed,Grijs,,N
6.53998684082796,53.0065448162836,772,995a2860-593a-4908-8600-654e9fdf86d3,2021/09/16 07:11:14.292+00,Handveeg,2022/03/09 13:35:58.381+00,Handveeg,Capitol 60L,Goed,Appelgroen,,N
6.54049394016675,53.0067914493426,773,e9a8a01f-df94-444d-a2b6-ff1aac5b3627,2021/09/16 07:15:59.638+00,Handveeg,2022/03/10 10:37:45.389+00,Handveeg,Capitol 60L,Goed,Appelgroen,,N
6.55602504301844,53.0051668009337,774,a821cffb-100a-49f3-ba83-7c40f05a0b6c,2021/09/16 09:09:02.365+00,Handveeg,2022/05/09 12:45:27.287+00,Handveeg,Capitol 60L,Goed,Appelgroen,,N
6.54225776181152,52.9963695830338,775,7b8644d7-fb3f-45e5-b220-d663df7c8f0d,2021/09/16 12:51:42.144+00,Handveeg,2022/03/30 09:41:04.851+00,Handveeg,Capitol 60L,Goed,Appelgroen,,N
6.5454295569975,52.9845935273554,776,0de6c968-2d3e-415d-9491-d7396514cb65,2021/09/20 09:00:22.599+00,Handveeg,2022/06/09 11:36:22.550+00,Handveeg,Capitol 60L,Goed,Appelgroen,,N
6.5660805485512,53.0034351884687,777,9dd32864-9e03-4cef-850e-1e181bb4118f,2021/09/20 10:43:54.286+00,Handveeg,2022/08/18 11:24:35.379+00,Handveeg,Capitol 60L,Goed,Appelgroen,,N
6.56712464285541,53.0209906374963,780,4ccde56a-fea6-477f-be16-42e0f0e2739e,2021/09/21 07:02:36.769+00,Handveeg,2021/09/21 07:02:36.769+00,Handveeg,Hondenpoep,Goed,Grijs,,N
6.56901436085631,53.0035325833622,781,b16693f9-08cf-4985-9696-267ee2cc515d,2021/09/22 06:07:43.544+00,Handveeg,2022/08/18 11:03:12.360+00,Handveeg,Capitol 60L,Goed,Appelgroen,,N
6.5525013333603,52.994119348793,782,35e0c99a-eaac-4bd1-8dc9-918e1aec0b63,2021/09/22 06:38:05.732+00,Handveeg,2022/02/08 12:01:32.360+00,B.Smeenge@assen.nl_assen,Capitol 60L Zwart,Goed,Zwart,,N
6.57928001788112,52.9863312113019,783,9cd7e02b-0e6b-4dbd-b17e-c0c94b11cda1,2021/09/22 08:42:28.208+00,Handveeg,2021/09/23 10:31:16.223+00,Handveeg,Big Belly,Goed,Grijs,,N
6.52472399037885,53.0035333892301,784,93994c7e-3af2-4f7b-b16c-eb5a4b719f1b,2021/09/22 12:11:14.912+00,Handveeg,2022/03/22 09:57:09.434+00,Handveeg,Capitol 60L,Goed,Appelgroen,,N
6.56938954768963,52.9964836240334,785,dfba0a34-1794-4bec-aa50-15f105771bca,2021/09/22 12:20:06.126+00,Handveeg,2022/02/08 12:05:45.146+00,B.Smeenge@assen.nl_assen,Capitol 60L Zwart,Goed,Groen,,N
6.5640849506094,53.0142734288855,787,d77cb4ff-4302-4f56-a9cb-ed78fd461249,2021/09/22 12:27:54.967+00,Handveeg,2022/02/21 13:29:13.819+00,Handveeg,Capitol 60L,Goed,Appelgroen,geen sticker,N
6.54113485575144,53.008207826273,788,3f6a1815-9543-4002-a489-3a5a6d64c801,2021/09/23 07:08:28.270+00,Handveeg,2022/03/09 10:08:50.277+00,Handveeg,Capitol 60L,Goed,Appelgroen,,N
6.538211480823,52.9981869249544,789,a3a46f47-7c89-4fe7-8011-83abd56f0a07,2021/09/23 12:37:12.724+00,Handveeg,2021/09/23 12:37:12.724+00,Handveeg,Capitol 60L,Goed,Groen,,N
6.50993966428765,53.0012576782011,790,f4588350-28ba-41f0-b8a5-037951f02a4c,2021/09/23 12:37:26.562+00,Handveeg,2021/11/15 14:07:36.177+00,B.Smeenge@assen.nl_assen,Hondenpoep,,Grijs,,J
6.56623767173864,53.0190082011231,791,eb5c22db-a0cf-4cf5-b052-50859db7c24b,2021/09/28 09:19:15.091+00,Handveeg,2021/09/28 09:27:37+00,Handveeg,Hondenpoep,Goed,Grijs,,N
6.56600199487485,53.0063917486473,793,7ab6a81d-2155-478d-8b18-e790b29d9ffc,2021/09/30 06:02:42.304+00,Handveeg,2021/09/30 06:02:42.304+00,Handveeg,Hondenpoep,Goed,Grijs,,N
6.56686331463951,53.0025851719742,794,bef6ff74-58db-48e9-897c-1f19d5c7114e,2021/09/30 08:07:25.941+00,Handveeg,2022/08/18 11:14:17.100+00,Handveeg,Capitol 60L,Goed,Appelgroen,,N
6.50533651662179,52.9953373147076,795,7120beab-5538-478a-a242-3d2eec5ab899,2021/10/01 08:51:04.626+00,Handveeg,2021/11/15 14:04:33.306+00,B.Smeenge@assen.nl_assen,Hondenpoep,Goed,Grijs,,N
6.50533157171185,52.9953404571354,796,7ba8d610-90ec-48ef-8fe9-75472e7cbe43,2021/10/01 08:52:10.282+00,Handveeg,2021/11/15 13:55:10.031+00,B.Smeenge@assen.nl_assen,Hondenpoep,Goed,Grijs,,N
6.55384901360095,52.9905099536399,797,f59b14ac-9e11-448f-9d81-46298bdbb9a9,2021/10/01 10:59:45.803+00,Handveeg,2022/05/12 11:10:27.025+00,Handveeg,Capitol 60L,Goed,Appelgroen,,N
6.55297858504147,53.0174318527342,798,161774e9-cbb1-4502-ab83-c14e1ceb9537,2021/10/04 07:12:47.394+00,Handveeg,2021/10/04 07:12:47.394+00,Handveeg,Hondenpoep,Goed,Grijs,,N
6.55504259530269,53.0150267129557,799,e8b56d3e-ac4c-4c1b-9351-7fe90aa4e673,2021/10/04 07:13:47.550+00,Handveeg,2021/10/04 07:13:47.550+00,Handveeg,Hondenpoep,Goed,Grijs,,N
6.55221267946887,53.0202003656067,801,5596fb8d-7f5e-4131-9c1f-c65c53cf312b,2021/10/07 12:02:58.586+00,Handveeg,2021/10/07 12:02:58.586+00,Handveeg,Hondenpoep,Goed,Grijs,,N
6.55577817996248,53.0159772278634,803,9fca6035-d4a3-4ed8-97d4-1140b15db0f6,2021/10/07 12:05:26.232+00,Handveeg,2021/10/07 12:05:26.232+00,Handveeg,Hondenpoep,Goed,Grijs,,N
6.5586087475655,53.0200531922662,804,e242a188-1d5c-467e-b2ec-4c9272fffe14,2021/10/12 08:43:11.307+00,Handveeg,2021/10/12 08:43:11.307+00,Handveeg,Hondenpoep,Goed,Grijs,,N
6.56690662267172,53.0090795268484,809,0a24d00c-8d93-47c4-83d7-371551edc43a,2021/10/19 09:08:24.478+00,Handveeg,2021/10/19 09:08:24.478+00,Handveeg,Hondenpoep,Goed,Grijs,,N
6.55911034017002,53.0060757443216,810,ce142eca-df1d-4e29-9593-5e8d8424c82f,2021/10/19 10:53:21.321+00,Handveeg,2022/05/25 08:49:57.082+00,Handveeg,Capitol 60L,Goed,Appelgroen,,N
6.55202355941851,52.9988390837968,811,36ee6f9e-9c0b-4502-8ee9-809f7c873fbd,2021/10/19 11:25:59.211+00,Handveeg,2021/12/08 14:16:48.966+00,Handveeg,Capitol 60L Zwart,Goed,Zwart,,N
6.55549650479964,53.0013139948271,812,706a1684-515d-4e1b-a791-5c4fc26501d2,2021/10/19 11:31:09.163+00,Handveeg,2021/10/19 11:31:09.163+00,Handveeg,Hondenpoep,Goed,Grijs,,N
6.54484483713024,52.9970260563357,813,b30f7e54-63a6-4356-b322-dd65180d14d5,2021/10/19 12:23:55.803+00,Handveeg,2022/03/30 11:29:35.841+00,Handveeg,Capitol 60L,Goed,Appelgroen,,N
6.54578081541692,53.0024250916329,814,8627c595-ae72-4a35-8f6a-48b14f7823bf,2021/10/20 11:46:00.993+00,Handveeg,2021/10/20 11:46:00.993+00,Handveeg,Hondenpoep,Goed,Grijs,,N
6.56737660812151,53.0019165951837,815,886f7d50-a721-418d-a174-7e7c2c573c74,2021/10/22 07:56:52.030+00,Handveeg,2021/10/22 07:56:52.030+00,Handveeg,Hondenpoep,Goed,Grijs,,N
6.53948653060943,53.0019224216917,816,8fd33e99-950c-40b7-b23e-ccb069f6f068,2021/11/03 07:15:11.537+00,Handveeg,2022/03/16 13:39:41.955+00,Handveeg,Capitol 60L Zwart,Goed,Zwart,,N
6.57813009830265,52.9884565342403,817,292ad928-2707-466b-8bef-0262d7584c12,2021/11/05 09:07:13.408+00,Handveeg,2022/03/17 09:01:24.402+00,Handveeg,Capitol 60L,Goed,Appelgroen,n,N
6.55746273449635,52.9771850562211,820,0a18fe96-22cc-466b-9d98-ca3bb3d8d3c5,2021/11/10 10:18:48.131+00,Handveeg,2021/11/11 10:53:47.677+00,B.Smeenge@assen.nl_assen,Capitol 60L Zwart,Goed,Zwart,,N
6.53795004061401,52.9846993897061,822,fc881ce7-ee64-4cfa-a6fc-3a43f7b3ffa5,2021/11/10 10:33:10.942+00,Handveeg,2022/02/22 07:57:14.200+00,Handveeg,Capitol 60L Zwart,Goed,Zwart,fotograaf dhr lancel,N
6.53536013429158,52.9877204396318,824,485bffa1-a896-4423-b334-0c9b4356a136,2021/11/10 10:37:46.486+00,Handveeg,2022/04/14 06:02:07.886+00,Handveeg,Capitol 60L Zwart,Goed,Zwart,,N
6.53762675274074,52.9847080997563,826,b6012394-1a70-4bc0-8a47-347594f67d23,2021/11/10 12:20:39.662+00,B.Smeenge@assen.nl_assen,2021/11/11 10:56:28.530+00,B.Smeenge@assen.nl_assen,Capitol 60L Zwart,Goed,Zwart,,N
6.53100925111249,53.0007016029463,845,78c1c8f1-b816-4bc4-bd9b-c98310aecaa6,2021/11/23 10:11:20.922+00,Handveeg,2022/03/10 12:09:24.528+00,Handveeg,Capitol 60L Zwart,Goed,Zwart,,N
6.54689409470456,53.0082518965663,846,4c0bdb4b-0c97-4944-a76a-029b7d333491,2021/11/23 10:27:14.542+00,Handveeg,2021/11/23 10:27:14.542+00,Handveeg,Capitol 60L Zwart,Goed,Zwart,,N
6.5577028146459,53.0151593594059,847,560f1ff2-676e-4a3b-85a2-99624768a6c2,2021/11/23 10:40:44.190+00,Handveeg,2022/02/21 12:58:14.238+00,Handveeg,Capitol 60L Zwart,Goed,Zwart,,N
6.55824123158955,53.0156892232498,849,69f564e9-e650-46c1-9975-bedb60d98ccd,2021/11/23 12:04:53.533+00,Handveeg,2022/03/10 11:57:13.323+00,Handveeg,Capitol 60L Zwart,Goed,Zwart,,N
6.56660211784019,53.0163709730311,850,67e4a60f-fe1d-4509-9ad3-52e83a170312,2021/11/23 12:14:20.873+00,Handveeg,2022/02/21 13:19:19.673+00,Handveeg,Capitol 60L Zwart,Goed,Zwart,,N
6.58378963447689,53.0217101666606,851,27c2fd2a-c0b3-4843-ac9f-f64d23c45fb6,2021/11/23 12:27:08.419+00,Handveeg,2021/11/23 12:27:08.419+00,Handveeg,Capitol 60L Zwart,Goed,Zwart,,N
6.53536745825612,52.9836812895953,852,ccbba93c-bf5e-444d-9893-4108994a2332,2021/11/23 13:50:39.542+00,Handveeg,2021/11/23 13:50:39.542+00,Handveeg,Capitol 60L Zwart,Goed,Zwart,,N
6.51899228813081,53.0040398664246,854,6ae456d5-cd10-4741-b4fb-7ce77b8b3674,2021/11/24 09:35:31.421+00,Handveeg,2022/04/14 06:33:50.076+00,Handveeg,Capitol 60L Zwart,Goed,Zwart,,N
6.54991098507665,53.0049167232195,856,ebe3f8a7-ef88-4867-8f73-8a0a14d96d0a,2021/12/09 13:49:22.800+00,Handveeg,2021/12/09 13:49:22.800+00,Handveeg,Capitol 60L Zwart,Goed,Zwart,,N
6.52836496062739,52.9889349330407,857,09072ed4-e973-48f9-bfd0-346e2c859a97,2021/12/21 12:14:51.908+00,Handveeg,2022/03/16 13:12:08.480+00,Handveeg,Capitol 60L,Goed,Appelgroen,,N
6.5286835259022,52.988895830409,858,b172c337-2d78-4e97-915c-a905d3c87103,2021/12/21 12:20:34.665+00,Handveeg,2022/03/16 13:17:52.397+00,Handveeg,Capitol 60L,Goed,Appelgroen,,N
6.5289822552427,52.988854586951,859,bbffde0c-f950-41d8-921c-b9093a1a32d5,2021/12/21 12:21:16.005+00,Handveeg,2022/03/16 13:24:51.891+00,Handveeg,Capitol 60L,Goed,Appelgroen,,N
6.55979472773625,52.9859887928634,860,56bb5553-bd7c-452e-95b5-324f2ad869a5,2021/12/22 09:43:52.908+00,Handveeg,2021/12/22 09:44:34.399+00,Handveeg,2 Stromen Gescheiden,Goed,,,N
6.55846851433958,52.9864272299565,861,c07eb9a9-0782-41d4-9674-bc2424787eb0,2021/12/22 09:52:49.571+00,Handveeg,2021/12/22 09:52:49.571+00,Handveeg,2 Stromen Gescheiden,Goed,,,N
6.54789176096413,52.9858967699967,862,5c3a982c-dfec-48e3-b531-ccf0af735893,2021/12/22 10:14:21.469+00,Handveeg,2021/12/22 10:14:21.469+00,Handveeg,2 Stromen Gescheiden,Goed,,,N
6.58152131870644,53.0233760819612,863,7a7184fb-1911-4581-908e-6e201c332bfb,2021/12/22 12:04:23.129+00,B.Smeenge@assen.nl_assen,2022/03/04 12:18:42.930+00,Handveeg,Capitol 60L,Goed,Appelgroen,,N
6.54011352001058,52.9982783554411,864,b5d90832-0faf-4123-8a86-4a6988b46ec4,2022/01/13 09:40:22.674+00,Handveeg,2022/04/08 12:31:49.938+00,Handveeg,Capitol 60L,Goed,Appelgroen,,N
6.54319250212514,52.9992592208551,865,f671f9ff-a10a-4d40-a9d7-225897f5a5ae,2022/01/13 10:24:43.167+00,Handveeg,2022/04/08 09:23:37.429+00,Handveeg,Capitol 60L,Goed,Appelgroen,,N
6.54592185517081,52.9980394408995,866,42b6c007-fe65-4a05-badb-ebbb8ccdbc47,2022/01/17 12:02:24.932+00,Handveeg,2022/03/30 11:20:46.659+00,Handveeg,Capitol 60L,Goed,Appelgroen,,N
6.54581384992743,52.995901252708,867,a037896a-7f51-4a4f-b390-95bb9d9a3b44,2022/01/17 12:24:54.168+00,Handveeg,2022/03/30 09:18:36.029+00,Handveeg,Capitol 60L,Goed,Appelgroen,,N
6.54036149312059,52.9978150415885,868,2ea24f53-c5f7-46a2-b228-a4718ab87736,2022/01/17 12:52:32.660+00,Handveeg,2022/04/08 12:28:56.685+00,Handveeg,Capitol 60L,Goed,Appelgroen,,N
6.54383558894756,52.9975890464492,869,6ab08c4b-a2e4-4211-a3fe-97aaf34df9ad,2022/01/17 13:02:09.321+00,Handveeg,2022/01/17 13:02:09.321+00,Handveeg,Capitol 60L,Goed,Appelgroen,,N
6.54210820633624,52.9988170765266,870,d224130e-c350-4316-b470-618b9c86b859,2022/01/17 13:07:07.807+00,Handveeg,2022/04/08 09:17:56.259+00,Handveeg,Capitol 60L,Goed,Appelgroen,,N
6.53684544963399,52.9882374631295,871,775f9f8e-f64c-471c-a74a-304ef408b9f4,2022/01/19 09:38:38.248+00,Handveeg,2022/09/07 13:02:23.624+00,B.Smeenge@assen.nl_assen,Hondenpoep,Onderhoud Nodig,Grijs,moet klep op,N
6.58429773234748,52.9871534816107,872,1e38de46-fa55-4d00-9012-257a3e6cface,2022/01/19 10:33:57.135+00,Handveeg,2022/03/15 13:13:08.146+00,Handveeg,Capitol 60L,Goed,Appelgroen,,N
6.58312970661656,52.9861616937717,873,11713737-cf07-4785-b528-0b6ca1e58c1d,2022/01/19 10:39:40.951+00,Handveeg,2022/03/15 12:47:35.655+00,Handveeg,Capitol 60L,Goed,Appelgroen,,N
6.52029153864967,52.9961064393905,874,84d31a5b-730c-4795-b83d-2128e60ef1c9,2022/01/19 12:35:27.785+00,Handveeg,2022/03/23 10:25:21.572+00,Handveeg,Capitol 60L,Goed,Appelgroen,,N
6.52060761867592,52.9961264968696,875,f8ea6bb3-24fc-449f-809e-ffb35ef19710,2022/01/19 12:38:17.010+00,Handveeg,2022/03/23 10:11:42.507+00,Handveeg,Capitol 60L Zwart,Goed,Zwart,,N
6.54183172539776,52.9970091686095,876,409eb2db-ed89-4d98-b7fd-8e14dd754d70,2022/01/19 13:35:10.003+00,Handveeg,2022/04/08 12:48:14.271+00,Handveeg,Capitol 60L,Goed,Appelgroen,,N
6.59695796152665,52.9989098665063,877,1cdcb6d2-6b4a-4400-a63e-e8703d3be014,2022/01/20 12:11:45.503+00,Handveeg,2022/03/17 12:35:20.767+00,Handveeg,Capitol 60L,Goed,Appelgroen,,N
6.58663552174166,53.0185507967121,878,e3c6e2a7-3968-40bd-910c-52864cf3f17a,2022/01/24 12:06:43.473+00,Handveeg,2022/01/24 12:06:43.473+00,Handveeg,Capitol 60L,Goed,Appelgroen,,N
6.581942403309,52.9958272415875,879,8a9b9992-0c72-4e62-99bc-d7d2b79de7a6,2022/01/24 12:20:20.571+00,Handveeg,2022/01/24 12:20:20.571+00,Handveeg,Capitol 60L,Goed,Appelgroen,,N
6.53392799471243,52.9845491138066,881,d42ad4fd-17a1-4dae-937f-a75ebdc7d4e3,2022/01/24 13:52:23.125+00,Handveeg,2022/03/16 09:59:26.421+00,Handveeg,Capitol 60L,Goed,Appelgroen,,N
6.56757694334812,52.9815423238433,882,a6ff2441-1156-4907-9efd-3c19d7a4fb57,2022/01/25 10:51:05.570+00,Handveeg,2022/03/22 07:51:27.879+00,Handveeg,Capitol 60L,Goed,Appelgroen,,N
6.59893703546708,52.9853876540408,888,8b9f88d8-135a-44fd-9045-2691319e6257,2022/01/26 12:05:53.607+00,Handveeg,2022/03/21 09:22:35.104+00,Handveeg,Capitol 60L,Goed,Appelgroen,,N
6.53766309159748,53.0006201705636,890,9b78788d-ed38-453e-9886-0df571db0199,2022/01/27 10:13:54.071+00,Handveeg,2022/03/29 09:27:03.477+00,Handveeg,Capitol 60L,Goed,Appelgroen,,N
6.57899658068833,53.0157315021832,891,8e4e418b-e079-4d65-b20e-1512c5dbaa26,2022/01/27 13:53:40.026+00,Handveeg,2022/01/27 13:53:40.026+00,Handveeg,Capitol 60L Zwart,Goed,Zwart,,N
6.58452418972323,53.0174925210893,892,459b0ec5-05a6-43cb-a7e9-4fe9647e8639,2022/02/01 09:19:08.904+00,Handveeg,2022/02/01 09:19:08.904+00,Handveeg,Capitol 60L Zwart,Goed,Zwart,,N
6.58450795729011,53.0173929075238,893,30bb8cbe-8965-4993-9c44-a4ef3c8ef093,2022/02/01 09:21:05.653+00,Handveeg,2022/02/01 09:21:05.653+00,Handveeg,Capitol 60L Zwart,Goed,Zwart,,N
6.58630188614989,53.0173377974378,894,3b22f435-434e-45cb-8443-f8db9cbf1430,2022/02/01 12:04:51.020+00,Handveeg,2022/02/01 12:04:51.020+00,Handveeg,Capitol 60L Zwart,Goed,Zwart,,N
6.58638489653651,53.0177300374911,895,1fcf908b-7229-40c9-93d4-51522c102ec3,2022/02/01 12:19:13.078+00,Handveeg,2022/02/01 12:19:13.078+00,Handveeg,Capitol 60L Zwart,Goed,Zwart,,N
6.54195043898129,53.0087001552391,897,9d4ce057-ac2d-4bc3-a6c4-29dbecf0397d,2022/02/01 13:46:23.738+00,Handveeg,2022/03/09 10:30:16.710+00,Handveeg,Capitol 60L,Goed,Appelgroen,,N
6.55127688021989,53.0176382252185,898,d14fbee0-b068-42c4-8edc-a4bec200a30a,2022/02/01 13:59:45.124+00,Handveeg,2022/02/01 13:59:45.124+00,Handveeg,Capitol 60L,Goed,Appelgroen,,N
6.53820200200746,53.0093706287244,899,facd759b-2b8e-4df2-ab4f-c6f0efd49d19,2022/02/02 09:35:16.762+00,Handveeg,2022/03/08 12:38:58.997+00,Handveeg,Capitol 60L,Goed,Appelgroen,,N
6.53688319746052,53.0072167366984,900,7a810d1f-8062-4dbe-9770-16a438d508b6,2022/02/02 09:49:43.596+00,Handveeg,2022/03/08 12:15:38.120+00,Handveeg,Capitol 60L,Goed,Appelgroen,,N
6.53695918395914,53.0070583131516,901,3a69330f-8405-453f-adc9-a849225b8c5c,2022/02/02 10:07:34.776+00,Handveeg,2022/03/08 12:09:26.576+00,Handveeg,Capitol 60L,Goed,Appelgroen,,N
6.55515385757401,53.0119914894742,902,7ba0482a-6f0d-4859-a0c8-ec3015e21eae,2022/02/02 13:16:24.063+00,Handveeg,2022/03/16 13:54:23.381+00,Handveeg,Capitol 60L Zwart,Goed,Zwart,,N
6.50569998168966,53.0038020321768,904,977acb7c-84be-4df7-b927-d1963135515a,2022/02/03 13:43:57.237+00,Handveeg,2022/03/24 09:46:51.292+00,Handveeg,Capitol 60L,Goed,Appelgroen,,N
6.50547117474791,53.0040256319462,905,decae057-8e47-457f-8932-7a2d958e239e,2022/02/03 13:45:19.303+00,Handveeg,2022/03/24 09:47:27.059+00,Handveeg,Capitol 60L,Goed,Appelgroen,,N
6.51520777108457,53.0039175635846,906,4ac769bc-c5f4-471e-ba2f-add20f98b9ba,2022/02/04 12:35:47.545+00,Handveeg,2022/02/04 12:35:47.545+00,Handveeg,Hondenpoep,Goed,Grijs,,N
6.56207100338341,53.0176218511327,907,ca0f93e2-b7e0-49a3-bdd3-60ed83c9b3dd,2022/02/07 09:03:13.695+00,Handveeg,2022/05/30 12:17:44.622+00,Handveeg,Capitol 100L,Goed,Appelgroen,,N
6.51763280342932,52.9929897019751,908,c727506e-7a80-4288-a4f4-dacefd063896,2022/02/08 09:36:05.048+00,Handveeg,2022/03/23 12:52:06.609+00,Handveeg,Capitol 60L,Goed,Appelgroen,,N
6.51478394261071,53.0012531723419,909,19436b73-e218-4eba-9937-828e4493c756,2022/02/09 13:21:57.028+00,Handveeg,2022/03/24 12:26:05.570+00,Handveeg,Capitol 60L,Goed,Appelgroen,,N
6.51513347478278,53.0013962144109,910,8c4e4cb5-e305-463b-8dae-e7000c4ae0af,2022/02/09 13:24:05.854+00,Handveeg,2022/03/24 12:25:24.016+00,Handveeg,Capitol 60L,Goed,Appelgroen,,N
6.51426451691907,53.0011641982051,911,2c7e127b-236e-4420-bfc3-4d737a05bee9,2022/02/09 13:26:06.834+00,Handveeg,2022/02/09 13:26:06.834+00,Handveeg,Citypol,Goed,Zwart,,N
6.58098686409595,52.9882904869456,913,e9595bb9-873d-4e70-8a13-e7c1b89b94a9,2022/02/14 09:39:32.195+00,Handveeg,2022/03/15 08:10:47.657+00,Handveeg,Capitol 60L,Goed,Appelgroen,,N
6.50644086783201,52.9960099444098,914,4823d9e0-92ad-4d1c-96f3-c3953dd07ef0,2022/02/14 13:54:57.011+00,Handveeg,2022/03/11 13:32:07.268+00,Handveeg,Capitol 60L,Goed,Appelgroen,,N
6.51740885391809,52.994917415285,915,e7b84623-2aa3-4ec1-82b3-82958616868c,2022/02/15 12:00:01.036+00,B.Smeenge@assen.nl_assen,2022/03/23 13:12:00.185+00,Handveeg,Capitol 60L,Goed,Appelgroen,,N
6.57259734577021,53.0300539513883,916,c8f7a159-9161-43f7-98cc-de80425713b7,2022/02/15 13:23:46.270+00,Handveeg,2022/03/09 12:20:54.906+00,Handveeg,Capitol 60L,Goed,Appelgroen,,N
6.52605054496312,53.0036999639598,919,11a149a6-7dc8-4846-934d-98c54d5b20e4,2022/02/17 10:22:18.875+00,Handveeg,2022/03/17 10:32:33.213+00,Handveeg,Capitol 60L,Goed,Appelgroen,,N
6.56046917136561,53.0160762597695,920,501c7668-6053-4741-aae7-83d040e668d3,2022/02/21 13:06:05.247+00,Handveeg,2022/02/21 13:06:05.247+00,Handveeg,Capitol 60L,Goed,Appelgroen,,N
6.53602682905489,52.987966818676,921,1245b647-f22f-4c6a-8968-e032b305e41c,2022/02/22 10:03:51.047+00,Handveeg,2022/02/22 10:03:51.047+00,Handveeg,Capitol 60L,Goed,Appelgroen,,N
6.58995170132677,53.0212398121945,924,3982677d-a5cd-457a-bbb5-c0054d502847,2022/03/03 12:38:36.410+00,Handveeg,2022/03/03 12:53:03.412+00,Handveeg,Capitol 60L,Goed,Appelgroen,,N
6.5421226784988,53.0058268167535,925,6cc15ae5-76ff-4e56-b6b7-8cd736d34fc2,2022/03/09 09:43:07.867+00,Handveeg,2022/03/09 09:43:07.867+00,Handveeg,Capitol 60L,Goed,Appelgroen,,N
6.51221063155798,52.9931094006384,926,43794eef-f9d0-4271-bac8-fcff24fca056,2022/03/10 13:42:17.872+00,Handveeg,2022/03/10 13:42:17.872+00,Handveeg,Capitol 60L Zwart,Goed,Zwart,,N
6.53990457428121,52.9802393929327,927,a23620bd-c9da-4108-8275-e1b3e45be717,2022/03/10 14:21:50.746+00,Handveeg,2022/03/10 14:21:50.746+00,Handveeg,Capitol 60L Zwart,Goed,Zwart,,N
6.54809717191245,52.9999430430499,928,173965ba-e4e8-46ee-be0d-2d5a66e03333,2022/03/11 12:56:04.106+00,Handveeg,2022/03/11 12:56:04.106+00,Handveeg,Capitol 60L Zwart,Goed,Zwart,,N
6.53142082881216,52.9948171947733,929,0df1e4b6-fa61-43e6-8bc8-18f4b55fcc20,2022/03/16 13:34:39.439+00,Handveeg,2022/03/16 13:34:39.439+00,Handveeg,Capitol 60L Zwart,Goed,Zwart,,N
6.56857213383511,52.9872305497723,930,86e7c9da-328c-4332-9afd-168230955fc1,2022/03/17 09:21:30.010+00,Handveeg,2022/03/17 09:21:30.010+00,Handveeg,Capitol 60L Zwart,Goed,Zwart,,N
6.58523028608062,52.9932259053477,931,fd31f5a4-f365-4f3b-b0db-ea57c006212d,2022/03/17 12:27:11.048+00,Handveeg,2022/03/17 12:27:11.048+00,Handveeg,Capitol 60L,Goed,Appelgroen,,N
6.60615514994885,53.0090199259479,932,71dd2270-fd8f-4911-8bff-d983230d4bd4,2022/03/18 09:41:46.172+00,Handveeg,2022/03/18 09:41:46.172+00,Handveeg,Capitol 60L,Goed,Appelgroen,,N
6.53939487482605,52.9946549343,933,a9dcce58-f5ce-4b7c-b0a6-2a4074d6d56f,2022/03/31 09:29:03.444+00,Handveeg,2022/03/31 09:29:03.444+00,Handveeg,Capitol 60L,Goed,Appelgroen,,N
6.57349306079819,52.9923162228962,934,98c64c4b-0067-4d70-adc6-c98eb7801489,2022/04/06 09:21:31.747+00,Handveeg,2022/05/20 11:14:55.433+00,Handveeg,Vangmuil,Goed,Appelgroen,,N
6.54743987717616,53.0020670091637,935,3cf863d8-4271-4ebf-85be-ab8a22f585a7,2022/04/06 12:52:58.686+00,Handveeg,2022/04/06 12:52:58.686+00,Handveeg,Hondenpoep,Goed,Grijs,,N
6.55666449757752,52.9995530452653,936,9aed6e71-1e78-4d0b-8814-23a7ec532c20,2022/04/06 12:57:57.389+00,Handveeg,2022/04/06 12:57:57.389+00,Handveeg,Hondenpoep,Goed,Grijs,,N
6.54981800688938,53.0029425099183,937,ca16b5dd-d463-40e0-accf-c05a079b65d3,2022/04/12 12:04:13.446+00,Handveeg,2022/04/12 12:05:06.600+00,Handveeg,Capitol 60L,Goed,Appelgroen,,N
6.54226965219087,53.0073431065952,938,9def89ea-651f-4306-bd46-8e248d249e43,2022/04/12 12:53:24.981+00,Handveeg,2022/04/12 12:53:24.981+00,Handveeg,Capitol 60L,Goed,Appelgroen,,N
6.53413165789104,52.9839256133731,939,f03cb679-3378-4e59-a847-619c545ac888,2022/04/13 09:02:46.667+00,Handveeg,2022/04/13 09:02:46.667+00,Handveeg,Capitol 60L,Goed,Appelgroen,,N
6.53450543063811,52.9837072501392,940,d8b699d1-48c2-48b3-bee9-078995b581c0,2022/04/13 12:09:44.637+00,Handveeg,2022/04/13 12:09:44.637+00,Handveeg,Capitol 60L,Goed,Appelgroen,,N
6.53446712109932,52.9835476291737,941,bdd53ae4-e89d-4bce-b220-9a8d38c7eb01,2022/04/13 12:13:00.589+00,Handveeg,2022/04/13 12:13:00.589+00,Handveeg,Capitol 60L,Goed,Appelgroen,,N
6.5351064040718,52.9835727295315,942,c585363a-1aa4-40af-870d-4eb67587ca8f,2022/04/13 12:16:55.048+00,Handveeg,2022/04/13 12:16:55.048+00,Handveeg,Capitol 60L,Goed,Appelgroen,,N
6.5462534326439,52.9737030156691,943,19d40080-5fcb-4076-8209-2fe576a958fc,2022/04/14 09:09:46.396+00,Handveeg,2022/04/14 09:09:46.396+00,Handveeg,Capitol 60L,Goed,Appelgroen,,N
6.54757982720731,52.9735150665413,944,d477eb59-c89b-40e9-8f13-1e9f85330d16,2022/04/14 09:12:42.088+00,Handveeg,2022/04/14 09:12:42.088+00,Handveeg,Capitol 60L,Goed,Appelgroen,,N
6.54693611425552,52.9737329495668,945,0252be93-aade-475e-9b39-056459bc6123,2022/04/14 09:14:57.131+00,Handveeg,2022/04/14 09:14:57.131+00,Handveeg,Capitol 60L,Goed,Appelgroen,,N
6.58038502039261,52.99509545726,946,86fba4ef-db2c-4d73-87bc-070009185561,2022/04/19 12:19:58.428+00,Handveeg,2022/04/19 12:19:58.428+00,Handveeg,Capitol 60L Zwart,Goed,Zwart,,N
6.58443423416849,52.9922069374793,947,6e71658c-f5d9-470c-a4ad-189b545ddaf0,2022/05/11 08:20:12.541+00,Handveeg,2022/05/11 08:20:12.541+00,Handveeg,Capitol 60L,Goed,Appelgroen,,N
6.58145045461798,52.9914078713961,948,8f416b28-264c-4380-913b-ad04fb08a23f,2022/05/11 08:41:46.576+00,Handveeg,2022/05/11 08:41:46.576+00,Handveeg,Capitol 60L,Goed,Appelgroen,,N
6.58006508651706,52.9903237037802,949,61099d6d-6136-44f4-9479-6759e097f766,2022/05/12 08:22:04.037+00,Handveeg,2022/05/12 08:22:04.037+00,Handveeg,Capitol 60L,Goed,Appelgroen,,N
6.5482608003776,52.989720517054,950,d2bba989-20cc-4536-8c33-198c6cfaa154,2022/05/20 08:26:42.844+00,Handveeg,2022/05/20 08:26:42.844+00,Handveeg,Capitol 60L,Goed,Appelgroen,,N
6.5480728540768,52.9902999183018,951,74fc0ce7-bb99-4eb1-9107-8a096678a6a4,2022/05/20 09:01:15.716+00,Handveeg,2022/05/20 09:01:15.716+00,Handveeg,Capitol 60L,Goed,Appelgroen,,N
6.54784550647285,52.9906327357116,953,712d6308-cc81-4802-82a0-8a4d9fe198ac,2022/05/20 09:07:54.694+00,Handveeg,2022/05/20 09:07:54.694+00,Handveeg,Capitol 60L,Goed,Appelgroen,,N
6.55594417051971,53.001502461282,954,81c8ac67-0919-4228-999d-e9c6e4a2af1f,2022/05/20 09:26:48.462+00,Handveeg,2022/05/20 09:26:48.462+00,Handveeg,Capitol 60L,Goed,Appelgroen,,N
6.55609643737087,53.0015730114562,955,92ccb3ab-94ba-4270-ae9d-ec72d5f42306,2022/05/20 09:28:33.874+00,Handveeg,2022/05/25 07:03:12.007+00,Handveeg,Capitol 60L,Goed,Appelgroen,,N
6.55937890807933,53.0197862643386,956,5edaccb3-dff4-4884-851f-95e671d6b773,2022/05/25 11:53:09.403+00,Handveeg,2022/05/25 11:53:09.403+00,Handveeg,Capitol 60L,Goed,Appelgroen,,N
6.60781340902012,53.0500994920408,957,8f279ac9-fec7-473a-a3d8-a7f61855a838,2022/06/08 09:03:32.743+00,Handveeg,2022/06/08 09:03:32.743+00,Handveeg,Capitol 60L,Goed,Appelgroen,,N
6.60760390946415,53.0500757418852,958,b99a89cc-2fac-4121-8e75-4cf8480007c8,2022/06/08 09:04:56.746+00,Handveeg,2022/06/08 09:04:56.746+00,Handveeg,Capitol 60L,Goed,Appelgroen,,N
6.60751244334016,53.0503428077839,959,b89e577e-8b5a-4426-81af-e0b59207bebe,2022/06/08 09:15:02.225+00,Handveeg,2022/06/08 09:15:02.225+00,Handveeg,Capitol 60L,Goed,Appelgroen,,N
6.60060777807719,53.0098974248293,960,7bb97775-b64a-474b-b944-00107cbc0ece,2022/06/08 09:35:46.315+00,Handveeg,2022/06/08 09:35:46.315+00,Handveeg,Capitol 60L,Goed,Appelgroen,,N
6.5490651555217,53.0014699769608,961,0ae8c062-efaa-4c3a-9be2-ed7d55e5089f,2022/06/09 08:26:40.322+00,Handveeg,2022/06/09 08:26:40.322+00,Handveeg,Capitol 60L,Goed,Appelgroen,,N
6.56968940109668,53.012255890894,962,2f5980fa-2afe-4eb8-b26b-af829af44685,2022/06/09 08:46:26.660+00,Handveeg,2022/06/09 08:46:26.660+00,Handveeg,Capitol 60L Zwart,Goed,Zwart,,N
6.56829280404843,53.0119084417459,963,6024ed25-8242-4457-bf4c-fe070dd8bdd5,2022/06/09 08:51:35.951+00,Handveeg,2022/06/09 08:51:35.951+00,Handveeg,Capitol 60L Zwart,Goed,Zwart,,N
6.55964600790289,52.9789448135999,964,1663cac1-9846-4203-8a59-c50e19e2df26,2022/07/13 07:04:00.098+00,B.Smeenge@assen.nl_assen,2022/07/13 07:04:13.221+00,B.Smeenge@assen.nl_assen,Hondenpoep,Goed,,,N
6.60077368950169,53.0289794517193,965,36b1383c-98b6-4c57-b55d-9e9868e1b00b,2022/07/20 11:35:26.605+00,Handveeg,2022/07/20 11:35:26.605+00,Handveeg,Capitol 60L,Goed,Groen,,N
6.56242583393097,52.9907766888626,966,23857fd6-1666-4e26-8e17-3ce02f90e03a,2022/07/22 09:00:39.706+00,Handveeg,2022/07/22 09:00:39.706+00,Handveeg,Hondenpoep,Goed,Grijs,,N
6.52553547886192,53.001413409667,967,59aab9bd-b7ee-4230-a858-9fdc0902c561,2022/07/28 10:57:12.880+00,Handveeg,2022/07/28 10:57:12.880+00,Handveeg,Capitol 60L,Goed,Appelgroen,,N
6.5585281777996,53.0071915942002,968,d2d3b202-2d9a-433b-b144-634de195b4c9,2022/07/28 12:40:06.273+00,Handveeg,2022/07/28 12:40:06.273+00,Handveeg,Vangmuil,Goed,Appelgroen,,N
6.56306604397437,53.0071312743349,969,82d539b2-ca9f-422a-9f72-01eaba2899ee,2022/07/29 08:49:37.691+00,Handveeg,2022/07/29 08:49:37.691+00,Handveeg,Vangmuil,Goed,Appelgroen,,N
6.56306294836938,53.0071293617934,970,c6a21ab6-c80b-45cc-ab48-0c23beedd0b7,2022/07/29 08:53:42.787+00,Handveeg,2022/07/29 08:53:42.787+00,Handveeg,Vangmuil,Goed,Appelgroen,,N
6.56343175504319,53.0031896118534,971,6248d616-95d4-406c-98f8-dccbb6e30e5f,2022/07/29 09:11:13.056+00,Handveeg,2022/07/29 09:11:13.056+00,Handveeg,Adoptie,Goed,Groen,,N
6.5695420214324,52.9924289735469,972,1a1488ad-85b6-49aa-935d-c0c6259c3702,2022/07/29 13:07:02.228+00,Handveeg,2022/07/29 13:07:02.228+00,Handveeg,Capitol 60L Zwart,Goed,Zwart,,N
6.5614488102694,52.9924935734395,973,62d6aa1f-7fdb-42d4-9cfb-d2f9bd307914,2022/08/02 11:06:27.139+00,Handveeg,2022/08/02 11:06:27.139+00,Handveeg,Capitol 60L Zwart,Goed,Zwart,,N
6.56208439245402,52.9925877906396,974,78e81ff6-920f-43d6-bcb3-be5f973b848b,2022/08/02 11:23:07.552+00,Handveeg,2022/08/02 11:23:07.552+00,Handveeg,Capitol 60L Zwart,Goed,Groen,,N
6.56238919086839,52.9924360233737,975,a2e1778e-bada-4d78-bbfa-1634c247adf0,2022/08/02 11:49:25.087+00,Handveeg,2022/08/02 11:49:25.087+00,Handveeg,Capitol 60L Zwart,Goed,Zwart,,N
6.56902805481373,53.0024097945041,976,b84fabd5-6b6c-48a4-a793-ed29f255b64d,2022/08/03 09:35:57.516+00,Handveeg,2022/08/03 09:35:57.516+00,Handveeg,Capitol 60L Zwart,Goed,Zwart,,N
6.56974668596064,53.0018192283559,977,a3cdffa7-6177-47ba-a487-50963f831cef,2022/08/12 09:43:28.252+00,Handveeg,2022/08/12 09:43:28.252+00,Handveeg,Capitol 60L Zwart,Goed,Zwart,,N
6.55495974958936,52.9988466281152,978,f4d9463c-543a-4d4f-88f3-54c24cf81b7f,2022/08/24 11:06:21.906+00,Handveeg,2022/08/24 11:06:21.906+00,Handveeg,Hondenpoep,Goed,Grijs,,N
6.54925677220968,53.0015483270647,979,6d2b75f3-d462-4363-a22e-cd5cb243131e,2022/08/30 09:23:50.280+00,Handveeg,2022/08/30 09:23:50.280+00,Handveeg,Hondenpoep,Goed,Grijs,,N
6.56213181753529,52.9952570253197,980,8ee7e32c-0405-4848-8d1e-426c255475c2,2022/09/02 08:23:59.550+00,Handveeg,2022/11/22 10:12:44.851+00,Handveeg,Big Belly,Goed,Zwart,,N
6.52857929777096,52.9932945067082,981,91892e5c-4e4f-4d4e-b8f3-40087ffea2dd,2022/09/06 11:30:40.066+00,Handveeg,2022/09/06 11:30:40.066+00,Handveeg,Hondenpoep,Goed,Grijs,,N
6.58811679210691,53.0178143208292,982,03700726-5164-43cc-90d5-976445c787f2,2022/09/08 09:42:28.569+00,Handveeg,2022/09/08 09:42:28.569+00,Handveeg,Capitol 60L,Goed,Appelgroen,,N
6.5721927283019,53.0172890197447,983,b550f92d-2490-48cc-9fdd-7d2f26462c4c,2022/09/13 12:30:40.620+00,Handveeg,2022/09/13 12:30:40.620+00,Handveeg,Hondenpoep,Goed,Grijs,,N
6.51441825113728,53.0013344955402,984,4e396c5f-5b60-436b-a9e8-e6034185406b,2022/09/16 11:21:29.694+00,Handveeg,2022/09/16 11:21:29.694+00,Handveeg,Capitol 60L,Goed,Appelgroen,,N
6.57326654129985,53.0176725361828,985,f7932228-bbd5-4401-aca3-45286ef7b80f,2022/09/23 09:41:30.638+00,Handveeg,2022/09/23 09:41:30.638+00,Handveeg,Capitol 60L Zwart,Goed,Zwart,,N
6.57303742637429,53.0178685193488,986,35b8158f-335a-44f1-a495-94588139c4c5,2022/09/23 09:43:39.585+00,Handveeg,2022/09/23 09:43:39.585+00,Handveeg,Capitol 60L Zwart,Goed,Zwart,,N
6.57254592732801,53.0178034527886,987,c28dc10b-4f2d-44c6-8bd7-7b9e9264a700,2022/09/23 11:45:35.700+00,Handveeg,2022/09/23 11:45:35.700+00,Handveeg,Capitol 60L Zwart,Goed,Zwart,,N
6.57284759307035,53.0177365534691,989,7756d387-ff0e-4443-a878-955708f08bbd,2022/09/23 11:51:48.048+00,Handveeg,2022/09/23 11:51:48.048+00,Handveeg,Capitol 60L Zwart,Goed,Zwart,,N
6.57297454346707,53.0176753527056,990,80ed241d-d8eb-4cac-941a-8748dad8e337,2022/09/23 11:58:28.019+00,Handveeg,2022/09/23 11:58:28.019+00,Handveeg,Capitol 60L Zwart,Goed,Zwart,,N
6.56690512408377,53.0012086944779,991,51ab54d9-4da1-441a-b257-467ecce10ea3,2022/10/04 06:31:24.897+00,Handveeg,2022/10/04 06:31:24.897+00,Handveeg,Capitol 60L,Goed,Appelgroen,,N
6.56529707941425,52.97266868648,992,6dede1f3-a599-48a6-a313-991baae0b9f1,2022/10/06 08:34:13.401+00,Handveeg,2022/10/06 08:34:13.401+00,Handveeg,Capitol 60L,Goed,Appelgroen,,N
6.54911613117056,53.0059765262932,994,fcf5ed26-2878-404a-be90-081552694fde,2022/10/06 12:55:36.969+00,Handveeg,2022/10/06 12:55:36.969+00,Handveeg,Hondenpoep,Goed,Grijs,,N
6.50964838984066,52.9994160871801,995,5c419e81-352f-4b93-b207-40552c606b2e,2022/10/25 08:36:08.893+00,Handveeg,2022/10/25 08:36:08.893+00,Handveeg,Capitol 60L,Goed,Appelgroen,,N
6.56019244026834,52.99552265906,997,75aba2ae-0368-4a58-a771-88fe39256b6f,2022/11/17 10:15:18.726+00,Handveeg,2022/11/17 10:15:18.726+00,Handveeg,Big Belly,Goed,Grijs,,N
6.56028300467568,52.9949876254933,998,119e3eee-a9ad-43eb-acb3-6abe5c494739,2022/11/17 12:26:33.037+00,Handveeg,2022/11/17 12:26:33.037+00,Handveeg,Big Belly,Goed,Grijs,,N
6.56080608858708,52.9952530426474,999,b183f382-06e7-4b97-94a0-8d56c15a1ae2,2022/11/17 12:39:23.984+00,Handveeg,2022/11/17 12:39:23.984+00,Handveeg,Big Belly,Goed,Grijs,,N
6.56244205828836,52.9974172772641,1000,87f28a3a-09c3-4b43-a8b7-175a1d589432,2022/11/22 12:14:54.960+00,Handveeg,2022/11/22 12:14:54.960+00,Handveeg,Citypol,Goed,Zwart,,N
6.56337296779595,52.9961424433525,1001,05753d91-59ca-4b3c-a0d2-ddc9a0812fff,2022/11/29 12:09:20.198+00,Handveeg,2022/11/29 12:09:20.198+00,Handveeg,Citypol,Goed,Zwart,,N
