"id_number","fiscal_year","department_name","vendor_name","transaction_date","dollar_amount","authority","btrc","government_activity","fund_group_name","fund_type","fund_name","fund","account_name","account_code","transaction_id","expenditure_type","settlement_judgment","fiscal_month_number","fiscal_year_month","fiscal_year_quarter","calendar_month_number","calendar_month_year","calendar_month","data_source","authority_name","authority_link","department_number","program","vendor_id","zip","payment_method","payment_status","inv_num","invoice_due_date","invoice_discount_due_date","inv_date","inv_line","inv_dist_line","po_num","description","detailed_item_description","unit_price","unit_of_measure","quantity","sales_tax_percent","sales_tax","discount","receiver_id","po_date","po_line_number","procurement_organization","buyer_name","supplier_city","supplier_country","bu_name","site_location","item_code","item_code_name","currency","value_of_spend","vendor_num"
"8137982","2023","NON_DEPARTMENTAL","GEOSYNTEC CONSULTANTS/C","2022-07-20T00:00:00.000","29840.38",,"882142","GENERAL GOVERNMENT","GOVERNMENTAL","CAPITAL PROJECTS","GOB 2009 CLEAN WATER CLEANUP","16T","PROP O OPTIMIZATION","50MYAF","EFT26230000000780","SUPPLIES & OTHER SERVICES",,"1","2023-01 (JUL)","2023-01","7","JULY,2022","JULY","FMS",,,"50","GOB 2009 CLEAN WATER CLEANUP","100001208","33487","EFT","PAID","PRC502316T500001",,,"2022-06-10T00:00:00.000","1","1","SC50CO18124345MO","16T/TOS SN-73/EXT DATE/ NTP  12/15/21/AMEND #3","16T/50MYAF,TOS SN-73,EWOPTCO8,PROP.O OPTIMIZATION","0",,"0","0","0","0",,"2022-05-18T00:00:00.000","1",,,,,"CITY",,,,"USD",,"100001208-GEOSYNTEC CONSULTANTS/C"
"8076415","2022","NON_DEPARTMENTAL","OHLA USA INC","2022-06-13T00:00:00.000","82678.33",,"2732354","GENERAL GOVERNMENT","GOVERNMENTAL","CAPITAL PROJECTS","GOB 2011A CLEAN WATER CLEANUP","16V","ARGO DRAIN SUB BASIN FACILITY","50RZAE","EFT26220000015423","IMPROVEMENTS OTHER THAN BUILDINGS",,"12","2022-12 (JUN)","2022-04","6","JUNE,2022","JUNE","FMS",,,"50","GOB 2011A CLEAN WATER CLEANUP","VC0000014741","92614-7279","EFT","PAID","PRC502216V500038",,,"2022-05-24T00:00:00.000","2","1","SC50CO19131878KO","PAY #40 - PRIME + CO 87, 88","ARGO DRAIN, CO#131878 16V/50RZAEGEF+$1","0",,"0","0","0","0",,"2022-06-07T00:00:00.000","4",,,,,"CITY",,,,"USD",,"VC0000014741-OHLA USA INC"
"8080841","2022","NON_DEPARTMENTAL","ARCADIS U.S. INC","2022-06-08T00:00:00.000","378.2",,"143256","GENERAL GOVERNMENT","GOVERNMENTAL","CAPITAL PROJECTS","GOB 2011A CLEAN WATER CLEANUP","16V","MACHADO LAKE ECOSYSTEM REHAB","50HWAA","EFT26220000015237","SUPPLIES & OTHER SERVICES",,"12","2022-12 (JUN)","2022-04","6","JUNE,2022","JUNE","FMS",,,"50","GOB 2011A CLEAN WATER CLEANUP","100035931","60693-0626","EFT","PAID","PRC502216V500037",,,"2022-05-23T00:00:00.000","1","1","SC50CO18129644MO","NTP 42/CL25 ARGO DRAIN $78,876","16V/50HWAA MACHADO LAKE EW40073B NTP#25,32,37","0",,"0","0","0","0",,"2022-03-08T00:00:00.000","24",,,,,"CITY",,,,"USD",,"100035931-ARCADIS U.S. INC"
"8080840","2022","NON_DEPARTMENTAL","ARCADIS U.S. INC","2022-06-08T00:00:00.000","349.4",,"143256","GENERAL GOVERNMENT","GOVERNMENTAL","CAPITAL PROJECTS","GOB 2011A CLEAN WATER CLEANUP","16V","ARGO DRAIN SUB BASIN FACILITY","50RZAE","EFT26220000015237","SUPPLIES & OTHER SERVICES",,"12","2022-12 (JUN)","2022-04","6","JUNE,2022","JUNE","FMS",,,"50","GOB 2011A CLEAN WATER CLEANUP","100035931","60693-0626","EFT","PAID","PRC502216V500037",,,"2022-05-23T00:00:00.000","1","2","SC50CO18129644MO","NTP 42/CL25 ARGO DRAIN $78,876","16V/50RZAE/EW40067F/NTP35, 36, 39, 40, 42 - ARGO DRAIN SUB-BASIN","0",,"0","0","0","0",,"2022-03-08T00:00:00.000","25",,,,,"CITY",,,,"USD",,"100035931-ARCADIS U.S. INC"
"8061002","2022","NON-DEPARTMENTAL - APPROPRIATIONS TO SPECIAL PURPOSE FUND","QUALITY FENCE CO INC","2022-06-15T00:00:00.000","689.85",,"288353","PUBLIC WORKS","GOVERNMENTAL","CAPITAL PROJECTS","GOB 2011A CLEAN WATER CLEANUP","16V","VERMONT AVENUE STORMWATER CAPTURE AND GREEN STREET PROJECT","50PZAC","AD26220000072242","IMPROVEMENTS OTHER THAN BUILDINGS",,"12","2022-12 (JUN)","2022-04","6","JUNE,2022","JUNE","FMS",,,"50","GOB 2011A CLEAN WATER CLEANUP","000003605","90723","CHECK","PAID","IN78220000119134","2022-05-25T00:00:00.000","2022-05-25T00:00:00.000","2022-04-25T00:00:00.000","5","5","CPO78220000441351","LABOR & MATERIALS TO INSTALL 4' X 6' GATE AND ONE (1) POST","GATE, SWINGING SINGLE STEEL WITH HINGES, 9 GAUGE, 8 FEET TO","5.25",,"120","9.5","59.85","0","220000116942","2021-12-28T00:00:00.000","6","CITY","16173.0","PARAMOUNT","US","CITY","LOS ANGELES","30152001.0","METAL FENCING","USD","689.85","000003605-QUALITY FENCE CO INC"
"8064119","2022","NON-DEPARTMENTAL - APPROPRIATIONS TO SPECIAL PURPOSE FUND","QUALITY FENCE CO INC","2022-06-15T00:00:00.000","480",,"288353","PUBLIC WORKS","GOVERNMENTAL","CAPITAL PROJECTS","GOB 2011A CLEAN WATER CLEANUP","16V","VERMONT AVENUE STORMWATER CAPTURE AND GREEN STREET PROJECT","50PZAC","AD26220000072242","IMPROVEMENTS OTHER THAN BUILDINGS",,"12","2022-12 (JUN)","2022-04","6","JUNE,2022","JUNE","FMS",,,"50","GOB 2011A CLEAN WATER CLEANUP","000003605","90723","CHECK","PAID","IN78220000119134","2022-05-25T00:00:00.000","2022-05-25T00:00:00.000","2022-04-25T00:00:00.000","3","3","CPO78220000441351","LABOR & MATERIALS TO INSTALL 4' X 6' GATE AND ONE (1) POST","FENCE, 9 GAUGE, 4 FEET HIGH, ""MERCHANG METALS","4",,"120","0","0","0","220000116942","2021-12-28T00:00:00.000","4","CITY","16173.0","PARAMOUNT","US","CITY","LOS ANGELES","30190000.0","CONSTRUCTION AND MAINTENANCE SUPPORT EQUIPMENT","USD","480","000003605-QUALITY FENCE CO INC"
"8064118","2022","NON-DEPARTMENTAL - APPROPRIATIONS TO SPECIAL PURPOSE FUND","QUALITY FENCE CO INC","2022-06-15T00:00:00.000","390",,"288353","PUBLIC WORKS","GOVERNMENTAL","CAPITAL PROJECTS","GOB 2011A CLEAN WATER CLEANUP","16V","VERMONT AVENUE STORMWATER CAPTURE AND GREEN STREET PROJECT","50PZAC","AD26220000072242","IMPROVEMENTS OTHER THAN BUILDINGS",,"12","2022-12 (JUN)","2022-04","6","JUNE,2022","JUNE","FMS",,,"50","GOB 2011A CLEAN WATER CLEANUP","000003605","90723","CHECK","PAID","IN78220000119134","2022-05-25T00:00:00.000","2022-05-25T00:00:00.000","2022-04-25T00:00:00.000","2","2","CPO78220000441351","LABOR & MATERIALS TO INSTALL 4' X 6' GATE AND ONE (1) POST","LABOR, HOURLY RATE TO PROVIDE A 2 MAN CREW INCLUDING TRUCK A","130",,"3","0","0","0","220000116942","2021-12-28T00:00:00.000","3","CITY","16173.0","PARAMOUNT","US","CITY","LOS ANGELES","30190000.0","CONSTRUCTION AND MAINTENANCE SUPPORT EQUIPMENT","USD","390","000003605-QUALITY FENCE CO INC"
"8072740","2022","NON-DEPARTMENTAL - APPROPRIATIONS TO SPECIAL PURPOSE FUND","QUALITY FENCE CO INC","2022-06-15T00:00:00.000","225",,"288353","PUBLIC WORKS","GOVERNMENTAL","CAPITAL PROJECTS","GOB 2011A CLEAN WATER CLEANUP","16V","VERMONT AVENUE STORMWATER CAPTURE AND GREEN STREET PROJECT","50PZAC","AD26220000072242","IMPROVEMENTS OTHER THAN BUILDINGS",,"12","2022-12 (JUN)","2022-04","6","JUNE,2022","JUNE","FMS",,,"50","GOB 2011A CLEAN WATER CLEANUP","000003605","90723","CHECK","PAID","IN78220000119134","2022-05-25T00:00:00.000","2022-05-25T00:00:00.000","2022-04-25T00:00:00.000","4","4","CPO78220000441351","LABOR & MATERIALS TO INSTALL 4' X 6' GATE AND ONE (1) POST","LABOR, HOURLY RATE TO PROVIDE A TRACTOR DIGGER INCLUDING OPE","75",,"3","0","0","0","220000116942","2021-12-28T00:00:00.000","5","CITY","16173.0","PARAMOUNT","US","CITY","LOS ANGELES","72100000.0","BUILDING CONSTRUCTION, SUPPORT, MAINTENANCE & REPAIR","USD","225","000003605-QUALITY FENCE CO INC"
"8055791","2022","NON-DEPARTMENTAL - APPROPRIATIONS TO SPECIAL PURPOSE FUND","QUALITY FENCE CO INC","2022-06-15T00:00:00.000","38.33",,"288353","PUBLIC WORKS","GOVERNMENTAL","CAPITAL PROJECTS","GOB 2011A CLEAN WATER CLEANUP","16V","VERMONT AVENUE STORMWATER CAPTURE AND GREEN STREET PROJECT","50PZAC","AD26220000072242","IMPROVEMENTS OTHER THAN BUILDINGS",,"12","2022-12 (JUN)","2022-04","6","JUNE,2022","JUNE","FMS",,,"50","GOB 2011A CLEAN WATER CLEANUP","000003605","90723","CHECK","PAID","IN78220000119134","2022-05-25T00:00:00.000","2022-05-25T00:00:00.000","2022-04-25T00:00:00.000","1","1","CPO78220000441351","LABOR & MATERIALS TO INSTALL 4' X 6' GATE AND ONE (1) POST","CONCRETE FOOTING FOR LINE POSTS, 2 FEET DEEP BY 12"" IN DIAME","35",,"1","9.5","3.33","0","220000116942","2021-12-28T00:00:00.000","2","CITY","16173.0","PARAMOUNT","US","CITY","LOS ANGELES","30111500.0","MISC CONCRETE AND MORTARS","USD","38.33","000003605-QUALITY FENCE CO INC"
"8033339","2022","NON_DEPARTMENTAL","GEOSYNTEC CONSULTANTS/C","2022-05-26T00:00:00.000","22265.47",,"882142","GENERAL GOVERNMENT","GOVERNMENTAL","CAPITAL PROJECTS","GOB 2009 CLEAN WATER CLEANUP","16T","PROP O OPTIMIZATION","50MYAF","EFT26220000014628","SUPPLIES & OTHER SERVICES",,"11","2022-11 (MAY)","2022-04","5","MAY,2022","MAY","FMS",,,"50","GOB 2009 CLEAN WATER CLEANUP","100001208","33487","EFT","PAID","PRC502216T500009",,,"2022-03-24T00:00:00.000","1","1","SC50CO18124345MO","16T/TOS SN-73/EXT DATE/ NTP  12/15/21/AMEND #3","16T/50MYAF,TOS SN-73,EWOPTCO8,PROP.O OPTIMIZATION","0",,"0","0","0","0",,"2022-05-18T00:00:00.000","1",,,,,"CITY",,,,"USD",,"100001208-GEOSYNTEC CONSULTANTS/C"
"8031609","2022","NON_DEPARTMENTAL","OHLA USA INC","2022-05-04T00:00:00.000","16366.04",,"2732354","GENERAL GOVERNMENT","GOVERNMENTAL","CAPITAL PROJECTS","GOB 2011A CLEAN WATER CLEANUP","16V","ARGO DRAIN SUB BASIN FACILITY","50RZAE","EFT26220000013661","IMPROVEMENTS OTHER THAN BUILDINGS",,"11","2022-11 (MAY)","2022-04","5","MAY,2022","MAY","FMS",,,"50","GOB 2011A CLEAN WATER CLEANUP","VC0000014741","92614-7279","EFT","PAID","PRC502216V500036",,,"2022-03-08T00:00:00.000","1","1","SC50CO19131878KO","PAY #39, CO 60 - $17,540","ARGO DRAIN, CO#131878 16V/50RZAEGEF+$1","0",,"0","0","0","0",,"2022-04-18T00:00:00.000","4",,,,,"CITY",,,,"USD",,"VC0000014741-OHLA USA INC"
"8031608","2022","NON_DEPARTMENTAL","OHLA USA INC","2022-05-04T00:00:00.000","593.99",,"2732354","GENERAL GOVERNMENT","GOVERNMENTAL","CAPITAL PROJECTS","GOB 2006A CLEAN WATER CLEANUP","16M","ARGO DRAIN SUB BASIN FACILITY.1","50LWAF","EFT26220000013661","IMPROVEMENTS OTHER THAN BUILDINGS",,"11","2022-11 (MAY)","2022-04","5","MAY,2022","MAY","FMS",,,"50","GOB 2006A CLEAN WATER CLEANUP","VC0000014741","92614-7279","EFT","PAID","PRC502216V500036",,,"2022-03-08T00:00:00.000","1","3","SC50CO19131878KO","PAY #39, CO 60 - $17,540","OHL C-131878 EW40067F ARGO DRAIN","0",,"0","0","0","0",,"2022-04-18T00:00:00.000","4",,,,,"CITY",,,,"USD",,"VC0000014741-OHLA USA INC"
"8031607","2022","NON_DEPARTMENTAL","OHLA USA INC","2022-05-04T00:00:00.000","579.97",,"2732354","GENERAL GOVERNMENT","GOVERNMENTAL","CAPITAL PROJECTS","GOB 2005A CLEAN WATER CLEANUP","16F","ARGO DRAIN SUB BASIN FACILITY.1","50LWAF","EFT26220000013661","IMPROVEMENTS OTHER THAN BUILDINGS",,"11","2022-11 (MAY)","2022-04","5","MAY,2022","MAY","FMS",,,"50","GOB 2005A CLEAN WATER CLEANUP","VC0000014741","92614-7279","EFT","PAID","PRC502216V500036",,,"2022-03-08T00:00:00.000","1","2","SC50CO19131878KO","PAY #39, CO 60 - $17,540","OHL C-131878 EW40067F ARGO DRAIN","0",,"0","0","0","0",,"2022-04-18T00:00:00.000","4",,,,,"CITY",,,,"USD",,"VC0000014741-OHLA USA INC"
"7978816","2022","NON_DEPARTMENTAL","ARCADIS U.S. INC","2022-03-16T00:00:00.000","17351.27",,"143256","GENERAL GOVERNMENT","GOVERNMENTAL","CAPITAL PROJECTS","GOB 2011A CLEAN WATER CLEANUP","16V","ARGO DRAIN SUB BASIN FACILITY","50RZAE","EFT26220000011306","SUPPLIES & OTHER SERVICES",,"9","2022-09 (MAR)","2022-03","3","MARCH,2022","MARCH","FMS",,,"50","GOB 2011A CLEAN WATER CLEANUP","100035931","60693-0626","EFT","PAID","PRC502216V500034",,,"2022-02-09T00:00:00.000","1","1","SC50CO18129644MO","NTP 42/CL25 ARGO DRAIN $78,876","16V/50RZAE/EW40067F/NTP35, 36, 39, 40, 42 - ARGO DRAIN SUB-BASIN","0",,"0","0","0","0",,"2022-03-08T00:00:00.000","25",,,,,"CITY",,,,"USD",,"100035931-ARCADIS U.S. INC"
"7980680","2022","NON_DEPARTMENTAL","ARCADIS U.S. INC","2022-03-23T00:00:00.000","12436.94",,"143256","GENERAL GOVERNMENT","GOVERNMENTAL","CAPITAL PROJECTS","GOB 2011A CLEAN WATER CLEANUP","16V","MACHADO LAKE ECOSYSTEM REHAB","50HWAA","EFT26220000011658","SUPPLIES & OTHER SERVICES",,"9","2022-09 (MAR)","2022-03","3","MARCH,2022","MARCH","FMS",,,"50","GOB 2011A CLEAN WATER CLEANUP","100035931","60693-0626","EFT","PAID","PRC502216V500028",,,"2022-01-20T00:00:00.000","1","1","SC50CO18129644MO","NTP 42/CL25 ARGO DRAIN $78,876","16V/50HWAA MACHADO LAKE EW40073B NTP#25,32,37","0",,"0","0","0","0",,"2022-03-08T00:00:00.000","24",,,,,"CITY",,,,"USD",,"100035931-ARCADIS U.S. INC"
"7980796","2022","NON_DEPARTMENTAL","TETRA TECH INC","2022-03-16T00:00:00.000","10501",,"697684","GENERAL GOVERNMENT","GOVERNMENTAL","CAPITAL PROJECTS","GOB 2011A CLEAN WATER CLEANUP","16V","PROGRAM CONTINGENCY","50JYCT","EFT26220000011294","SUPPLIES & OTHER SERVICES",,"9","2022-09 (MAR)","2022-03","3","MARCH,2022","MARCH","FMS",,,"50","GOB 2011A CLEAN WATER CLEANUP","100001158","80291-1967","EFT","PAID","PRC502216V500033",,,"2022-02-16T00:00:00.000","1","1","SC50CO18129660M","16V/50KYAG/EW40062D/TOS#11/NTP5 - ENCUMBER $20,896","16V/50JYCT/EW40086D/TOS#49/NTP1","0",,"0","0","0","0",,"2022-02-10T00:00:00.000","9",,,,,"CITY",,,,"USD",,"100001158-TETRA TECH INC"
"7980679","2022","NON_DEPARTMENTAL","ARCADIS U.S. INC","2022-03-07T00:00:00.000","767.15",,"143256","GENERAL GOVERNMENT","GOVERNMENTAL","CAPITAL PROJECTS","GOB 2011A CLEAN WATER CLEANUP","16V","MACHADO LAKE ECOSYSTEM REHAB","50HWAA","EFT26220000010789","SUPPLIES & OTHER SERVICES",,"9","2022-09 (MAR)","2022-03","3","MARCH,2022","MARCH","FMS",,,"50","GOB 2011A CLEAN WATER CLEANUP","100035931","60693-0626","EFT","PAID","PRC502216V500032",,,"2022-02-09T00:00:00.000","1","1","SC50CO18129644MO","NTP 42/CL25 ARGO DRAIN $78,876","16V/50HWAA MACHADO LAKE EW40073B NTP#25,32,37","0",,"0","0","0","0",,"2022-03-08T00:00:00.000","24",,,,,"CITY",,,,"USD",,"100035931-ARCADIS U.S. INC"
"7944973","2022","NON_DEPARTMENTAL","TETRA TECH INC","2022-02-24T00:00:00.000","7500",,"697684","GENERAL GOVERNMENT","GOVERNMENTAL","CAPITAL PROJECTS","GOB 2011A CLEAN WATER CLEANUP","16V","ALISO CREEK-LIMEKILN CREEK RESTORATION","50KYAG","EFT26220000010395","SUPPLIES & OTHER SERVICES",,"8","2022-08 (FEB)","2022-03","2","FEBRUARY,2022","FEBRUARY","FMS",,,"50","GOB 2011A CLEAN WATER CLEANUP","100001158","80291-1967","EFT","PAID","PRC502216V500031",,,"2021-11-24T00:00:00.000","1","1","SC50CO18129660M","16V/50KYAG/EW40062D/TOS#11/NTP5 - ENCUMBER $20,896","16V/50KYAG/EW40062D/TOS#11/NTP5","0",,"0","0","0","0",,"2022-02-10T00:00:00.000","10",,,,,"CITY",,,,"USD",,"100001158-TETRA TECH INC"
"7933153","2022","NON_DEPARTMENTAL","PRIVACY-NON-DEPARTMENTAL - APPROPRIATIONS TO SPECIAL PURPOSE FUND","2022-02-08T00:00:00.000","4000",,"9999999999","GENERAL GOVERNMENT","GOVERNMENTAL","CAPITAL PROJECTS","GOB 2008A CLEAN WATER CLEANUP","16Q","LEASE & RENTAL OF CITY PROPERTIES","4931","AD26220000042961","RENTS AND CONCESSIONS",,"8","2022-08 (FEB)","2022-03","2","FEBRUARY,2022","FEBRUARY","FMS","PRIVACY-NON-DEPARTMENTAL - APPROPRIATIONS TO SPECIAL PURPOSE FUND",,"50","GOB 2008A CLEAN WATER CLEANUP","PRIVACY-NON-DEPARTMENTAL - APPROPRIATIONS TO SPECIAL PURPOSE FUND",,"CHECK","PAID","RF502216Q500001",,,"2022-02-01T00:00:00.000","1","1",,"PRIVACY-NON-DEPARTMENTAL - APPROPRIATIONS TO SPECIAL PURPOSE FUND","PRIVACY-NON-DEPARTMENTAL - APPROPRIATIONS TO SPECIAL PURPOSE FUND",,,,,,"0",,,"0",,,,,"CITY",,,,"USD",,"PRIVACY-NON-DEPARTMENTAL - APPROPRIATIONS TO SPECIAL PURPOSE FUND"
"7945638","2022","NON_DEPARTMENTAL","TETRA TECH INC","2022-02-10T00:00:00.000","3784.6",,"697684","GENERAL GOVERNMENT","GOVERNMENTAL","CAPITAL PROJECTS","GOB 2011A CLEAN WATER CLEANUP","16V","PROGRAM CONTINGENCY","50JYCT","EFT26220000009855","SUPPLIES & OTHER SERVICES",,"8","2022-08 (FEB)","2022-03","2","FEBRUARY,2022","FEBRUARY","FMS",,,"50","GOB 2011A CLEAN WATER CLEANUP","100001158","80291-1967","EFT","PAID","PRC502216V500029",,,"2022-01-24T00:00:00.000","1","1","SC50CO18129660M","16V/50KYAG/EW40062D/TOS#11/NTP5 - ENCUMBER $20,896","16V/50JYCT/EW40086D/TOS#49/NTP1","0",,"0","0","0","0",,"2022-02-10T00:00:00.000","9",,,,,"CITY",,,,"USD",,"100001158-TETRA TECH INC"
"7944320","2022","NON_DEPARTMENTAL","ARCADIS U.S. INC","2022-02-11T00:00:00.000","495.5",,"143256","GENERAL GOVERNMENT","GOVERNMENTAL","CAPITAL PROJECTS","GOB 2011A CLEAN WATER CLEANUP","16V","ARGO DRAIN SUB BASIN FACILITY","50RZAE","EFT26220000009911","SUPPLIES & OTHER SERVICES",,"8","2022-08 (FEB)","2022-03","2","FEBRUARY,2022","FEBRUARY","FMS",,,"50","GOB 2011A CLEAN WATER CLEANUP","100035931","60693-0626","EFT","PAID","PRC502216V500030",,,"2022-01-20T00:00:00.000","1","1","SC50CO18129644MO","NTP 40/CL25 ARGO $97,448.40 & NTP 41/CL19 WESTWOOD $14,258","16V/50RZAE/EW40067F/NTP35, 36, 39, 40 - ARGO DRAIN SUB-BASIN","0",,"0","0","0","0",,"2021-07-30T00:00:00.000","25",,,,,"CITY",,,,"USD",,"100035931-ARCADIS U.S. INC"
"7903852","2022","NON_DEPARTMENTAL","OHL USA INC","2022-01-12T00:00:00.000","71436.69",,"2732354","GENERAL GOVERNMENT","GOVERNMENTAL","CAPITAL PROJECTS","GOB 2011A CLEAN WATER CLEANUP","16V","ARGO DRAIN SUB BASIN FACILITY","50RZAE","EFT26220000008494","IMPROVEMENTS OTHER THAN BUILDINGS",,"7","2022-07 (JAN)","2022-03","1","JANUARY,2022","JANUARY","FMS",,,"50","GOB 2011A CLEAN WATER CLEANUP","VC0000014741","92614-7279","EFT","PAID","PRC502216V500022",,,"2021-12-02T00:00:00.000","2","1","SC50CO19131878KO","PAY #37, CO 83 $16,854.78","ARGO DRAIN, CO#131878 16V/50RZAEGEF+$1","0",,"0","0","0","0",,"2022-01-07T00:00:00.000","4",,,,,"CITY",,,,"USD",,"VC0000014741-OHL USA INC"
"7911159","2022","NON_DEPARTMENTAL","GEOSYNTEC CONSULTANTS/C","2022-01-26T00:00:00.000","71300.59",,"882142","GENERAL GOVERNMENT","GOVERNMENTAL","CAPITAL PROJECTS","GOB 2009 CLEAN WATER CLEANUP","16T","PROP O OPTIMIZATION","50MYAF","EFT26220000009063","SUPPLIES & OTHER SERVICES",,"7","2022-07 (JAN)","2022-03","1","JANUARY,2022","JANUARY","FMS",,,"50","GOB 2009 CLEAN WATER CLEANUP","100001208","33487","EFT","PAID","PRC502216T500007",,,"2022-01-07T00:00:00.000","1","2","SC50CO18124345MO","16T/TOS SN-73/EXT DATE/ NTP  12/9/20/AMEND #1/INC $362,400","16T/50MYAF,TOS SN-73,EWOPTCO8,PROP.O OPTIMIZATION","0",,"0","0","0","0",,"2021-02-18T00:00:00.000","1",,,,,"CITY",,,,"USD",,"100001208-GEOSYNTEC CONSULTANTS/C"
"7912151","2022","NON_DEPARTMENTAL","TETRA TECH INC","2022-01-14T00:00:00.000","56802.4",,"697684","GENERAL GOVERNMENT","GOVERNMENTAL","CAPITAL PROJECTS","GOB 2011A CLEAN WATER CLEANUP","16V","PROGRAM CONTINGENCY","50JYCT","EFT26220000008647","SUPPLIES & OTHER SERVICES",,"7","2022-07 (JAN)","2022-03","1","JANUARY,2022","JANUARY","FMS",,,"50","GOB 2011A CLEAN WATER CLEANUP","100001158","80291-1967","EFT","PAID","PRC502216V500025",,,"2021-12-20T00:00:00.000","1","1","SC50CO18129660M","16V/50JYCT/EW40086D/TOS#49/NTP1","16V/50JYCT/EW40086D/TOS#49/NTP1","0",,"0","0","0","0",,"2021-10-26T00:00:00.000","9",,,,,"CITY",,,,"USD",,"100001158-TETRA TECH INC"
"7911160","2022","NON_DEPARTMENTAL","GEOSYNTEC CONSULTANTS/C","2022-01-26T00:00:00.000","31365.42",,"882142","GENERAL GOVERNMENT","GOVERNMENTAL","CAPITAL PROJECTS","GOB 2009 CLEAN WATER CLEANUP","16T","PROP O OPTIMIZATION","50MYAF","EFT26220000009063","SUPPLIES & OTHER SERVICES",,"7","2022-07 (JAN)","2022-03","1","JANUARY,2022","JANUARY","FMS",,,"50","GOB 2009 CLEAN WATER CLEANUP","100001208","33487","EFT","PAID","PRC502216T500007",,,"2022-01-07T00:00:00.000","1","1","SC50CO18124345MO","16T/TOS SN-73/EXT DATE/ NTP  12/9/20/AMEND #1/INC $362,400","16T/50MYAF,TOS SN-73,EWOPTCO8,PROP.O OPTIMIZATION","0",,"0","0","0","0",,"2021-02-18T00:00:00.000","1",,,,,"CITY",,,,"USD",,"100001208-GEOSYNTEC CONSULTANTS/C"
"7912086","2022","NON_DEPARTMENTAL","ARCADIS U.S. INC","2022-01-14T00:00:00.000","22327.37",,"143256","GENERAL GOVERNMENT","GOVERNMENTAL","CAPITAL PROJECTS","GOB 2011A CLEAN WATER CLEANUP","16V","MACHADO LAKE ECOSYSTEM REHAB","50HWAA","EFT26220000008658","SUPPLIES & OTHER SERVICES",,"7","2022-07 (JAN)","2022-03","1","JANUARY,2022","JANUARY","FMS",,,"50","GOB 2011A CLEAN WATER CLEANUP","100035931","60693-0626","EFT","PAID","PRC502216V500024",,,"2021-12-21T00:00:00.000","1","1","SC50CO18129644MO","NTP 40/CL25 ARGO $97,448.40 & NTP 41/CL19 WESTWOOD $14,258","16V/50HWAA MACHADO LAKE EW40073B NTP#25,32,37","0",,"0","0","0","0",,"2021-07-30T00:00:00.000","24",,,,,"CITY",,,,"USD",,"100035931-ARCADIS U.S. INC"
"7903851","2022","NON_DEPARTMENTAL","OHL USA INC","2022-01-19T00:00:00.000","16012.04",,"2732354","GENERAL GOVERNMENT","GOVERNMENTAL","CAPITAL PROJECTS","GOB 2011A CLEAN WATER CLEANUP","16V","ARGO DRAIN SUB BASIN FACILITY","50RZAE","EFT26220000008728","IMPROVEMENTS OTHER THAN BUILDINGS",,"7","2022-07 (JAN)","2022-03","1","JANUARY,2022","JANUARY","FMS",,,"50","GOB 2011A CLEAN WATER CLEANUP","VC0000014741","92614-7279","EFT","PAID","PRC502216V500026",,,"2021-12-28T00:00:00.000","2","1","SC50CO19131878KO","PAY #37, CO 83 $16,854.78","ARGO DRAIN, CO#131878 16V/50RZAEGEF+$1","0",,"0","0","0","0",,"2022-01-07T00:00:00.000","4",,,,,"CITY",,,,"USD",,"VC0000014741-OHL USA INC"
"7910405","2022","NON_DEPARTMENTAL","ARCADIS U.S. INC","2022-01-14T00:00:00.000","13215.1",,"143256","GENERAL GOVERNMENT","GOVERNMENTAL","CAPITAL PROJECTS","GOB 2011A CLEAN WATER CLEANUP","16V","ARGO DRAIN SUB BASIN FACILITY","50RZAE","EFT26220000008658","SUPPLIES & OTHER SERVICES",,"7","2022-07 (JAN)","2022-03","1","JANUARY,2022","JANUARY","FMS",,,"50","GOB 2011A CLEAN WATER CLEANUP","100035931","60693-0626","EFT","PAID","PRC502216V500024",,,"2021-12-21T00:00:00.000","1","2","SC50CO18129644MO","NTP 40/CL25 ARGO $97,448.40 & NTP 41/CL19 WESTWOOD $14,258","16V/50RZAE/EW40067F/NTP35, 36, 39, 40 - ARGO DRAIN SUB-BASIN","0",,"0","0","0","0",,"2021-07-30T00:00:00.000","25",,,,,"CITY",,,,"USD",,"100035931-ARCADIS U.S. INC"
"7903853","2022","NON_DEPARTMENTAL","OHL USA INC","2022-01-10T00:00:00.000","3759.83",,"2732354","GENERAL GOVERNMENT","GOVERNMENTAL","CAPITAL PROJECTS","GOB 2011A CLEAN WATER CLEANUP","16V","ARGO DRAIN SUB BASIN FACILITY","50RZAE","AD26220000037815","IMPROVEMENTS OTHER THAN BUILDINGS",,"7","2022-07 (JAN)","2022-03","1","JANUARY,2022","JANUARY","FMS",,,"50","GOB 2011A CLEAN WATER CLEANUP","VC0000014741","90071-2005","CHECK","PAID","PRC502216V500023",,,"2021-12-02T00:00:00.000","2","1","SC50CO19131878KO","PAY #37, CO 83 $16,854.78","ARGO DRAIN, CO#131878 16V/50RZAEGEF+$1","0",,"0","0","0","0",,"2022-01-07T00:00:00.000","4",,,,,"CITY",,,,"USD",,"VC0000014741-OHL USA INC"
"7903850","2022","NON_DEPARTMENTAL","OHL USA INC","2022-01-14T00:00:00.000","842.74",,"2732354","GENERAL GOVERNMENT","GOVERNMENTAL","CAPITAL PROJECTS","GOB 2011A CLEAN WATER CLEANUP","16V","ARGO DRAIN SUB BASIN FACILITY","50RZAE","AD26220000038902","IMPROVEMENTS OTHER THAN BUILDINGS",,"7","2022-07 (JAN)","2022-03","1","JANUARY,2022","JANUARY","FMS",,,"50","GOB 2011A CLEAN WATER CLEANUP","VC0000014741","90071-2005","CHECK","PAID","PRC502216V500027",,,"2021-12-28T00:00:00.000","2","1","SC50CO19131878KO","PAY #37, CO 83 $16,854.78","ARGO DRAIN, CO#131878 16V/50RZAEGEF+$1","0",,"0","0","0","0",,"2022-01-07T00:00:00.000","4",,,,,"CITY",,,,"USD",,"VC0000014741-OHL USA INC"
"7847959","2022","NON_DEPARTMENTAL","TETRA TECH INC","2021-12-22T00:00:00.000","64586.25",,"697684","GENERAL GOVERNMENT","GOVERNMENTAL","CAPITAL PROJECTS","GOB 2011A CLEAN WATER CLEANUP","16V","PROGRAM CONTINGENCY","50JYCT","EFT26220000007692","SUPPLIES & OTHER SERVICES",,"6","2022-06 (DEC)","2022-02","12","DECEMBER,2021","DECEMBER","FMS",,,"50","GOB 2011A CLEAN WATER CLEANUP","100001158","80291-1967","EFT","PAID","PRC502216V500021",,,"2021-11-24T00:00:00.000","1","1","SC50CO18129660M","16V/50JYCT/EW40086D/TOS#49/NTP1","16V/50JYCT/EW40086D/TOS#49/NTP1","0",,"0","0","0","0",,"2021-10-26T00:00:00.000","9",,,,,"CITY",,,,"USD",,"100001158-TETRA TECH INC"
"7847898","2022","NON_DEPARTMENTAL","ARCADIS U.S. INC","2021-12-08T00:00:00.000","34856.5",,"143256","GENERAL GOVERNMENT","GOVERNMENTAL","CAPITAL PROJECTS","GOB 2011A CLEAN WATER CLEANUP","16V","MACHADO LAKE ECOSYSTEM REHAB","50HWAA","EFT26220000007006","SUPPLIES & OTHER SERVICES",,"6","2022-06 (DEC)","2022-02","12","DECEMBER,2021","DECEMBER","FMS",,,"50","GOB 2011A CLEAN WATER CLEANUP","100035931","60693-0626","EFT","PAID","PRC502216V500020",,,"2021-08-25T00:00:00.000","1","3","SC50CO18129644MO","NTP 40/CL25 ARGO $97,448.40 & NTP 41/CL19 WESTWOOD $14,258","16V/50HWAA MACHADO LAKE EW40073B NTP#25,32,37","0",,"0","0","0","0",,"2021-07-30T00:00:00.000","24",,,,,"CITY",,,,"USD",,"100035931-ARCADIS U.S. INC"
"7846860","2022","NON_DEPARTMENTAL","GEOSYNTEC CONSULTANTS/C","2021-12-22T00:00:00.000","23107.25",,"882142","GENERAL GOVERNMENT","GOVERNMENTAL","CAPITAL PROJECTS","GOB 2009 CLEAN WATER CLEANUP","16T","PROP O OPTIMIZATION","50MYAF","EFT26220000007693","SUPPLIES & OTHER SERVICES",,"6","2022-06 (DEC)","2022-02","12","DECEMBER,2021","DECEMBER","FMS",,,"50","GOB 2009 CLEAN WATER CLEANUP","100001208","33487","EFT","PAID","PRC502216T500006",,,"2021-12-01T00:00:00.000","1","1","SC50CO18124345MO","16T/TOS SN-73/EXT DATE/ NTP  12/9/20/AMEND #1/INC $362,400","16T/50MYAF,TOS SN-73,EWOPTCO8,PROP.O OPTIMIZATION","0",,"0","0","0","0",,"2021-02-18T00:00:00.000","1",,,,,"CITY",,,,"USD",,"100001208-GEOSYNTEC CONSULTANTS/C"
"7847897","2022","NON_DEPARTMENTAL","ARCADIS U.S. INC","2021-12-08T00:00:00.000","22608",,"143256","GENERAL GOVERNMENT","GOVERNMENTAL","CAPITAL PROJECTS","GOB 2011A CLEAN WATER CLEANUP","16V","MACHADO LAKE ECOSYSTEM REHAB","50HWAA","EFT26220000007006","SUPPLIES & OTHER SERVICES",,"6","2022-06 (DEC)","2022-02","12","DECEMBER,2021","DECEMBER","FMS",,,"50","GOB 2011A CLEAN WATER CLEANUP","100035931","60693-0626","EFT","PAID","PRC502216V500019",,,"2021-11-15T00:00:00.000","1","2","SC50CO18129644MO","NTP 40/CL25 ARGO $97,448.40 & NTP 41/CL19 WESTWOOD $14,258","16V/50HWAA MACHADO LAKE EW40073B NTP#25,32,37","0",,"0","0","0","0",,"2021-07-30T00:00:00.000","24",,,,,"CITY",,,,"USD",,"100035931-ARCADIS U.S. INC"
"7847899","2022","NON_DEPARTMENTAL","ARCADIS U.S. INC","2021-12-08T00:00:00.000","11286.43",,"143256","GENERAL GOVERNMENT","GOVERNMENTAL","CAPITAL PROJECTS","GOB 2011A CLEAN WATER CLEANUP","16V","MACHADO LAKE ECOSYSTEM REHAB","50HWAA","EFT26220000007006","SUPPLIES & OTHER SERVICES",,"6","2022-06 (DEC)","2022-02","12","DECEMBER,2021","DECEMBER","FMS",,,"50","GOB 2011A CLEAN WATER CLEANUP","100035931","60693-0626","EFT","PAID","PRC502216V500020",,,"2021-10-25T00:00:00.000","1","4","SC50CO18129644MO","NTP 40/CL25 ARGO $97,448.40 & NTP 41/CL19 WESTWOOD $14,258","16V/50HWAA MACHADO LAKE EW40073B NTP#25,32,37","0",,"0","0","0","0",,"2021-07-30T00:00:00.000","24",,,,,"CITY",,,,"USD",,"100035931-ARCADIS U.S. INC"
"7846107","2022","NON_DEPARTMENTAL","ARCADIS U.S. INC","2021-12-08T00:00:00.000","1270.17",,"143256","GENERAL GOVERNMENT","GOVERNMENTAL","CAPITAL PROJECTS","GOB 2011A CLEAN WATER CLEANUP","16V","ARGO DRAIN SUB BASIN FACILITY","50RZAE","EFT26220000007006","SUPPLIES & OTHER SERVICES",,"6","2022-06 (DEC)","2022-02","12","DECEMBER,2021","DECEMBER","FMS",,,"50","GOB 2011A CLEAN WATER CLEANUP","100035931","60693-0626","EFT","PAID","PRC502216V500019",,,"2021-11-15T00:00:00.000","1","1","SC50CO18129644MO","NTP 40/CL25 ARGO $97,448.40 & NTP 41/CL19 WESTWOOD $14,258","16V/50RZAE/EW40067F/NTP35, 36, 39, 40 - ARGO DRAIN SUB-BASIN","0",,"0","0","0","0",,"2021-07-30T00:00:00.000","25",,,,,"CITY",,,,"USD",,"100035931-ARCADIS U.S. INC"
"7801065","2022","NON_DEPARTMENTAL","OHL USA INC","2021-11-17T00:00:00.000","140820.82",,"2732354","GENERAL GOVERNMENT","GOVERNMENTAL","CAPITAL PROJECTS","GOB 2011A CLEAN WATER CLEANUP","16V","ARGO DRAIN SUB BASIN FACILITY","50RZAE","EFT26220000006116","IMPROVEMENTS OTHER THAN BUILDINGS",,"5","2022-05 (NOV)","2022-02","11","NOVEMBER,2021","NOVEMBER","FMS",,,"50","GOB 2011A CLEAN WATER CLEANUP","VC0000014741","92614-7279","EFT","PAID","PRC502216V500015",,,"2021-10-26T00:00:00.000","2","1","SC50CO19131878KO","GEF $148,232.44 - PAY #35, CO 24, 72, 77, 80, 81, 84, 85, 86","ARGO DRAIN, CO#131878 16V/50RZAEGEF+$1","0",,"0","0","0","0",,"2021-11-09T00:00:00.000","4",,,,,"CITY",,,,"USD",,"VC0000014741-OHL USA INC"
"7810222","2022","NON_DEPARTMENTAL","GEOSYNTEC CONSULTANTS/C","2021-11-23T00:00:00.000","85296.37",,"882142","GENERAL GOVERNMENT","GOVERNMENTAL","CAPITAL PROJECTS","GOB 2009 CLEAN WATER CLEANUP","16T","PROP O OPTIMIZATION","50MYAF","EFT26220000006383","SUPPLIES & OTHER SERVICES",,"5","2022-05 (NOV)","2022-02","11","NOVEMBER,2021","NOVEMBER","FMS",,,"50","GOB 2009 CLEAN WATER CLEANUP","100001208","33487","EFT","PAID","PRC502216T500005",,,"2021-10-19T00:00:00.000","1","1","SC50CO18124345MO","16T/TOS SN-73/EXT DATE/ NTP  12/9/20/AMEND #1/INC $362,400","16T/50MYAF,TOS SN-73,EWOPTCO8,PROP.O OPTIMIZATION","0",,"0","0","0","0",,"2021-02-18T00:00:00.000","1",,,,,"CITY",,,,"USD",,"100001208-GEOSYNTEC CONSULTANTS/C"
"7811133","2022","NON_DEPARTMENTAL","TETRA TECH INC","2021-11-23T00:00:00.000","39992.5",,"697684","GENERAL GOVERNMENT","GOVERNMENTAL","CAPITAL PROJECTS","GOB 2011A CLEAN WATER CLEANUP","16V","PROGRAM CONTINGENCY","50JYCT","EFT26220000006382","SUPPLIES & OTHER SERVICES",,"5","2022-05 (NOV)","2022-02","11","NOVEMBER,2021","NOVEMBER","FMS",,,"50","GOB 2011A CLEAN WATER CLEANUP","100001158","80291-1967","EFT","PAID","PRC502216V500017",,,"2021-09-13T00:00:00.000","1","1","SC50CO18129660M","16V/50JYCT/EW40086D/TOS#49/NTP1","16V/50JYCT/EW40086D/TOS#49/NTP1","0",,"0","0","0","0",,"2021-10-26T00:00:00.000","9",,,,,"CITY",,,,"USD",,"100001158-TETRA TECH INC"
"7811132","2022","NON_DEPARTMENTAL","TETRA TECH INC","2021-11-23T00:00:00.000","35993.25",,"697684","GENERAL GOVERNMENT","GOVERNMENTAL","CAPITAL PROJECTS","GOB 2011A CLEAN WATER CLEANUP","16V","PROGRAM CONTINGENCY","50JYCT","EFT26220000006382","SUPPLIES & OTHER SERVICES",,"5","2022-05 (NOV)","2022-02","11","NOVEMBER,2021","NOVEMBER","FMS",,,"50","GOB 2011A CLEAN WATER CLEANUP","100001158","80291-1967","EFT","PAID","PRC502216V500017",,,"2021-10-19T00:00:00.000","1","2","SC50CO18129660M","16V/50JYCT/EW40086D/TOS#49/NTP1","16V/50JYCT/EW40086D/TOS#49/NTP1","0",,"0","0","0","0",,"2021-10-26T00:00:00.000","9",,,,,"CITY",,,,"USD",,"100001158-TETRA TECH INC"
"7809876","2022","NON_DEPARTMENTAL","ARCADIS U.S. INC","2021-11-03T00:00:00.000","12631.72",,"143256","GENERAL GOVERNMENT","GOVERNMENTAL","CAPITAL PROJECTS","GOB 2011A CLEAN WATER CLEANUP","16V","WESTWOOD NEIGHBORHOOD GREENWAY PROJECT","50PZAB","EFT26220000005539","SUPPLIES & OTHER SERVICES",,"5","2022-05 (NOV)","2022-02","11","NOVEMBER,2021","NOVEMBER","FMS",,,"50","GOB 2011A CLEAN WATER CLEANUP","100035931","60693-0626","EFT","PAID","PRC502216V500014",,,"2021-10-22T00:00:00.000","1","1","SC50CO18129644MO","NTP 40/CL25 ARGO $97,448.40 & NTP 41/CL19 WESTWOOD $14,258","16V/50PZAB/EW40071A/NTP18,20-23,30,31,33,34,38,41-WESTWOOD","0",,"0","0","0","0",,"2021-07-30T00:00:00.000","19",,,,,"CITY",,,,"USD",,"100035931-ARCADIS U.S. INC"
"7809877","2022","NON_DEPARTMENTAL","ARCADIS U.S. INC","2021-11-03T00:00:00.000","11673.08",,"143256","GENERAL GOVERNMENT","GOVERNMENTAL","CAPITAL PROJECTS","GOB 2011A CLEAN WATER CLEANUP","16V","WESTWOOD NEIGHBORHOOD GREENWAY PROJECT","50PZAB","EFT26220000005539","SUPPLIES & OTHER SERVICES",,"5","2022-05 (NOV)","2022-02","11","NOVEMBER,2021","NOVEMBER","FMS",,,"50","GOB 2011A CLEAN WATER CLEANUP","100035931","60693-0626","EFT","PAID","PRC502216V500014",,,"2021-10-22T00:00:00.000","1","2","SC50CO18129644MO","NTP 40/CL25 ARGO $97,448.40 & NTP 41/CL19 WESTWOOD $14,258","16V/50PZAB/EW40071A/NTP18,20-23,30,31,33,34,38,41-WESTWOOD","0",,"0","0","0","0",,"2021-07-30T00:00:00.000","19",,,,,"CITY",,,,"USD",,"100035931-ARCADIS U.S. INC"
"7809577","2022","NON_DEPARTMENTAL","ARCADIS U.S. INC","2021-11-23T00:00:00.000","10841.81",,"143256","GENERAL GOVERNMENT","GOVERNMENTAL","CAPITAL PROJECTS","GOB 2011A CLEAN WATER CLEANUP","16V","ARGO DRAIN SUB BASIN FACILITY","50RZAE","EFT26220000006396","SUPPLIES & OTHER SERVICES",,"5","2022-05 (NOV)","2022-02","11","NOVEMBER,2021","NOVEMBER","FMS",,,"50","GOB 2011A CLEAN WATER CLEANUP","100035931","60693-0626","EFT","PAID","PRC502216V500018",,,"2021-10-22T00:00:00.000","1","1","SC50CO18129644MO","NTP 40/CL25 ARGO $97,448.40 & NTP 41/CL19 WESTWOOD $14,258","16V/50RZAE/EW40067F/NTP35, 36, 39, 40 - ARGO DRAIN SUB-BASIN","0",,"0","0","0","0",,"2021-07-30T00:00:00.000","25",,,,,"CITY",,,,"USD",,"100035931-ARCADIS U.S. INC"
"7801066","2022","NON_DEPARTMENTAL","OHL USA INC","2021-11-15T00:00:00.000","7411.62",,"2732354","GENERAL GOVERNMENT","GOVERNMENTAL","CAPITAL PROJECTS","GOB 2011A CLEAN WATER CLEANUP","16V","ARGO DRAIN SUB BASIN FACILITY","50RZAE","AD26220000028678","IMPROVEMENTS OTHER THAN BUILDINGS",,"5","2022-05 (NOV)","2022-02","11","NOVEMBER,2021","NOVEMBER","FMS",,,"50","GOB 2011A CLEAN WATER CLEANUP","VC0000014741","90071-2005","CHECK","PAID","PRC502216V500016",,,"2021-10-26T00:00:00.000","2","1","SC50CO19131878KO","GEF $148,232.44 - PAY #35, CO 24, 72, 77, 80, 81, 84, 85, 86","ARGO DRAIN, CO#131878 16V/50RZAEGEF+$1","0",,"0","0","0","0",,"2021-11-09T00:00:00.000","4",,,,,"CITY",,,,"USD",,"VC0000014741-OHL USA INC"
"7792991","2022","NON_DEPARTMENTAL","STATE WATER RESOURCES CONTROL BOARD","2021-11-01T00:00:00.000","1257",,"2406447","GENERAL GOVERNMENT","GOVERNMENTAL","CAPITAL PROJECTS","GOB 2009 CLEAN WATER CLEANUP","16T","MACHADO LAKE-PHASE I","50FC18","AD26220000024310","SUPPLIES & OTHER SERVICES",,"5","2022-05 (NOV)","2022-02","11","NOVEMBER,2021","NOVEMBER","FMS",,,"50","GOB 2009 CLEAN WATER CLEANUP","100002610","95812-1888","CHECK","PAID","GAX502216T500001",,,"2020-11-10T00:00:00.000","1","3","GAEAE50AE2216T001M","SWRCB - STORMWATER & WASTEWATER PERMIT FEES-MACHADO LAKE","STORMWATER & WASTEWATER PERMIT FEES-MACHADO LAKE, EW40022A FACILITY 4 19C367637",,,,,,"0",,"2021-10-20T00:00:00.000","0",,,,,"CITY",,,,"USD",,"100002610-STATE WATER RESOURCES CONTROL BOARD"
"7792989","2022","NON_DEPARTMENTAL","STATE WATER RESOURCES CONTROL BOARD","2021-11-01T00:00:00.000","1198",,"2406447","GENERAL GOVERNMENT","GOVERNMENTAL","CAPITAL PROJECTS","GOB 2009 CLEAN WATER CLEANUP","16T","MACHADO LAKE-PHASE I","50FC18","AD26220000024310","SUPPLIES & OTHER SERVICES",,"5","2022-05 (NOV)","2022-02","11","NOVEMBER,2021","NOVEMBER","FMS",,,"50","GOB 2009 CLEAN WATER CLEANUP","100002610","95812-1888","CHECK","PAID","GAX502216T500001",,,"2019-10-23T00:00:00.000","1","2","GAEAE50AE2216T001M","SWRCB - STORMWATER & WASTEWATER PERMIT FEES-MACHADO LAKE","STORMWATER & WASTEWATER PERMIT FEES-MACHADO LAKE, EW40022A FACILITY 4 19C367637",,,,,,"0",,"2021-10-20T00:00:00.000","0",,,,,"CITY",,,,"USD",,"100002610-STATE WATER RESOURCES CONTROL BOARD"
"7792990","2022","NON_DEPARTMENTAL","STATE WATER RESOURCES CONTROL BOARD","2021-11-01T00:00:00.000","1198",,"2406447","GENERAL GOVERNMENT","GOVERNMENTAL","CAPITAL PROJECTS","GOB 2009 CLEAN WATER CLEANUP","16T","MACHADO LAKE-PHASE I","50FC18","AD26220000024310","SUPPLIES & OTHER SERVICES",,"5","2022-05 (NOV)","2022-02","11","NOVEMBER,2021","NOVEMBER","FMS",,,"50","GOB 2009 CLEAN WATER CLEANUP","100002610","95812-1888","CHECK","PAID","GAX502216T500001",,,"2018-11-07T00:00:00.000","1","1","GAEAE50AE2216T001M","SWRCB - STORMWATER & WASTEWATER PERMIT FEES-MACHADO LAKE","STORMWATER & WASTEWATER PERMIT FEES-MACHADO LAKE, EW40022A FACILITY 4 19C367637",,,,,,"0",,"2021-10-20T00:00:00.000","0",,,,,"CITY",,,,"USD",,"100002610-STATE WATER RESOURCES CONTROL BOARD"
"7757705","2022","NON_DEPARTMENTAL","OHL USA INC","2021-10-27T00:00:00.000","367235.28",,"2732354","GENERAL GOVERNMENT","GOVERNMENTAL","CAPITAL PROJECTS","GOB 2011A CLEAN WATER CLEANUP","16V","ARGO DRAIN SUB BASIN FACILITY","50RZAE","EFT26220000005124","IMPROVEMENTS OTHER THAN BUILDINGS",,"4","2022-04 (OCT)","2022-02","10","OCTOBER,2021","OCTOBER","FMS",,,"50","GOB 2011A CLEAN WATER CLEANUP","VC0000014741","92614-7279","EFT","PAID","PRC502216V500012",,,"2021-09-30T00:00:00.000","2","1","SC50CO19131878KO","GEF $428,656.15- PAY #34, CO 22, 66, 75, 78, 79","ARGO DRAIN, CO#131878 16V/50RZAEGEF+$1","0",,"0","0","0","0",,"2021-10-20T00:00:00.000","4",,,,,"CITY",,,,"USD",,"VC0000014741-OHL USA INC"
"7767925","2022","NON_DEPARTMENTAL","ARCADIS U.S. INC","2021-10-20T00:00:00.000","38495.38",,"143256","GENERAL GOVERNMENT","GOVERNMENTAL","CAPITAL PROJECTS","GOB 2011A CLEAN WATER CLEANUP","16V","MACHADO LAKE ECOSYSTEM REHAB","50HWAA","EFT26220000004905","SUPPLIES & OTHER SERVICES",,"4","2022-04 (OCT)","2022-02","10","OCTOBER,2021","OCTOBER","FMS",,,"50","GOB 2011A CLEAN WATER CLEANUP","100035931","60693-0626","EFT","PAID","PRC502216V500011",,,"2021-09-28T00:00:00.000","1","1","SC50CO18129644MO","NTP 40/CL25 ARGO $97,448.40 & NTP 41/CL19 WESTWOOD $14,258","16V/50HWAA MACHADO LAKE EW40073B NTP#25,32,37","0",,"0","0","0","0",,"2021-07-30T00:00:00.000","24",,,,,"CITY",,,,"USD",,"100035931-ARCADIS U.S. INC"
"7757706","2022","NON_DEPARTMENTAL","OHL USA INC","2021-10-25T00:00:00.000","21432.81",,"2732354","GENERAL GOVERNMENT","GOVERNMENTAL","CAPITAL PROJECTS","GOB 2011A CLEAN WATER CLEANUP","16V","ARGO DRAIN SUB BASIN FACILITY","50RZAE","AD26220000022808","IMPROVEMENTS OTHER THAN BUILDINGS",,"4","2022-04 (OCT)","2022-02","10","OCTOBER,2021","OCTOBER","FMS",,,"50","GOB 2011A CLEAN WATER CLEANUP","VC0000014741","90071-2005","CHECK","PAID","PRC502216V500013",,,"2021-09-30T00:00:00.000","2","1","SC50CO19131878KO","GEF $428,656.15- PAY #34, CO 22, 66, 75, 78, 79","ARGO DRAIN, CO#131878 16V/50RZAEGEF+$1","0",,"0","0","0","0",,"2021-10-20T00:00:00.000","4",,,,,"CITY",,,,"USD",,"VC0000014741-OHL USA INC"
"7767199","2022","NON_DEPARTMENTAL","GEOSYNTEC CONSULTANTS/C","2021-10-18T00:00:00.000","21231.54",,"882142","GENERAL GOVERNMENT","GOVERNMENTAL","CAPITAL PROJECTS","GOB 2009 CLEAN WATER CLEANUP","16T","PROP O OPTIMIZATION","50MYAF","AD26220000021321","SUPPLIES & OTHER SERVICES",,"4","2022-04 (OCT)","2022-02","10","OCTOBER,2021","OCTOBER","FMS",,,"50","GOB 2009 CLEAN WATER CLEANUP","100001208","33487","CHECK","PAID","PRC502216T500004",,,"2021-09-28T00:00:00.000","1","1","SC50CO18124345MO","16T/TOS SN-73/EXT DATE/ NTP  12/9/20/AMEND #1/INC $362,400","16T/50MYAF,TOS SN-73,EWOPTCO8,PROP.O OPTIMIZATION","0",,"0","0","0","0",,"2021-02-18T00:00:00.000","1",,,,,"CITY",,,,"USD",,"100001208-GEOSYNTEC CONSULTANTS/C"
"7766319","2022","NON_DEPARTMENTAL","ARCADIS U.S. INC","2021-10-20T00:00:00.000","20655.08",,"143256","GENERAL GOVERNMENT","GOVERNMENTAL","CAPITAL PROJECTS","GOB 2011A CLEAN WATER CLEANUP","16V","ARGO DRAIN SUB BASIN FACILITY","50RZAE","EFT26220000004905","SUPPLIES & OTHER SERVICES",,"4","2022-04 (OCT)","2022-02","10","OCTOBER,2021","OCTOBER","FMS",,,"50","GOB 2011A CLEAN WATER CLEANUP","100035931","60693-0626","EFT","PAID","PRC502216V500011",,,"2021-09-28T00:00:00.000","1","2","SC50CO18129644MO","NTP 40/CL25 ARGO $97,448.40 & NTP 41/CL19 WESTWOOD $14,258","16V/50RZAE/EW40067F/NTP35, 36, 39, 40 - ARGO DRAIN SUB-BASIN","0",,"0","0","0","0",,"2021-07-30T00:00:00.000","25",,,,,"CITY",,,,"USD",,"100035931-ARCADIS U.S. INC"
"7719985","2022","NON_DEPARTMENTAL","OHL USA INC","2021-09-08T00:00:00.000","194501.52",,"2732354","GENERAL GOVERNMENT","GOVERNMENTAL","CAPITAL PROJECTS","GOB 2011A CLEAN WATER CLEANUP","16V","ARGO DRAIN SUB BASIN FACILITY","50RZAE","EFT26220000003006","IMPROVEMENTS OTHER THAN BUILDINGS",,"3","2022-03 (SEP)","2022-01","9","SEPTEMBER,2021","SEPTEMBER","FMS",,,"50","GOB 2011A CLEAN WATER CLEANUP","VC0000014741","92614-7279","EFT","PAID","PRC502216V500008",,,"2021-08-06T00:00:00.000","2","1","SC50CO19131878KO","GEF $204,738.44 - PAY #33, CO 68, 73, 74","ARGO DRAIN, CO#131878 16V/50RZAEGEF+$1","0",,"0","0","0","0",,"2021-08-27T00:00:00.000","4",,,,,"CITY",,,,"USD",,"VC0000014741-OHL USA INC"
"7727426","2022","NON_DEPARTMENTAL","ARCADIS U.S. INC","2021-09-27T00:00:00.000","23406.97",,"143256","GENERAL GOVERNMENT","GOVERNMENTAL","CAPITAL PROJECTS","GOB 2011A CLEAN WATER CLEANUP","16V","ARGO DRAIN SUB BASIN FACILITY","50RZAE","EFT26220000003818","SUPPLIES & OTHER SERVICES",,"3","2022-03 (SEP)","2022-01","9","SEPTEMBER,2021","SEPTEMBER","FMS",,,"50","GOB 2011A CLEAN WATER CLEANUP","100035931","60693-0626","EFT","PAID","PRC502216V500010",,,"2021-08-25T00:00:00.000","2","2","SC50CO18129644MO","NTP 40/CL25 ARGO $97,448.40 & NTP 41/CL19 WESTWOOD $14,258","16V/50RZAE/EW40067F/NTP35, 36, 39, 40 - ARGO DRAIN SUB-BASIN","0",,"0","0","0","0",,"2021-07-30T00:00:00.000","25",,,,,"CITY",,,,"USD",,"100035931-ARCADIS U.S. INC"
"7729289","2022","NON_DEPARTMENTAL","ARCADIS U.S. INC","2021-09-27T00:00:00.000","19450.21",,"143256","GENERAL GOVERNMENT","GOVERNMENTAL","CAPITAL PROJECTS","GOB 2009 CLEAN WATER CLEANUP","16T","ARGO DRAIN SUB BASIN FACILITY.1","50LWAF","EFT26220000003818","SUPPLIES & OTHER SERVICES",,"3","2022-03 (SEP)","2022-01","9","SEPTEMBER,2021","SEPTEMBER","FMS",,,"50","GOB 2009 CLEAN WATER CLEANUP","100035931","60693-0626","EFT","PAID","PRC502216V500010",,,"2021-08-25T00:00:00.000","1","1","SC50CO18129644MO","NTP 40/CL25 ARGO $97,448.40 & NTP 41/CL19 WESTWOOD $14,258","16T/50LWAF/EW40067F,NTP#7STO#09-07- ARGO DRAIN SUB-BASINENC=$1,266,328.00","0",,"0","0","0","0",,"2021-07-30T00:00:00.000","15",,,,,"CITY",,,,"USD",,"100035931-ARCADIS U.S. INC"
"7719984","2022","NON_DEPARTMENTAL","OHL USA INC","2021-09-03T00:00:00.000","10236.92",,"2732354","GENERAL GOVERNMENT","GOVERNMENTAL","CAPITAL PROJECTS","GOB 2011A CLEAN WATER CLEANUP","16V","ARGO DRAIN SUB BASIN FACILITY","50RZAE","AD26220000012569","IMPROVEMENTS OTHER THAN BUILDINGS",,"3","2022-03 (SEP)","2022-01","9","SEPTEMBER,2021","SEPTEMBER","FMS",,,"50","GOB 2011A CLEAN WATER CLEANUP","VC0000014741","90071-2005","CHECK","PAID","PRC502216V500009",,,"2021-08-06T00:00:00.000","2","1","SC50CO19131878KO","GEF $204,738.44 - PAY #33, CO 68, 73, 74","ARGO DRAIN, CO#131878 16V/50RZAEGEF+$1","0",,"0","0","0","0",,"2021-08-27T00:00:00.000","4",,,,,"CITY",,,,"USD",,"VC0000014741-OHL USA INC"
"7678305","2022","NON_DEPARTMENTAL","OHL USA INC","2021-08-27T00:00:00.000","220569.99",,"2732354","GENERAL GOVERNMENT","GOVERNMENTAL","CAPITAL PROJECTS","GOB 2009 CLEAN WATER CLEANUP","16T","ARGO DRAIN SUB BASIN FACILITY.1","50LWAF","EFT26220000002564","IMPROVEMENTS OTHER THAN BUILDINGS",,"2","2022-02 (AUG)","2022-01","8","AUGUST,2021","AUGUST","FMS",,,"50","GOB 2009 CLEAN WATER CLEANUP","VC0000014741","92614-7279","EFT","PAID","PRC502216T500003",,,"2021-07-28T00:00:00.000","2","1","SC50CO19131878KO","GEF $204,738.44 - PAY #33, CO 68, 73, 74","ARGO DRAIN, CO#131878 16T/50LWAF","0",,"0","0","0","0",,"2021-08-27T00:00:00.000","4",,,,,"CITY",,,,"USD",,"VC0000014741-OHL USA INC"
"7686619","2022","NON_DEPARTMENTAL","ARCADIS U.S. INC","2021-08-23T00:00:00.000","38333.85",,"143256","GENERAL GOVERNMENT","GOVERNMENTAL","CAPITAL PROJECTS","GOB 2011A CLEAN WATER CLEANUP","16V","ARGO DRAIN SUB BASIN FACILITY","50RZAE","EFT26220000002184","SUPPLIES & OTHER SERVICES",,"2","2022-02 (AUG)","2022-01","8","AUGUST,2021","AUGUST","FMS",,,"50","GOB 2011A CLEAN WATER CLEANUP","100035931","60693-0626","EFT","PAID","PRC502216V500005",,,"2021-05-19T00:00:00.000","1","1","SC50CO18129644MO","NTP 40/CL25 ARGO $97,448.40 & NTP 41/CL19 WESTWOOD $14,258","16V/50RZAE/EW40067F/NTP35, 36, 39, 40 - ARGO DRAIN SUB-BASIN","0",,"0","0","0","0",,"2021-07-30T00:00:00.000","25",,,,,"CITY",,,,"USD",,"100035931-ARCADIS U.S. INC"
"7678306","2022","NON_DEPARTMENTAL","OHL USA INC","2021-08-27T00:00:00.000","24824.99",,"2732354","GENERAL GOVERNMENT","GOVERNMENTAL","CAPITAL PROJECTS","GOB 2011A CLEAN WATER CLEANUP","16V","ARGO DRAIN SUB BASIN FACILITY","50RZAE","EFT26220000002564","IMPROVEMENTS OTHER THAN BUILDINGS",,"2","2022-02 (AUG)","2022-01","8","AUGUST,2021","AUGUST","FMS",,,"50","GOB 2011A CLEAN WATER CLEANUP","VC0000014741","92614-7279","EFT","PAID","PRC502216T500003",,,"2021-07-28T00:00:00.000","2","2","SC50CO19131878KO","GEF $204,738.44 - PAY #33, CO 68, 73, 74","ARGO DRAIN, CO#131878 16V/50RZAEGEF+$1","0",,"0","0","0","0",,"2021-08-27T00:00:00.000","4",,,,,"CITY",,,,"USD",,"VC0000014741-OHL USA INC"
"7686620","2022","NON_DEPARTMENTAL","ARCADIS U.S. INC","2021-08-11T00:00:00.000","16656.7",,"143256","GENERAL GOVERNMENT","GOVERNMENTAL","CAPITAL PROJECTS","GOB 2011A CLEAN WATER CLEANUP","16V","ARGO DRAIN SUB BASIN FACILITY","50RZAE","EFT26220000001797","SUPPLIES & OTHER SERVICES",,"2","2022-02 (AUG)","2022-01","8","AUGUST,2021","AUGUST","FMS",,,"50","GOB 2011A CLEAN WATER CLEANUP","100035931","60693-0626","EFT","PAID","PRC502216V500004",,,"2021-07-20T00:00:00.000","1","2","SC50CO18129644MO","NTP 40/CL25 ARGO $97,448.40 & NTP 41/CL19 WESTWOOD $14,258","16V/50RZAE/EW40067F,NTP#35ARGO DRAIN SUB-BASINENC=$385,606","0",,"0","0","0","0",,"2021-07-30T00:00:00.000","25",,,,,"CITY",,,,"USD",,"100035931-ARCADIS U.S. INC"
"7678307","2022","NON_DEPARTMENTAL","OHL USA INC","2021-08-25T00:00:00.000","12915.53",,"2732354","GENERAL GOVERNMENT","GOVERNMENTAL","CAPITAL PROJECTS","GOB 2011A CLEAN WATER CLEANUP","16V","ARGO DRAIN SUB BASIN FACILITY","50RZAE","AD26220000010415","IMPROVEMENTS OTHER THAN BUILDINGS",,"2","2022-02 (AUG)","2022-01","8","AUGUST,2021","AUGUST","FMS",,,"50","GOB 2011A CLEAN WATER CLEANUP","VC0000014741","90071-2005","CHECK","PAID","PRC502216V500006",,,"2021-07-28T00:00:00.000","2","1","SC50CO19131878KO","GEF $204,738.44 - PAY #33, CO 68, 73, 74","ARGO DRAIN, CO#131878 16V/50RZAEGEF+$1","0",,"0","0","0","0",,"2021-08-27T00:00:00.000","4",,,,,"CITY",,,,"USD",,"VC0000014741-OHL USA INC"
"7678540","2022","NON_DEPARTMENTAL","CLARKE CONTRACTING CORP","2021-08-27T00:00:00.000","6058.7",,"332897","GENERAL GOVERNMENT","GOVERNMENTAL","CAPITAL PROJECTS","GOB 2011A CLEAN WATER CLEANUP","16V","VERMONT AVENUE STORMWATER CAPTURE AND GREEN STREET PROJECT","50PZAC","EFT26220000002550","IMPROVEMENTS OTHER THAN BUILDINGS",,"2","2022-02 (AUG)","2022-01","8","AUGUST,2021","AUGUST","FMS",,,"50","GOB 2011A CLEAN WATER CLEANUP","100005114","90260","EFT","PAID","PRC502216V500007",,,"2021-08-18T00:00:00.000","1","1","SC50CO20135029KO","CLARKE C-135029 EW40075F VERMONT STORMWATER","CLARKE C-135029 EW40075F VERMONT STORMWATER","0",,"0","0","0","0",,"2020-10-21T00:00:00.000","2",,,,,"CITY",,,,"USD",,"100005114-CLARKE CONTRACTING CORP"
"7689054","2022","NON_DEPARTMENTAL","ARCADIS U.S. INC","2021-08-11T00:00:00.000","3790.99",,"143256","GENERAL GOVERNMENT","GOVERNMENTAL","CAPITAL PROJECTS","GOB 2011A CLEAN WATER CLEANUP","16V","MACHADO LAKE ECOSYSTEM REHAB","50HWAA","EFT26220000001797","SUPPLIES & OTHER SERVICES",,"2","2022-02 (AUG)","2022-01","8","AUGUST,2021","AUGUST","FMS",,,"50","GOB 2011A CLEAN WATER CLEANUP","100035931","60693-0626","EFT","PAID","PRC502216V500004",,,"2021-07-20T00:00:00.000","1","1","SC50CO18129644MO","NTP 40/CL25 ARGO $97,448.40 & NTP 41/CL19 WESTWOOD $14,258","16V/50HWAA MACHADO LAKE EW40073B NTP#25,32,37","0",,"0","0","0","0",,"2021-07-30T00:00:00.000","24",,,,,"CITY",,,,"USD",,"100035931-ARCADIS U.S. INC"
"7642111","2022","NON_DEPARTMENTAL","ARCADIS U.S. INC","2021-07-26T00:00:00.000","66150",,"143256","GENERAL GOVERNMENT","GOVERNMENTAL","CAPITAL PROJECTS","GOB 2011A CLEAN WATER CLEANUP","16V","WESTWOOD NEIGHBORHOOD GREENWAY PROJECT","50PZAB","EFT26220000001022","SUPPLIES & OTHER SERVICES",,"1","2022-01 (JUL)","2022-01","7","JULY,2021","JULY","FMS",,,"50","GOB 2011A CLEAN WATER CLEANUP","100035931","60693-0626","EFT","PAID","PRC502216V500003",,,"2021-05-19T00:00:00.000","1","1","SC50CO18129644MO","ADD NTP 39 CL25 16V/50RZAE/EW40067F $68,244","16V/50PZAB/EW40071A,NTP,WESTWOOD NEIGHBOR","0",,"0","0","0","0",,"2021-03-05T00:00:00.000","19",,,,,"CITY",,,,"USD",,"100035931-ARCADIS U.S. INC"
"7634935","2022","NON_DEPARTMENTAL","ENVIRONMENTAL CONSTRUCTION INC","2021-07-08T00:00:00.000","63625.58",,"2053516","GENERAL GOVERNMENT","GOVERNMENTAL","CAPITAL PROJECTS","GOB 2011A CLEAN WATER CLEANUP","16V","WESTWOOD NEIGHBORHOOD GREENWAY PROJECT","50PZAB","AD26220000000959","IMPROVEMENTS OTHER THAN BUILDINGS",,"1","2022-01 (JUL)","2022-01","7","JULY,2021","JULY","FMS",,,"50","GOB 2011A CLEAN WATER CLEANUP","100022472","91367","CHECK","PAID","PRC502216V500001",,,"2021-05-05T00:00:00.000","1","1","SC50CO20133919KO","ENVIRONMENTAL CONS


C-133919 EW40071F WESTWOOD NEIGHBORHOOD","ENVIRONMENTAL CONSC-133919 EW40071F WESTWOOD NEIGHBORHOOD GREEN","0",,"0","0","0","0",,"2021-04-08T00:00:00.000","1",,,,,"CITY",,,,"USD",,"100022472-ENVIRONMENTAL CONSTRUCTION INC"
"7642496","2022","NON_DEPARTMENTAL","GEOSYNTEC CONSULTANTS/C","2021-07-15T00:00:00.000","43470.15",,"882142","GENERAL GOVERNMENT","GOVERNMENTAL","CAPITAL PROJECTS","GOB 2009 CLEAN WATER CLEANUP","16T","PROP O OPTIMIZATION","50MYAF","AD26220000002242","SUPPLIES & OTHER SERVICES",,"1","2022-01 (JUL)","2022-01","7","JULY,2021","JULY","FMS",,,"50","GOB 2009 CLEAN WATER CLEANUP","100001208","33487","CHECK","PAID","PRC502216T500001",,,"2021-06-11T00:00:00.000","1","1","SC50CO18124345MO","16T/TOS SN-73/EXT DATE/ NTP  12/9/20/AMEND #1/INC $362,400","16T/50MYAF,TOS SN-73,EWOPTCO8,PROP.O OPTIMIZATION","0",,"0","0","0","0",,"2021-02-18T00:00:00.000","1",,,,,"CITY",,,,"USD",,"100001208-GEOSYNTEC CONSULTANTS/C"
"7643063","2022","NON_DEPARTMENTAL","ARCADIS U.S. INC","2021-07-21T00:00:00.000","34493.18",,"143256","GENERAL GOVERNMENT","GOVERNMENTAL","CAPITAL PROJECTS","GOB 2011A CLEAN WATER CLEANUP","16V","MACHADO LAKE ECOSYSTEM REHAB","50HWAA","EFT26220000000829","SUPPLIES & OTHER SERVICES",,"1","2022-01 (JUL)","2022-01","7","JULY,2021","JULY","FMS",,,"50","GOB 2011A CLEAN WATER CLEANUP","100035931","60693-0626","EFT","PAID","PRC502216V500002",,,"2021-06-23T00:00:00.000","1","1","SC50CO18129644MO","ADD NTP 39 CL25 16V/50RZAE/EW40067F $68,244","16V/50HWAA MACHADO LAKE EW40073B NTP#25,32,37","0",,"0","0","0","0",,"2021-03-05T00:00:00.000","24",,,,,"CITY",,,,"USD",,"100035931-ARCADIS U.S. INC"
"7642497","2022","NON_DEPARTMENTAL","GEOSYNTEC CONSULTANTS/C","2021-07-22T00:00:00.000","31017.36",,"882142","GENERAL GOVERNMENT","GOVERNMENTAL","CAPITAL PROJECTS","GOB 2009 CLEAN WATER CLEANUP","16T","PROP O OPTIMIZATION","50MYAF","AD26220000003390","SUPPLIES & OTHER SERVICES",,"1","2022-01 (JUL)","2022-01","7","JULY,2021","JULY","FMS",,,"50","GOB 2009 CLEAN WATER CLEANUP","100001208","33487","CHECK","PAID","PRC502216T500002",,,"2021-06-15T00:00:00.000","1","1","SC50CO18124345MO","16T/TOS SN-73/EXT DATE/ NTP  12/9/20/AMEND #1/INC $362,400","16T/50MYAF,TOS SN-73,EWOPTCO8,PROP.O OPTIMIZATION","0",,"0","0","0","0",,"2021-02-18T00:00:00.000","1",,,,,"CITY",,,,"USD",,"100001208-GEOSYNTEC CONSULTANTS/C"
"7638396","2022","NON-DEPARTMENTAL - APPROPRIATIONS TO SPECIAL PURPOSE FUND","QUALITY FENCE CO INC","2021-07-23T00:00:00.000","1192.46",,"288353","PUBLIC WORKS","GOVERNMENTAL","CAPITAL PROJECTS","GOB 2011A CLEAN WATER CLEANUP","16V","VERMONT AVENUE STORMWATER CAPTURE AND GREEN STREET PROJECT","50PZAC","AD26220000003527","IMPROVEMENTS OTHER THAN BUILDINGS",,"1","2022-01 (JUL)","2022-01","7","JULY,2021","JULY","FMS",,,"50","GOB 2011A CLEAN WATER CLEANUP","000003605","90723","CHECK","PAID","IN78210000146938","2021-07-29T00:00:00.000","2021-07-29T00:00:00.000","2021-06-29T00:00:00.000","1","1","CPO78210000467937","FENCING - VERMONT STORMWATER CAPTURE PHASE 2 PROJECT","FENCE, 9 GAUGE, 12 FEET HIGH, ""MERCHANT METALS""","11",,"100","9.5","104.5","11","210000121478","2021-04-29T00:00:00.000","1","CITY","71899.0","PARAMOUNT","US","CITY","LOS ANGELES","30152001","METAL FENCING","USD","1203.46","000003605-QUALITY FENCE CO INC"
"7616179","2022","NON-DEPARTMENTAL - APPROPRIATIONS TO SPECIAL PURPOSE FUND","QUALITY FENCE CO INC","2021-07-23T00:00:00.000","594",,"288353","PUBLIC WORKS","GOVERNMENTAL","CAPITAL PROJECTS","GOB 2011A CLEAN WATER CLEANUP","16V","VERMONT AVENUE STORMWATER CAPTURE AND GREEN STREET PROJECT","50PZAC","AD26220000003527","IMPROVEMENTS OTHER THAN BUILDINGS",,"1","2022-01 (JUL)","2022-01","7","JULY,2021","JULY","FMS",,,"50","GOB 2011A CLEAN WATER CLEANUP","000003605","90723","CHECK","PAID","IN78210000146938","2021-07-29T00:00:00.000","2021-07-29T00:00:00.000","2021-06-29T00:00:00.000","4","4","CPO78210000467937","FENCING - VERMONT STORMWATER CAPTURE PHASE 2 PROJECT","LABOR, REGULAR LABOR RATE FOR LINE ITEMS #1 THROUGH #31","6",,"100","0","0","6","210000121478","2021-04-29T00:00:00.000","4","CITY","71899.0","PARAMOUNT","US","CITY","LOS ANGELES","72154013.0","FENCE CONSTRUCTION SERVICE","USD","600","000003605-QUALITY FENCE CO INC"
"7645843","2022","NON-DEPARTMENTAL - APPROPRIATIONS TO SPECIAL PURPOSE FUND","QUALITY FENCE CO INC","2021-07-23T00:00:00.000","514.8",,"288353","PUBLIC WORKS","GOVERNMENTAL","CAPITAL PROJECTS","GOB 2011A CLEAN WATER CLEANUP","16V","VERMONT AVENUE STORMWATER CAPTURE AND GREEN STREET PROJECT","50PZAC","AD26220000003527","IMPROVEMENTS OTHER THAN BUILDINGS",,"1","2022-01 (JUL)","2022-01","7","JULY,2021","JULY","FMS",,,"50","GOB 2011A CLEAN WATER CLEANUP","000003605","90723","CHECK","PAID","IN78210000146938","2021-07-29T00:00:00.000","2021-07-29T00:00:00.000","2021-06-29T00:00:00.000","3","3","CPO78210000467937","FENCING - VERMONT STORMWATER CAPTURE PHASE 2 PROJECT","LABOR, HOURLY RATE TO PROVIDE A 2 MAN CREW INCLUDING TRUCK A","130",,"4","0","0","5.2","210000121478","2021-04-29T00:00:00.000","3","CITY","71899.0","PARAMOUNT","US","CITY","LOS ANGELES","30190000","CONSTRUCTION AND MAINTENANCE SUPPORT EQUIPMENT","USD","520","000003605-QUALITY FENCE CO INC"
"7628070","2022","NON-DEPARTMENTAL - APPROPRIATIONS TO SPECIAL PURPOSE FUND","QUALITY FENCE CO INC","2021-07-23T00:00:00.000","151.77",,"288353","PUBLIC WORKS","GOVERNMENTAL","CAPITAL PROJECTS","GOB 2011A CLEAN WATER CLEANUP","16V","VERMONT AVENUE STORMWATER CAPTURE AND GREEN STREET PROJECT","50PZAC","AD26220000003527","IMPROVEMENTS OTHER THAN BUILDINGS",,"1","2022-01 (JUL)","2022-01","7","JULY,2021","JULY","FMS",,,"50","GOB 2011A CLEAN WATER CLEANUP","000003605","90723","CHECK","PAID","IN78210000146938","2021-07-29T00:00:00.000","2021-07-29T00:00:00.000","2021-06-29T00:00:00.000","2","2","CPO78210000467937","FENCING - VERMONT STORMWATER CAPTURE PHASE 2 PROJECT","CONCRETE FOOTING FOR LINE POSTS, 2 FEET DEEP BY 12"" IN DIAME","35",,"4","9.5","13.3","1.4","210000121478","2021-04-29T00:00:00.000","2","CITY","71899.0","PARAMOUNT","US","CITY","LOS ANGELES","30111500.0","MISC CONCRETE AND MORTARS","USD","153.17","000003605-QUALITY FENCE CO INC"
"7583109","2021","NON_DEPARTMENTAL","OHL USA INC","2021-06-21T00:00:00.000","202213.1",,"2732354","GENERAL GOVERNMENT","GOVERNMENTAL","CAPITAL PROJECTS","GOB 2011A CLEAN WATER CLEANUP","16V","ARGO DRAIN SUB BASIN FACILITY","50RZAE","EFT26210000015434","IMPROVEMENTS OTHER THAN BUILDINGS",,"12","2021-12 (JUN)","2021-04","6","JUNE,2021","JUNE","FMS",,,"50","GOB 2011A CLEAN WATER CLEANUP","VC0000014741","92614-7279","EFT","PAID","PRC502116T500033",,,"2021-05-18T00:00:00.000","2","2","SC50CO19131878KO","PAY #30, CO 59 $386,035.96 CL4/AL5","ARGO DRAIN, CO#131878 16V/50RZAEGEF+$1","0",,"0","0","0","0",,"2021-06-14T00:00:00.000","4",,,,,"CITY",,,,"USD",,"VC0000014741-OHL USA INC"
"7583111","2021","NON_DEPARTMENTAL","OHL USA INC","2021-06-21T00:00:00.000","101979.38",,"2732354","GENERAL GOVERNMENT","GOVERNMENTAL","CAPITAL PROJECTS","GOB 2009 CLEAN WATER CLEANUP","16T","ARGO DRAIN SUB BASIN FACILITY.1","50LWAF","EFT26210000015434","IMPROVEMENTS OTHER THAN BUILDINGS",,"12","2021-12 (JUN)","2021-04","6","JUNE,2021","JUNE","FMS",,,"50","GOB 2009 CLEAN WATER CLEANUP","VC0000014741","92614-7279","EFT","PAID","PRC502116T500033",,,"2021-05-18T00:00:00.000","2","1","SC50CO19131878KO","PAY #30, CO 59 $386,035.96 CL4/AL5","ARGO DRAIN, CO#131878 16T/50LWAF","0",,"0","0","0","0",,"2021-06-14T00:00:00.000","4",,,,,"CITY",,,,"USD",,"VC0000014741-OHL USA INC"
"7583112","2021","NON_DEPARTMENTAL","OHL USA INC","2021-06-21T00:00:00.000","86678.59",,"2732354","GENERAL GOVERNMENT","GOVERNMENTAL","CAPITAL PROJECTS","GOB 2008A CLEAN WATER CLEANUP","16Q","ARGO DRAIN SUB BASIN FACILITY.1","50LWAF","EFT26210000015434","IMPROVEMENTS OTHER THAN BUILDINGS",,"12","2021-12 (JUN)","2021-04","6","JUNE,2021","JUNE","FMS",,,"50","GOB 2008A CLEAN WATER CLEANUP","VC0000014741","92614-7279","EFT","PAID","PRC502116T500033",,,"2021-05-18T00:00:00.000","2","3","SC50CO19131878KO","PAY #30, CO 59 $386,035.96 CL4/AL5","OHL C-131878 EW40067F ARGO DRAIN","0",,"0","0","0","0",,"2021-06-14T00:00:00.000","4",,,,,"CITY",,,,"USD",,"VC0000014741-OHL USA INC"
"7572246","2021","NON_DEPARTMENTAL","ARCADIS U.S. INC","2021-06-07T00:00:00.000","27414.88",,"143256","GENERAL GOVERNMENT","GOVERNMENTAL","CAPITAL PROJECTS","GOB 2011A CLEAN WATER CLEANUP","16V","MACHADO LAKE ECOSYSTEM REHAB","50HWAA","EFT26210000014683","SUPPLIES & OTHER SERVICES",,"12","2021-12 (JUN)","2021-04","6","JUNE,2021","JUNE","FMS",,,"50","GOB 2011A CLEAN WATER CLEANUP","100035931","60693-0626","EFT","PAID","PRC502116V500038",,,"2021-05-19T00:00:00.000","1","1","SC50CO18129644MO","ADD NTP 39 CL25 16V/50RZAE/EW40067F $68,244","16V/50HWAA MACHADO LAKE EW40073B NTP#25,32,37","0",,"0","0","0","0",,"2021-03-05T00:00:00.000","24",,,,,"CITY",,,,"USD",,"100035931-ARCADIS U.S. INC"
"7583110","2021","NON_DEPARTMENTAL","OHL USA INC","2021-06-18T00:00:00.000","20572.16",,"2732354","GENERAL GOVERNMENT","GOVERNMENTAL","CAPITAL PROJECTS","GOB 2009 CLEAN WATER CLEANUP","16T","ARGO DRAIN SUB BASIN FACILITY.1","50LWAF","AD26210000067303","IMPROVEMENTS OTHER THAN BUILDINGS",,"12","2021-12 (JUN)","2021-04","6","JUNE,2021","JUNE","FMS",,,"50","GOB 2009 CLEAN WATER CLEANUP","VC0000014741","90071-2005","CHECK","PAID","PRC502116T500034",,,"2021-05-18T00:00:00.000","2","1","SC50CO19131878KO","PAY #30, CO 59 $386,035.96 CL4/AL5","ARGO DRAIN, CO#131878 16T/50LWAF","0",,"0","0","0","0",,"2021-06-14T00:00:00.000","4",,,,,"CITY",,,,"USD",,"VC0000014741-OHL USA INC"
"7542141","2021","NON_DEPARTMENTAL","OHL USA INC","2021-05-12T00:00:00.000","366734.17",,"2732354","GENERAL GOVERNMENT","GOVERNMENTAL","CAPITAL PROJECTS","GOB 2008A CLEAN WATER CLEANUP","16Q","ARGO DRAIN SUB BASIN FACILITY.1","50LWAF","EFT26210000013493","IMPROVEMENTS OTHER THAN BUILDINGS",,"11","2021-11 (MAY)","2021-04","5","MAY,2021","MAY","FMS",,,"50","GOB 2008A CLEAN WATER CLEANUP","VC0000014741","92614-7279","EFT","PAID","PRC502116Q500009",,,"2021-05-04T00:00:00.000","1","1","SC50CO19131878KO","PAY #30, CO 59 $386,035.96 CL4/AL5","OHL C-131878 EW40067F ARGO DRAIN","0",,"0","0","0","0",,"2021-04-28T00:00:00.000","4",,,,,"CITY",,,,"USD",,"VC0000014741-OHL USA INC"
"7529467","2021","NON_DEPARTMENTAL","ARCADIS U.S. INC","2021-05-21T00:00:00.000","76314.48",,"143256","GENERAL GOVERNMENT","GOVERNMENTAL","CAPITAL PROJECTS","GOB 2011A CLEAN WATER CLEANUP","16V","ARGO DRAIN SUB BASIN FACILITY","50RZAE","EFT26210000014015","SUPPLIES & OTHER SERVICES",,"11","2021-11 (MAY)","2021-04","5","MAY,2021","MAY","FMS",,,"50","GOB 2011A CLEAN WATER CLEANUP","100035931","60693-0626","EFT","PAID","PRC502116V500037",,,"2021-04-30T00:00:00.000","1","2","SC50CO18129644MO","ADD NTP 39 CL25 16V/50RZAE/EW40067F $68,244","16V/50RZAE/EW40067F,NTP#35ARGO DRAIN SUB-BASINENC=$385,606","0",,"0","0","0","0",,"2021-03-05T00:00:00.000","25",,,,,"CITY",,,,"USD",,"100035931-ARCADIS U.S. INC"
"7529468","2021","NON_DEPARTMENTAL","ARCADIS U.S. INC","2021-05-19T00:00:00.000","61532.12",,"143256","GENERAL GOVERNMENT","GOVERNMENTAL","CAPITAL PROJECTS","GOB 2011A CLEAN WATER CLEANUP","16V","ARGO DRAIN SUB BASIN FACILITY","50RZAE","EFT26210000013870","SUPPLIES & OTHER SERVICES",,"11","2021-11 (MAY)","2021-04","5","MAY,2021","MAY","FMS",,,"50","GOB 2011A CLEAN WATER CLEANUP","100035931","60693-0626","EFT","PAID","PRC502116V500036",,,"2021-04-02T00:00:00.000","1","3","SC50CO18129644MO","ADD NTP 39 CL25 16V/50RZAE/EW40067F $68,244","16V/50RZAE/EW40067F,NTP#35ARGO DRAIN SUB-BASINENC=$385,606","0",,"0","0","0","0",,"2021-03-05T00:00:00.000","25",,,,,"CITY",,,,"USD",,"100035931-ARCADIS U.S. INC"
"7529465","2021","NON_DEPARTMENTAL","ARCADIS U.S. INC","2021-05-17T00:00:00.000","48687.9",,"143256","GENERAL GOVERNMENT","GOVERNMENTAL","CAPITAL PROJECTS","GOB 2011A CLEAN WATER CLEANUP","16V","ARGO DRAIN SUB BASIN FACILITY","50RZAE","EFT26210000013619","SUPPLIES & OTHER SERVICES",,"11","2021-11 (MAY)","2021-04","5","MAY,2021","MAY","FMS",,,"50","GOB 2011A CLEAN WATER CLEANUP","100035931","60693-0626","EFT","PAID","PRC502116V500035",,,"2021-02-12T00:00:00.000","1","3","SC50CO18129644MO","ADD NTP 39 CL25 16V/50RZAE/EW40067F $68,244","16V/50RZAE/EW40067F,NTP#35ARGO DRAIN SUB-BASINENC=$385,606","0",,"0","0","0","0",,"2021-03-05T00:00:00.000","25",,,,,"CITY",,,,"USD",,"100035931-ARCADIS U.S. INC"
"7542367","2021","NON_DEPARTMENTAL","CLARKE CONTRACTING CORP","2021-05-05T00:00:00.000","41690.66",,"332897","GENERAL GOVERNMENT","GOVERNMENTAL","CAPITAL PROJECTS","GOB 2011A CLEAN WATER CLEANUP","16V","VERMONT AVENUE STORMWATER CAPTURE AND GREEN STREET PROJECT","50PZAC","EFT26210000013199","IMPROVEMENTS OTHER THAN BUILDINGS",,"11","2021-11 (MAY)","2021-04","5","MAY,2021","MAY","FMS",,,"50","GOB 2011A CLEAN WATER CLEANUP","100005114","90260","EFT","PAID","PRC502116V500034",,,"2021-04-23T00:00:00.000","1","1","SC50CO20135029KO","CLARKE C-135029 EW40075F VERMONT STORMWATER","CLARKE C-135029 EW40075F VERMONT STORMWATER","0",,"0","0","0","0",,"2020-10-21T00:00:00.000","2",,,,,"CITY",,,,"USD",,"100005114-CLARKE CONTRACTING CORP"
"7531134","2021","NON_DEPARTMENTAL","ARCADIS U.S. INC","2021-05-19T00:00:00.000","23569.32",,"143256","GENERAL GOVERNMENT","GOVERNMENTAL","CAPITAL PROJECTS","GOB 2011A CLEAN WATER CLEANUP","16V","MACHADO LAKE ECOSYSTEM REHAB","50HWAA","EFT26210000013870","SUPPLIES & OTHER SERVICES",,"11","2021-11 (MAY)","2021-04","5","MAY,2021","MAY","FMS",,,"50","GOB 2011A CLEAN WATER CLEANUP","100035931","60693-0626","EFT","PAID","PRC502116V500036",,,"2021-04-30T00:00:00.000","1","2","SC50CO18129644MO","ADD NTP 39 CL25 16V/50RZAE/EW40067F $68,244","16V/50HWAA MACHADO LAKE EW40073B NTP#25,32,37","0",,"0","0","0","0",,"2021-03-05T00:00:00.000","24",,,,,"CITY",,,,"USD",,"100035931-ARCADIS U.S. INC"
"7529466","2021","NON_DEPARTMENTAL","ARCADIS U.S. INC","2021-05-17T00:00:00.000","20274.98",,"143256","GENERAL GOVERNMENT","GOVERNMENTAL","CAPITAL PROJECTS","GOB 2011A CLEAN WATER CLEANUP","16V","ARGO DRAIN SUB BASIN FACILITY","50RZAE","EFT26210000013619","SUPPLIES & OTHER SERVICES",,"11","2021-11 (MAY)","2021-04","5","MAY,2021","MAY","FMS",,,"50","GOB 2011A CLEAN WATER CLEANUP","100035931","60693-0626","EFT","PAID","PRC502116V500035",,,"2021-01-22T00:00:00.000","1","2","SC50CO18129644MO","ADD NTP 39 CL25 16V/50RZAE/EW40067F $68,244","16V/50RZAE/EW40067F,NTP#35ARGO DRAIN SUB-BASINENC=$385,606","0",,"0","0","0","0",,"2021-03-05T00:00:00.000","25",,,,,"CITY",,,,"USD",,"100035931-ARCADIS U.S. INC"
"7542142","2021","NON_DEPARTMENTAL","OHL USA INC","2021-05-10T00:00:00.000","19301.79",,"2732354","GENERAL GOVERNMENT","GOVERNMENTAL","CAPITAL PROJECTS","GOB 2008A CLEAN WATER CLEANUP","16Q","ARGO DRAIN SUB BASIN FACILITY.1","50LWAF","AD26210000058949","IMPROVEMENTS OTHER THAN BUILDINGS",,"11","2021-11 (MAY)","2021-04","5","MAY,2021","MAY","FMS",,,"50","GOB 2008A CLEAN WATER CLEANUP","VC0000014741","90071-2005","CHECK","PAID","PRC502116Q500010",,,"2021-05-04T00:00:00.000","2","1","SC50CO19131878KO","PAY #30, CO 59 $386,035.96 CL4/AL5","OHL C-131878 EW40067F ARGO DRAIN","0",,"0","0","0","0",,"2021-04-28T00:00:00.000","4",,,,,"CITY",,,,"USD",,"VC0000014741-OHL USA INC"
"7531133","2021","NON_DEPARTMENTAL","ARCADIS U.S. INC","2021-05-19T00:00:00.000","18451.7",,"143256","GENERAL GOVERNMENT","GOVERNMENTAL","CAPITAL PROJECTS","GOB 2011A CLEAN WATER CLEANUP","16V","MACHADO LAKE ECOSYSTEM REHAB","50HWAA","EFT26210000013870","SUPPLIES & OTHER SERVICES",,"11","2021-11 (MAY)","2021-04","5","MAY,2021","MAY","FMS",,,"50","GOB 2011A CLEAN WATER CLEANUP","100035931","60693-0626","EFT","PAID","PRC502116V500036",,,"2021-04-02T00:00:00.000","1","1","SC50CO18129644MO","ADD NTP 39 CL25 16V/50RZAE/EW40067F $68,244","16V/50HWAA MACHADO LAKE EW40073B NTP#25,32,37","0",,"0","0","0","0",,"2021-03-05T00:00:00.000","24",,,,,"CITY",,,,"USD",,"100035931-ARCADIS U.S. INC"
"7530359","2021","NON_DEPARTMENTAL","GEOSYNTEC CONSULTANTS/C","2021-05-17T00:00:00.000","15062.44",,"882142","GENERAL GOVERNMENT","GOVERNMENTAL","CAPITAL PROJECTS","GOB 2009 CLEAN WATER CLEANUP","16T","PROP O OPTIMIZATION","50MYAF","AD26210000060223","SUPPLIES & OTHER SERVICES",,"11","2021-11 (MAY)","2021-04","5","MAY,2021","MAY","FMS",,,"50","GOB 2009 CLEAN WATER CLEANUP","100001208","33487","CHECK","PAID","PRC502116T500032",,,"2021-04-29T00:00:00.000","1","1","SC50CO18124345MO","16T/TOS SN-73/EXT DATE/ NTP  12/9/20/AMEND #1/INC $362,400","16T/50MYAF,TOS SN-73,EWOPTCO8,PROP.O OPTIMIZATION","0",,"0","0","0","0",,"2021-02-18T00:00:00.000","1",,,,,"CITY",,,,"USD",,"100001208-GEOSYNTEC CONSULTANTS/C"
"7529949","2021","NON_DEPARTMENTAL","ARCADIS U.S. INC","2021-05-17T00:00:00.000","6698.32",,"143256","GENERAL GOVERNMENT","GOVERNMENTAL","CAPITAL PROJECTS","GOB 2011A CLEAN WATER CLEANUP","16V","WESTWOOD NEIGHBORHOOD GREENWAY PROJECT","50PZAB","EFT26210000013619","SUPPLIES & OTHER SERVICES",,"11","2021-11 (MAY)","2021-04","5","MAY,2021","MAY","FMS",,,"50","GOB 2011A CLEAN WATER CLEANUP","100035931","60693-0626","EFT","PAID","PRC502116V500035",,,"2021-04-02T00:00:00.000","1","1","SC50CO18129644MO","ADD NTP 39 CL25 16V/50RZAE/EW40067F $68,244","16V/50PZAB/EW40071A,NTP,WESTWOOD NEIGHBOR","0",,"0","0","0","0",,"2021-03-05T00:00:00.000","19",,,,,"CITY",,,,"USD",,"100035931-ARCADIS U.S. INC"
"7529950","2021","NON_DEPARTMENTAL","ARCADIS U.S. INC","2021-05-21T00:00:00.000","1029.98",,"143256","GENERAL GOVERNMENT","GOVERNMENTAL","CAPITAL PROJECTS","GOB 2011A CLEAN WATER CLEANUP","16V","WESTWOOD NEIGHBORHOOD GREENWAY PROJECT","50PZAB","EFT26210000014015","SUPPLIES & OTHER SERVICES",,"11","2021-11 (MAY)","2021-04","5","MAY,2021","MAY","FMS",,,"50","GOB 2011A CLEAN WATER CLEANUP","100035931","60693-0626","EFT","PAID","PRC502116V500037",,,"2021-04-30T00:00:00.000","1","1","SC50CO18129644MO","ADD NTP 39 CL25 16V/50RZAE/EW40067F $68,244","16V/50PZAB/EW40071A,NTP,WESTWOOD NEIGHBOR","0",,"0","0","0","0",,"2021-03-05T00:00:00.000","19",,,,,"CITY",,,,"USD",,"100035931-ARCADIS U.S. INC"
"7494577","2021","NON_DEPARTMENTAL","OHL USA INC","2021-04-21T00:00:00.000","559321.26",,"2732354","GENERAL GOVERNMENT","GOVERNMENTAL","CAPITAL PROJECTS","GOB 2008A CLEAN WATER CLEANUP","16Q","ARGO DRAIN SUB BASIN FACILITY.1","50LWAF","EFT26210000012536","IMPROVEMENTS OTHER THAN BUILDINGS",,"10","2021-10 (APR)","2021-04","4","APRIL,2021","APRIL","FMS",,,"50","GOB 2008A CLEAN WATER CLEANUP","VC0000014741","92614-7279","EFT","PAID","PRC502116Q500007",,,"2021-03-19T00:00:00.000","2","1","SC50CO19131878KO","PAY #30, CO 59 $386,035.96 CL4/AL5","OHL C-131878 EW40067F ARGO DRAIN","0",,"0","0","0","0",,"2021-04-28T00:00:00.000","4",,,,,"CITY",,,,"USD",,"VC0000014741-OHL USA INC"
"7493878","2021","NON_DEPARTMENTAL","ARCADIS U.S. INC","2021-04-21T00:00:00.000","154047.93",,"143256","GENERAL GOVERNMENT","GOVERNMENTAL","CAPITAL PROJECTS","GOB 2009 CLEAN WATER CLEANUP","16T","ARGO DRAIN SUB BASIN FACILITY.1","50LWAF","EFT26210000012534","SUPPLIES & OTHER SERVICES",,"10","2021-10 (APR)","2021-04","4","APRIL,2021","APRIL","FMS",,,"50","GOB 2009 CLEAN WATER CLEANUP","100035931","60693-0626","EFT","PAID","PRC502116T500030",,,"2021-02-02T00:00:00.000","1","1","SC50CO18129644MO","ADD NTP 39 CL25 16V/50RZAE/EW40067F $68,244","16T/50LWAF/EW40067F,NTP#7STO#09-07- ARGO DRAIN SUB-BASINENC=$1,266,328.00","0",,"0","0","0","0",,"2021-03-05T00:00:00.000","15",,,,,"CITY",,,,"USD",,"100035931-ARCADIS U.S. INC"
"7494478","2021","NON_DEPARTMENTAL","ENVIRONMENTAL CONSTRUCTION INC","2021-04-19T00:00:00.000","99999.99",,"2053516","GENERAL GOVERNMENT","GOVERNMENTAL","CAPITAL PROJECTS","GOB 2011A CLEAN WATER CLEANUP","16V","WESTWOOD NEIGHBORHOOD GREENWAY PROJECT","50PZAB","AD26210000054910","IMPROVEMENTS OTHER THAN BUILDINGS",,"10","2021-10 (APR)","2021-04","4","APRIL,2021","APRIL","FMS",,,"50","GOB 2011A CLEAN WATER CLEANUP","100022472","91367","CHECK","PAID","PRC502116V500032",,,"2021-03-23T00:00:00.000","1","2","SC50CO20133919KO","ENVIRONMENTAL CONS


C-133919 EW40071F WESTWOOD NEIGHBORHOOD","ENVIRONMENTAL CONSC-133919 EW40071F WESTWOOD NEIGHBORHOOD GREEN","0",,"0","0","0","0",,"2021-04-08T00:00:00.000","1",,,,,"CITY",,,,"USD",,"100022472-ENVIRONMENTAL CONSTRUCTION INC"
"7494477","2021","NON_DEPARTMENTAL","ENVIRONMENTAL CONSTRUCTION INC","2021-04-19T00:00:00.000","61756.36",,"2053516","GENERAL GOVERNMENT","GOVERNMENTAL","CAPITAL PROJECTS","GOB 2011A CLEAN WATER CLEANUP","16V","WESTWOOD NEIGHBORHOOD GREENWAY PROJECT","50PZAB","AD26210000054910","IMPROVEMENTS OTHER THAN BUILDINGS",,"10","2021-10 (APR)","2021-04","4","APRIL,2021","APRIL","FMS",,,"50","GOB 2011A CLEAN WATER CLEANUP","100022472","91367","CHECK","PAID","PRC502116V500032",,,"2021-03-16T00:00:00.000","1","1","SC50CO20133919KO","ENVIRONMENTAL CONS


C-133919 EW40071F WESTWOOD NEIGHBORHOOD","ENVIRONMENTAL CONSC-133919 EW40071F WESTWOOD NEIGHBORHOOD GREEN","0",,"0","0","0","0",,"2021-04-08T00:00:00.000","1",,,,,"CITY",,,,"USD",,"100022472-ENVIRONMENTAL CONSTRUCTION INC"
"7494840","2021","NON_DEPARTMENTAL","CLARKE CONTRACTING CORP","2021-04-30T00:00:00.000","59673.69",,"332897","GENERAL GOVERNMENT","GOVERNMENTAL","CAPITAL PROJECTS","GOB 2011A CLEAN WATER CLEANUP","16V","VERMONT AVENUE STORMWATER CAPTURE AND GREEN STREET PROJECT","50PZAC","EFT26210000012943","IMPROVEMENTS OTHER THAN BUILDINGS",,"10","2021-10 (APR)","2021-04","4","APRIL,2021","APRIL","FMS",,,"50","GOB 2011A CLEAN WATER CLEANUP","100005114","90260","EFT","PAID","PRC502116V500033",,,"2021-01-21T00:00:00.000","1","1","SC50CO20135029KO","CLARKE C-135029 EW40075F VERMONT STORMWATER","CLARKE C-135029 EW40075F VERMONT STORMWATER","0",,"0","0","0","0",,"2020-10-21T00:00:00.000","2",,,,,"CITY",,,,"USD",,"100005114-CLARKE CONTRACTING CORP"
"7494578","2021","NON_DEPARTMENTAL","OHL USA INC","2021-04-19T00:00:00.000","29437.96",,"2732354","GENERAL GOVERNMENT","GOVERNMENTAL","CAPITAL PROJECTS","GOB 2008A CLEAN WATER CLEANUP","16Q","ARGO DRAIN SUB BASIN FACILITY.1","50LWAF","AD26210000054918","IMPROVEMENTS OTHER THAN BUILDINGS",,"10","2021-10 (APR)","2021-04","4","APRIL,2021","APRIL","FMS",,,"50","GOB 2008A CLEAN WATER CLEANUP","VC0000014741","90071-2005","CHECK","PAID","PRC502116Q500008",,,"2021-03-19T00:00:00.000","2","1","SC50CO19131878KO","PAY #30, CO 59 $386,035.96 CL4/AL5","OHL C-131878 EW40067F ARGO DRAIN","0",,"0","0","0","0",,"2021-04-28T00:00:00.000","4",,,,,"CITY",,,,"USD",,"VC0000014741-OHL USA INC"
"7492396","2021","NON_DEPARTMENTAL","GEOSYNTEC CONSULTANTS/C","2021-04-19T00:00:00.000","11134.67",,"882142","GENERAL GOVERNMENT","GOVERNMENTAL","CAPITAL PROJECTS","GOB 2009 CLEAN WATER CLEANUP","16T","PROP O OPTIMIZATION","50MYAF","AD26210000054900","SUPPLIES & OTHER SERVICES",,"10","2021-10 (APR)","2021-04","4","APRIL,2021","APRIL","FMS",,,"50","GOB 2009 CLEAN WATER CLEANUP","100001208","33487","CHECK","PAID","PRC502116T500031",,,"2021-04-14T00:00:00.000","1","1","SC50CO18124345MO","16T/TOS SN-73/EXT DATE/ NTP  12/9/20/AMEND #1/INC $362,400","16T/50MYAF,TOS SN-73,EWOPTCO8,PROP.O OPTIMIZATION","0",,"0","0","0","0",,"2021-02-18T00:00:00.000","1",,,,,"CITY",,,,"USD",,"100001208-GEOSYNTEC CONSULTANTS/C"
"7443303","2021","NON_DEPARTMENTAL","OHL USA INC","2021-03-24T00:00:00.000","495084.39",,"2732354","GENERAL GOVERNMENT","GOVERNMENTAL","CAPITAL PROJECTS","GOB 2008A CLEAN WATER CLEANUP","16Q","ARGO DRAIN SUB BASIN FACILITY.1","50LWAF","EFT26210000011292","IMPROVEMENTS OTHER THAN BUILDINGS",,"9","2021-09 (MAR)","2021-03","3","MARCH,2021","MARCH","FMS",,,"50","GOB 2008A CLEAN WATER CLEANUP","VC0000014741","92614-7279","EFT","PAID","PRC502116Q500005",,,"2021-03-03T00:00:00.000","1","1","SC50CO19131878KO","PAY #29, CO 55, 57, 58  $588,759.22 CL4/AL5","OHL C-131878 EW40067F ARGO DRAIN","0",,"0","0","0","0",,"2021-04-08T00:00:00.000","4",,,,,"CITY",,,,"USD",,"VC0000014741-OHL USA INC"
"7443151","2021","NON_DEPARTMENTAL","OHL USA INC","2021-03-04T00:00:00.000","403222.3",,"2732354","GENERAL GOVERNMENT","GOVERNMENTAL","CAPITAL PROJECTS","GOB 2008A CLEAN WATER CLEANUP","16Q","ARGO DRAIN SUB BASIN FACILITY.1","50LWAF","EFT26210000010324","IMPROVEMENTS OTHER THAN BUILDINGS",,"9","2021-09 (MAR)","2021-03","3","MARCH,2021","MARCH","FMS",,,"50","GOB 2008A CLEAN WATER CLEANUP","VC0000014741","92614-7279","EFT","PAID","PRC502116Q500003",,,"2021-01-15T00:00:00.000","2","1","SC50CO19131878KO","PAY #29, CO 55, 57, 58  $588,759.22 CL4/AL5","OHL C-131878 EW40067F ARGO DRAIN","0",,"0","0","0","0",,"2021-04-08T00:00:00.000","4",,,,,"CITY",,,,"USD",,"VC0000014741-OHL USA INC"
"7455510","2021","NON_DEPARTMENTAL","GEOSYNTEC CONSULTANTS/C","2021-03-11T00:00:00.000","35639.74",,"882142","GENERAL GOVERNMENT","GOVERNMENTAL","CAPITAL PROJECTS","GOB 2009 CLEAN WATER CLEANUP","16T","PROP O OPTIMIZATION","50MYAF","AD26210000047997","SUPPLIES & OTHER SERVICES",,"9","2021-09 (MAR)","2021-03","3","MARCH,2021","MARCH","FMS",,,"50","GOB 2009 CLEAN WATER CLEANUP","100001208","33487","CHECK","PAID","PRC502116T500029",,,"2020-12-09T00:00:00.000","1","2","SC50CO18124345MO","16T/TOS SN-73/EXT DATE/ NTP  12/9/20/AMEND #1/INC $362,400","16T/50MYAF,TOS SN-73,EWOPTCO8,PROP.O OPTIMIZATION","0",,"0","0","0","0",,"2021-02-18T00:00:00.000","1",,,,,"CITY",,,,"USD",,"100001208-GEOSYNTEC CONSULTANTS/C"
"7455509","2021","NON_DEPARTMENTAL","GEOSYNTEC CONSULTANTS/C","2021-03-11T00:00:00.000","29680.52",,"882142","GENERAL GOVERNMENT","GOVERNMENTAL","CAPITAL PROJECTS","GOB 2009 CLEAN WATER CLEANUP","16T","PROP O OPTIMIZATION","50MYAF","AD26210000047997","SUPPLIES & OTHER SERVICES",,"9","2021-09 (MAR)","2021-03","3","MARCH,2021","MARCH","FMS",,,"50","GOB 2009 CLEAN WATER CLEANUP","100001208","33487","CHECK","PAID","PRC502116T500029",,,"2021-01-22T00:00:00.000","1","3","SC50CO18124345MO","16T/TOS SN-73/EXT DATE/ NTP  12/9/20/AMEND #1/INC $362,400","16T/50MYAF,TOS SN-73,EWOPTCO8,PROP.O OPTIMIZATION","0",,"0","0","0","0",,"2021-02-18T00:00:00.000","1",,,,,"CITY",,,,"USD",,"100001208-GEOSYNTEC CONSULTANTS/C"
"7443484","2021","NON_DEPARTMENTAL","OHL USA INC","2021-03-22T00:00:00.000","26057.08",,"2732354","GENERAL GOVERNMENT","GOVERNMENTAL","CAPITAL PROJECTS","GOB 2008A CLEAN WATER CLEANUP","16Q","ARGO DRAIN SUB BASIN FACILITY.1","50LWAF","AD26210000049832","IMPROVEMENTS OTHER THAN BUILDINGS",,"9","2021-09 (MAR)","2021-03","3","MARCH,2021","MARCH","FMS",,,"50","GOB 2008A CLEAN WATER CLEANUP","VC0000014741","90071-2005","CHECK","PAID","PRC502116Q500006",,,"2021-03-03T00:00:00.000","1","1","SC50CO19131878KO","PAY #29, CO 55, 57, 58  $588,759.22 CL4/AL5","OHL C-131878 EW40067F ARGO DRAIN","0",,"0","0","0","0",,"2021-04-08T00:00:00.000","4",,,,,"CITY",,,,"USD",,"VC0000014741-OHL USA INC"
"7443538","2021","NON_DEPARTMENTAL","OHL USA INC","2021-03-02T00:00:00.000","21222.23",,"2732354","GENERAL GOVERNMENT","GOVERNMENTAL","CAPITAL PROJECTS","GOB 2008A CLEAN WATER CLEANUP","16Q","ARGO DRAIN SUB BASIN FACILITY.1","50LWAF","AD26210000046120","IMPROVEMENTS OTHER THAN BUILDINGS",,"9","2021-09 (MAR)","2021-03","3","MARCH,2021","MARCH","FMS",,,"50","GOB 2008A CLEAN WATER CLEANUP","VC0000014741","90071-2005","CHECK","PAID","PRC502116Q500004",,,"2021-01-15T00:00:00.000","2","1","SC50CO19131878KO","PAY #29, CO 55, 57, 58  $588,759.22 CL4/AL5","OHL C-131878 EW40067F ARGO DRAIN","0",,"0","0","0","0",,"2021-04-08T00:00:00.000","4",,,,,"CITY",,,,"USD",,"VC0000014741-OHL USA INC"
"7455508","2021","NON_DEPARTMENTAL","GEOSYNTEC CONSULTANTS/C","2021-03-11T00:00:00.000","10349.35",,"882142","GENERAL GOVERNMENT","GOVERNMENTAL","CAPITAL PROJECTS","GOB 2009 CLEAN WATER CLEANUP","16T","PROP O OPTIMIZATION","50MYAF","AD26210000047997","SUPPLIES & OTHER SERVICES",,"9","2021-09 (MAR)","2021-03","3","MARCH,2021","MARCH","FMS",,,"50","GOB 2009 CLEAN WATER CLEANUP","100001208","33487","CHECK","PAID","PRC502116T500029",,,"2021-01-27T00:00:00.000","1","4","SC50CO18124345MO","16T/TOS SN-73/EXT DATE/ NTP  12/9/20/AMEND #1/INC $362,400","16T/50MYAF,TOS SN-73,EWOPTCO8,PROP.O OPTIMIZATION","0",,"0","0","0","0",,"2021-02-18T00:00:00.000","1",,,,,"CITY",,,,"USD",,"100001208-GEOSYNTEC CONSULTANTS/C"
"7453199","2021","NON_DEPARTMENTAL","ARCADIS U.S. INC","2021-03-15T00:00:00.000","6971.62",,"143256","GENERAL GOVERNMENT","GOVERNMENTAL","CAPITAL PROJECTS","GOB 2011A CLEAN WATER CLEANUP","16V","WESTWOOD NEIGHBORHOOD GREENWAY PROJECT","50PZAB","EFT26210000010836","SUPPLIES & OTHER SERVICES",,"9","2021-09 (MAR)","2021-03","3","MARCH,2021","MARCH","FMS",,,"50","GOB 2011A CLEAN WATER CLEANUP","100035931","60693-0626","EFT","PAID","PRC502116V500031",,,"2021-02-19T00:00:00.000","1","1","SC50CO18129644MO","ADD NTP 39 CL25 16V/50RZAE/EW40067F $68,244","16V/50PZAB/EW40071A,NTP,WESTWOOD NEIGHBOR","0",,"0","0","0","0",,"2021-03-05T00:00:00.000","19",,,,,"CITY",,,,"USD",,"100035931-ARCADIS U.S. INC"
"7453198","2021","NON_DEPARTMENTAL","ARCADIS U.S. INC","2021-03-15T00:00:00.000","4402.85",,"143256","GENERAL GOVERNMENT","GOVERNMENTAL","CAPITAL PROJECTS","GOB 2011A CLEAN WATER CLEANUP","16V","MACHADO LAKE ECOSYSTEM REHAB","50HWAA","EFT26210000010836","SUPPLIES & OTHER SERVICES",,"9","2021-09 (MAR)","2021-03","3","MARCH,2021","MARCH","FMS",,,"50","GOB 2011A CLEAN WATER CLEANUP","100035931","60693-0626","EFT","PAID","PRC502116V500031",,,"2021-02-17T00:00:00.000","1","2","SC50CO18129644MO","ADD NTP 39 CL25 16V/50RZAE/EW40067F $68,244","16V/50HWAA MACHADO LAKE EW40073B NTP#25,32,37","0",,"0","0","0","0",,"2021-03-05T00:00:00.000","24",,,,,"CITY",,,,"USD",,"100035931-ARCADIS U.S. INC"
"7453036","2021","NON_DEPARTMENTAL","GEOSYNTEC CONSULTANTS/C","2021-03-11T00:00:00.000","4321.05",,"882142","GENERAL GOVERNMENT","GOVERNMENTAL","CAPITAL PROJECTS","GOB 2009 CLEAN WATER CLEANUP","16T","PROP O OPTIMIZATION","50MYAF","AD26210000047997","SUPPLIES & OTHER SERVICES",,"9","2021-09 (MAR)","2021-03","3","MARCH,2021","MARCH","FMS",,,"50","GOB 2009 CLEAN WATER CLEANUP","100001208","33487","CHECK","PAID","PRC502116T500024",,,"2020-11-23T00:00:00.000","1","1","SC50CO18124345MO","16T/TOS SN-73/EXT DATE/ NTP  12/9/20/AMEND #1/INC $362,400","C-124345 SN-73 EWOPTC08 OPTIMIZATION PROP O","0",,"0","0","0","0",,"2021-02-18T00:00:00.000","1",,,,,"CITY",,,,"USD",,"100001208-GEOSYNTEC CONSULTANTS/C"
"7340562","2021","NON_DEPARTMENTAL","ARCADIS U.S. INC","2021-02-24T00:00:00.000","58052.88",,"143256","GENERAL GOVERNMENT","GOVERNMENTAL","CAPITAL PROJECTS","GOB 2011A CLEAN WATER CLEANUP","16V","MACHADO LAKE ECOSYSTEM REHAB","50HWAA","EFT26210000009938","SUPPLIES & OTHER SERVICES",,"8","2021-08 (FEB)","2021-03","2","FEBRUARY,2021","FEBRUARY","FMS",,,"50","GOB 2011A CLEAN WATER CLEANUP","100035931","60693-0626","EFT","PAID","PRC502116V500030",,,"2021-01-26T00:00:00.000","1","2","SC50CO18129644MO","ARCADIS C-129644","16V/50HWAA MACHADO LAKE EW40073B NTP#25,32,37","0",,"0","0","0","0",,"2020-12-16T00:00:00.000","24",,,,,"CITY",,,,"USD",,"100035931-ARCADIS U.S. INC"
"7340560","2021","NON_DEPARTMENTAL","ARCADIS U.S. INC","2021-02-24T00:00:00.000","39312.08",,"143256","GENERAL GOVERNMENT","GOVERNMENTAL","CAPITAL PROJECTS","GOB 2011A CLEAN WATER CLEANUP","16V","MACHADO LAKE ECOSYSTEM REHAB","50HWAA","EFT26210000009938","SUPPLIES & OTHER SERVICES",,"8","2021-08 (FEB)","2021-03","2","FEBRUARY,2021","FEBRUARY","FMS",,,"50","GOB 2011A CLEAN WATER CLEANUP","100035931","60693-0626","EFT","PAID","PRC502116V500030",,,"2021-01-25T00:00:00.000","1","4","SC50CO18129644MO","ARCADIS C-129644","16V/50HWAA MACHADO LAKE EW40073B NTP#25,32,37","0",,"0","0","0","0",,"2020-12-16T00:00:00.000","24",,,,,"CITY",,,,"USD",,"100035931-ARCADIS U.S. INC"
"7340561","2021","NON_DEPARTMENTAL","ARCADIS U.S. INC","2021-02-24T00:00:00.000","37876.02",,"143256","GENERAL GOVERNMENT","GOVERNMENTAL","CAPITAL PROJECTS","GOB 2011A CLEAN WATER CLEANUP","16V","MACHADO LAKE ECOSYSTEM REHAB","50HWAA","EFT26210000009938","SUPPLIES & OTHER SERVICES",,"8","2021-08 (FEB)","2021-03","2","FEBRUARY,2021","FEBRUARY","FMS",,,"50","GOB 2011A CLEAN WATER CLEANUP","100035931","60693-0626","EFT","PAID","PRC502116V500030",,,"2021-01-26T00:00:00.000","1","3","SC50CO18129644MO","ARCADIS C-129644","16V/50HWAA MACHADO LAKE EW40073B NTP#25,32,37","0",,"0","0","0","0",,"2020-12-16T00:00:00.000","24",,,,,"CITY",,,,"USD",,"100035931-ARCADIS U.S. INC"
"7339229","2021","NON_DEPARTMENTAL","ARCADIS U.S. INC","2021-02-24T00:00:00.000","6250.82",,"143256","GENERAL GOVERNMENT","GOVERNMENTAL","CAPITAL PROJECTS","GOB 2011A CLEAN WATER CLEANUP","16V","WESTWOOD NEIGHBORHOOD GREENWAY PROJECT","50PZAB","EFT26210000009938","SUPPLIES & OTHER SERVICES",,"8","2021-08 (FEB)","2021-03","2","FEBRUARY,2021","FEBRUARY","FMS",,,"50","GOB 2011A CLEAN WATER CLEANUP","100035931","60693-0626","EFT","PAID","PRC502116V500030",,,"2021-01-25T00:00:00.000","1","1","SC50CO18129644MO","ARCADIS C-129644","16V/50PZAB/EW40071A,NTP,WESTWOOD NEIGHBOR","0",,"0","0","0","0",,"2020-12-16T00:00:00.000","19",,,,,"CITY",,,,"USD",,"100035931-ARCADIS U.S. INC"
"7296136","2021","NON_DEPARTMENTAL","ARCADIS U.S. INC","2021-01-06T00:00:00.000","30798.59",,"143256","GENERAL GOVERNMENT","GOVERNMENTAL","CAPITAL PROJECTS","GOB 2011A CLEAN WATER CLEANUP","16V","MACHADO LAKE ECOSYSTEM REHAB","50HWAA","EFT26210000007767","SUPPLIES & OTHER SERVICES",,"7","2021-07 (JAN)","2021-03","1","JANUARY,2021","JANUARY","FMS",,,"50","GOB 2011A CLEAN WATER CLEANUP","100035931","60693-0626","EFT","PAID","PRC502116V500029",,,"2020-05-22T00:00:00.000","1","2","SC50CO18129644MO","ARCADIS C-129644","ARCADIS C-129644 EW40073B MACHADO LAKE","0",,"0","0","0","0",,"2020-12-16T00:00:00.000","24",,,,,"CITY",,,,"USD",,"100035931-ARCADIS U.S. INC"
"7296135","2021","NON_DEPARTMENTAL","ARCADIS U.S. INC","2021-01-06T00:00:00.000","180.94",,"143256","GENERAL GOVERNMENT","GOVERNMENTAL","CAPITAL PROJECTS","GOB 2011A CLEAN WATER CLEANUP","16V","ALBION RIVERSIDE PARK IMPROVEMENTS","50KXAD","EFT26210000007767","SUPPLIES & OTHER SERVICES",,"7","2021-07 (JAN)","2021-03","1","JANUARY,2021","JANUARY","FMS",,,"50","GOB 2011A CLEAN WATER CLEANUP","100035931","60693-0626","EFT","PAID","PRC502116V500029",,,"2020-12-14T00:00:00.000","1","1","SC50CO18129644MO","ARCADIS C-129644","ARCADIS C-129644 EW40060F ALBION","0",,"0","0","0","0",,"2020-12-16T00:00:00.000","17",,,,,"CITY",,,,"USD",,"100035931-ARCADIS U.S. INC"
"7403248","2021","NON_DEPARTMENTAL","OHL USA INC","2020-12-28T00:00:00.000","311020.45",,"2732354","GENERAL GOVERNMENT","GOVERNMENTAL","CAPITAL PROJECTS","GOB 2008A CLEAN WATER CLEANUP","16Q","ARGO DRAIN SUB BASIN FACILITY.1","50LWAF","EFT26210000007394","IMPROVEMENTS OTHER THAN BUILDINGS",,"6","2021-06 (DEC)","2021-02","12","DECEMBER,2020","DECEMBER","FMS",,,"50","GOB 2008A CLEAN WATER CLEANUP","VC0000014741","92614-7279","EFT","PAID","PRC502116Q500001",,,"2020-12-14T00:00:00.000","3","3","SC50CO19131878KO","OHL C-131878 EW40067F ARGO DRAIN","OHL C-131878 EW40067F ARGO DRAIN","0",,"0","0","0","0",,"2020-12-23T00:00:00.000","4",,,,,"CITY",,,,"USD",,"VC0000014741-OHL USA INC"
"7403475","2021","NON_DEPARTMENTAL","OHL USA INC","2020-12-28T00:00:00.000","97876.22",,"2732354","GENERAL GOVERNMENT","GOVERNMENTAL","CAPITAL PROJECTS","GOB 2006A CLEAN WATER CLEANUP","16M","ARGO DRAIN SUB BASIN FACILITY.1","50LWAF","EFT26210000007394","IMPROVEMENTS OTHER THAN BUILDINGS",,"6","2021-06 (DEC)","2021-02","12","DECEMBER,2020","DECEMBER","FMS",,,"50","GOB 2006A CLEAN WATER CLEANUP","VC0000014741","92614-7279","EFT","PAID","PRC502116Q500001",,,"2020-12-14T00:00:00.000","3","2","SC50CO19131878KO","OHL C-131878 EW40067F ARGO DRAIN","OHL C-131878 EW40067F ARGO DRAIN","0",,"0","0","0","0",,"2020-12-23T00:00:00.000","4",,,,,"CITY",,,,"USD",,"VC0000014741-OHL USA INC"
"7416658","2021","NON_DEPARTMENTAL","GEOSYNTEC CONSULTANTS/C","2020-12-01T00:00:00.000","96672",,"882142","GENERAL GOVERNMENT","GOVERNMENTAL","CAPITAL PROJECTS","GOB 2011A CLEAN WATER CLEANUP","16V","BEN & VICTORY GREEN STORMWATER INFRASTRUCTURE PROJECT","50SSAU","AD26210000029836","SUPPLIES & OTHER SERVICES",,"6","2021-06 (DEC)","2021-02","12","DECEMBER,2020","DECEMBER","FMS",,,"50","GOB 2011A CLEAN WATER CLEANUP","100001208","33487","CHECK","PAID","PRC502116V500026",,,"2020-11-17T00:00:00.000","1","1","SC50CO18124345MO","16V/50SSAU/SN-72/BEN & VICTORY","C-124345 SN-72-BEN & VICTORY","0",,"0","0","0","0",,"2020-05-05T00:00:00.000","2",,,,,"CITY",,,,"USD",,"100001208-GEOSYNTEC CONSULTANTS/C"
"7403130","2021","NON_DEPARTMENTAL","OHL USA INC","2020-12-28T00:00:00.000","95563.76",,"2732354","GENERAL GOVERNMENT","GOVERNMENTAL","CAPITAL PROJECTS","GOB 2005A CLEAN WATER CLEANUP","16F","ARGO DRAIN SUB BASIN FACILITY.1","50LWAF","EFT26210000007394","IMPROVEMENTS OTHER THAN BUILDINGS",,"6","2021-06 (DEC)","2021-02","12","DECEMBER,2020","DECEMBER","FMS",,,"50","GOB 2005A CLEAN WATER CLEANUP","VC0000014741","92614-7279","EFT","PAID","PRC502116Q500001",,,"2020-12-14T00:00:00.000","3","1","SC50CO19131878KO","OHL C-131878 EW40067F ARGO DRAIN","OHL C-131878 EW40067F ARGO DRAIN","0",,"0","0","0","0",,"2020-12-23T00:00:00.000","4",,,,,"CITY",,,,"USD",,"VC0000014741-OHL USA INC"
"7416172","2021","NON_DEPARTMENTAL","AECOM TECHNICAL SERVICES INC","2020-12-02T00:00:00.000","36987.84",,"50695","GENERAL GOVERNMENT","GOVERNMENTAL","CAPITAL PROJECTS","GOB 2009 CLEAN WATER CLEANUP","16T","ARGO DRAIN SUB BASIN FACILITY.1","50LWAF","EFT26210000006340","SUPPLIES & OTHER SERVICES",,"6","2021-06 (DEC)","2021-02","12","DECEMBER,2020","DECEMBER","FMS",,,"50","GOB 2009 CLEAN WATER CLEANUP","100032542","60674","EFT","PAID","PRC502116T500023",,,"2020-10-21T00:00:00.000","1","1","SC50CO18129645MO","SC-AECOM,CO#129645, 16T/50LWAF/EW40067F","AECOM CO-129645 EW40067F ARGO DRAIN","0",,"0","0","0","0",,"2020-10-28T00:00:00.000","1",,,,,"CITY",,,,"USD",,"100032542-AECOM TECHNICAL SERVICES INC"
"7415902","2021","NON_DEPARTMENTAL","ARCADIS U.S. INC","2020-12-16T00:00:00.000","31493.19",,"143256","GENERAL GOVERNMENT","GOVERNMENTAL","CAPITAL PROJECTS","GOB 2009 CLEAN WATER CLEANUP","16T","ARGO DRAIN SUB BASIN FACILITY.1","50LWAF","EFT26210000007048","SUPPLIES & OTHER SERVICES",,"6","2021-06 (DEC)","2021-02","12","DECEMBER,2020","DECEMBER","FMS",,,"50","GOB 2009 CLEAN WATER CLEANUP","100035931","60693-0626","EFT","PAID","PRC502116T500027",,,"2020-12-14T00:00:00.000","1","1","SC50CO18129644MO","ARCADIS C-129644","ARCADIS C-129644 EW40067F ARGO DRAIN","0",,"0","0","0","0",,"2020-12-16T00:00:00.000","15",,,,,"CITY",,,,"USD",,"100035931-ARCADIS U.S. INC"
"7403103","2021","NON_DEPARTMENTAL","OHL USA INC","2020-12-24T00:00:00.000","27916.03",,"2732354","GENERAL GOVERNMENT","GOVERNMENTAL","CAPITAL PROJECTS","GOB 2008A CLEAN WATER CLEANUP","16Q","ARGO DRAIN SUB BASIN FACILITY.1","50LWAF","AD26210000034509","IMPROVEMENTS OTHER THAN BUILDINGS",,"6","2021-06 (DEC)","2021-02","12","DECEMBER,2020","DECEMBER","FMS",,,"50","GOB 2008A CLEAN WATER CLEANUP","VC0000014741","90071-2005","CHECK","PAID","PRC502116Q500002",,,"2020-12-14T00:00:00.000","4","1","SC50CO19131878KO","OHL C-131878 EW40067F ARGO DRAIN","OHL C-131878 EW40067F ARGO DRAIN","0",,"0","0","0","0",,"2020-12-23T00:00:00.000","4",,,,,"CITY",,,,"USD",,"VC0000014741-OHL USA INC"
"7403192","2021","NON_DEPARTMENTAL","OHL USA INC","2020-12-28T00:00:00.000","25944.22",,"2732354","GENERAL GOVERNMENT","GOVERNMENTAL","CAPITAL PROJECTS","GOB 2009 CLEAN WATER CLEANUP","16T","ARGO DRAIN SUB BASIN FACILITY.1","50LWAF","EFT26210000007394","IMPROVEMENTS OTHER THAN BUILDINGS",,"6","2021-06 (DEC)","2021-02","12","DECEMBER,2020","DECEMBER","FMS",,,"50","GOB 2009 CLEAN WATER CLEANUP","VC0000014741","92614-7279","EFT","PAID","PRC502116Q500001",,,"2020-12-14T00:00:00.000","3","4","SC50CO19131878KO","OHL C-131878 EW40067F ARGO DRAIN","OHL C-131878 EW40067F ARGO DRAIN","0",,"0","0","0","0",,"2020-12-23T00:00:00.000","4",,,,,"CITY",,,,"USD",,"VC0000014741-OHL USA INC"
"7417066","2021","NON_DEPARTMENTAL","ARCADIS U.S. INC","2020-12-18T00:00:00.000","16280.78",,"143256","GENERAL GOVERNMENT","GOVERNMENTAL","CAPITAL PROJECTS","GOB 2009 CLEAN WATER CLEANUP","16T","VERMONT AVENUE STORMWATER CAPTURE AND GREEN STREET PROJECT","50PZAC","EFT26210000007129","SUPPLIES & OTHER SERVICES",,"6","2021-06 (DEC)","2021-02","12","DECEMBER,2020","DECEMBER","FMS",,,"50","GOB 2009 CLEAN WATER CLEANUP","100035931","60693-0626","EFT","PAID","PRC502116T500028",,,"2020-05-22T00:00:00.000","1","1","SC50CO18129644MO","ARCADIS C-129644","16T/50PZAC/EW40075A,NTP#11,STO#09-09- VERMONT STORMWATER","0",,"0","0","0","0",,"2020-12-16T00:00:00.000","11",,,,,"CITY",,,,"USD",,"100035931-ARCADIS U.S. INC"
"7417163","2021","NON_DEPARTMENTAL","AECOM TECHNICAL SERVICES INC","2020-12-09T00:00:00.000","13977.05",,"50695","GENERAL GOVERNMENT","GOVERNMENTAL","CAPITAL PROJECTS","GOB 2009 CLEAN WATER CLEANUP","16T","ARGO DRAIN SUB BASIN FACILITY.1","50LWAF","EFT26210000006587","SUPPLIES & OTHER SERVICES",,"6","2021-06 (DEC)","2021-02","12","DECEMBER,2020","DECEMBER","FMS",,,"50","GOB 2009 CLEAN WATER CLEANUP","100032542","60674","EFT","PAID","PRC502116T500026",,,"2020-11-09T00:00:00.000","1","1","SC50CO18129645MO","SC-AECOM,CO#129645, 16T/50LWAF/EW40067F","AECOM CO-129645 EW40067F ARGO","0",,"0","0","0","0",,"2020-10-28T00:00:00.000","1",,,,,"CITY",,,,"USD",,"100032542-AECOM TECHNICAL SERVICES INC"
"7415051","2021","NON_DEPARTMENTAL","ARCADIS U.S. INC","2020-12-24T00:00:00.000","5554.54",,"143256","GENERAL GOVERNMENT","GOVERNMENTAL","CAPITAL PROJECTS","GOB 2011A CLEAN WATER CLEANUP","16V","WESTWOOD NEIGHBORHOOD GREENWAY PROJECT","50PZAB","EFT26210000007365","SUPPLIES & OTHER SERVICES",,"6","2021-06 (DEC)","2021-02","12","DECEMBER,2020","DECEMBER","FMS",,,"50","GOB 2011A CLEAN WATER CLEANUP","100035931","60693-0626","EFT","PAID","PRC502116V500028",,,"2020-12-11T00:00:00.000","1","2","SC50CO18129644MO","ARCADIS C-129644","ARCADIS C-129644 EW40071A WESTWOOD","0",,"0","0","0","0",,"2020-12-16T00:00:00.000","19",,,,,"CITY",,,,"USD",,"100035931-ARCADIS U.S. INC"
"7415050","2021","NON_DEPARTMENTAL","ARCADIS U.S. INC","2020-12-24T00:00:00.000","3678.5",,"143256","GENERAL GOVERNMENT","GOVERNMENTAL","CAPITAL PROJECTS","GOB 2011A CLEAN WATER CLEANUP","16V","WESTWOOD NEIGHBORHOOD GREENWAY PROJECT","50PZAB","EFT26210000007365","SUPPLIES & OTHER SERVICES",,"6","2021-06 (DEC)","2021-02","12","DECEMBER,2020","DECEMBER","FMS",,,"50","GOB 2011A CLEAN WATER CLEANUP","100035931","60693-0626","EFT","PAID","PRC502116V500028",,,"2020-12-11T00:00:00.000","1","3","SC50CO18129644MO","ARCADIS C-129644","ARCADIS C-129644 EW40071A WESTWOOD","0",,"0","0","0","0",,"2020-12-16T00:00:00.000","19",,,,,"CITY",,,,"USD",,"100035931-ARCADIS U.S. INC"
"7417088","2021","NON_DEPARTMENTAL","SWCA INCORPORATED","2020-12-08T00:00:00.000","1264.12",,"2466104","GENERAL GOVERNMENT","GOVERNMENTAL","CAPITAL PROJECTS","GOB 2009 CLEAN WATER CLEANUP","16T","PENMAR WATER QLTY PHASE II","50FZAA","AD26210000031178","SUPPLIES & OTHER SERVICES",,"6","2021-06 (DEC)","2021-02","12","DECEMBER,2020","DECEMBER","FMS",,,"50","GOB 2009 CLEAN WATER CLEANUP","100036600","60197-7217","CHECK","PAID","PRC502116T500025",,,"2020-11-12T00:00:00.000","1","1","SC50MSACO15123103MO","SC-SWCA,PROP.O  TOS#EMGS-011,ENCUMBER $4,785.30","SWCA C-123103 EW40028B  TOS#EMGS-011-PENMAR","0",,"0","0","0","0",,"2019-01-31T00:00:00.000","1",,,,,"CITY",,,,"USD",,"100036600-SWCA INCORPORATED"
"7403536","2021","NON_DEPARTMENTAL","ENVIRONMENTAL CONSTRUCTION INC","2020-12-09T00:00:00.000","799.18",,"2053516","GENERAL GOVERNMENT","GOVERNMENTAL","CAPITAL PROJECTS","GOB 2011A CLEAN WATER CLEANUP","16V","WESTWOOD NEIGHBORHOOD GREENWAY PROJECT","50PZAB","AD26210000031494","IMPROVEMENTS OTHER THAN BUILDINGS",,"6","2021-06 (DEC)","2021-02","12","DECEMBER,2020","DECEMBER","FMS",,,"50","GOB 2011A CLEAN WATER CLEANUP","100022472","91367","CHECK","PAID","PRC502116V500027",,,"2020-12-08T00:00:00.000","1","1","SC50CO20133919KO","ENVIRONMENTAL CONS




C-133919 EW40071F WESTWOOD NEIGHBORHOOD","ENVIRONMENTAL CONS","0",,"0","0","0","0",,"2020-06-12T00:00:00.000","1",,,,,"CITY",,,,"USD",,"100022472-ENVIRONMENTAL CONSTRUCTION INC"
"7417089","2021","NON_DEPARTMENTAL","SWCA INCORPORATED","2020-12-08T00:00:00.000","637.18",,"2466104","GENERAL GOVERNMENT","GOVERNMENTAL","CAPITAL PROJECTS","GOB 2009 CLEAN WATER CLEANUP","16T","PENMAR WATER QLTY PHASE II","50FZAA","AD26210000031178","SUPPLIES & OTHER SERVICES",,"6","2021-06 (DEC)","2021-02","12","DECEMBER,2020","DECEMBER","FMS",,,"50","GOB 2009 CLEAN WATER CLEANUP","100036600","60197-7217","CHECK","PAID","PRC502116T500025",,,"2020-11-12T00:00:00.000","2","2","SC50MSACO15123103MO","SC-SWCA,PROP.O  TOS#EMGS-011,ENCUMBER $4,785.30","637.18","0",,"0","0","0","0",,"2019-01-31T00:00:00.000","2",,,,,"CITY",,,,"USD",,"100036600-SWCA INCORPORATED"
"7415049","2021","NON_DEPARTMENTAL","ARCADIS U.S. INC","2020-12-24T00:00:00.000","125.73",,"143256","GENERAL GOVERNMENT","GOVERNMENTAL","CAPITAL PROJECTS","GOB 2009 CLEAN WATER CLEANUP","16T","VERMONT AVENUE STORMWATER CAPTURE AND GREEN STREET PROJECT","50PZAC","EFT26210000007365","SUPPLIES & OTHER SERVICES",,"6","2021-06 (DEC)","2021-02","12","DECEMBER,2020","DECEMBER","FMS",,,"50","GOB 2009 CLEAN WATER CLEANUP","100035931","60693-0626","EFT","PAID","PRC502116V500028",,,"2020-12-11T00:00:00.000","1","1","SC50CO18129644MO","ARCADIS C-129644","ARCADIS C-129644 EW40075A VERMONT STORMWATER","0",,"0","0","0","0",,"2020-12-16T00:00:00.000","11",,,,,"CITY",,,,"USD",,"100035931-ARCADIS U.S. INC"
"7249130","2021","NON_DEPARTMENTAL","OHL USA INC","2020-11-24T00:00:00.000","369186.23",,"2732354","GENERAL GOVERNMENT","GOVERNMENTAL","CAPITAL PROJECTS","GOB 2011A CLEAN WATER CLEANUP","16V","ARGO DRAIN SUB BASIN FACILITY","50RZAE","EFT26210000006031","IMPROVEMENTS OTHER THAN BUILDINGS",,"5","2021-05 (NOV)","2021-02","11","NOVEMBER,2020","NOVEMBER","FMS",,,"50","GOB 2011A CLEAN WATER CLEANUP","VC0000014741","92614-7279","EFT","PAID","PRC502116V500024",,,"2020-11-17T00:00:00.000","3","2","SC50CO19131878KO","OHL C-131878 EW40067F ARGO DRAIN","OHL C-131878 EW40067F ARGO DRAIN","0",,"0","0","0","0",,"2020-11-20T00:00:00.000","4",,,,,"CITY",,,,"USD",,"VC0000014741-OHL USA INC"
"7249353","2021","NON_DEPARTMENTAL","ENVIRONMENTAL CONSTRUCTION INC","2020-11-20T00:00:00.000","269408.67",,"2053516","GENERAL GOVERNMENT","GOVERNMENTAL","CAPITAL PROJECTS","GOB 2011A CLEAN WATER CLEANUP","16V","WESTWOOD NEIGHBORHOOD GREENWAY PROJECT","50PZAB","AD26210000028534","IMPROVEMENTS OTHER THAN BUILDINGS",,"5","2021-05 (NOV)","2021-02","11","NOVEMBER,2020","NOVEMBER","FMS",,,"50","GOB 2011A CLEAN WATER CLEANUP","100022472","91367","CHECK","PAID","PRC502116V500023",,,"2020-11-17T00:00:00.000","1","1","SC50CO20133919KO","ENVIRONMENTAL CONS



C-133919 EW40071F WESTWOOD NEIGHBORHOOD","ENVIRONMENTAL CONSC-133919 EW40071F WESTWOOD NEIGHBORHOOD GREEN","0",,"0","0","0","0",,"2020-06-12T00:00:00.000","1",,,,,"CITY",,,,"USD",,"100022472-ENVIRONMENTAL CONSTRUCTION INC"
"7265282","2021","NON_DEPARTMENTAL","ARCADIS U.S. INC","2020-11-13T00:00:00.000","205038.4",,"143256","GENERAL GOVERNMENT","GOVERNMENTAL","CAPITAL PROJECTS","GOB 2011A CLEAN WATER CLEANUP","16V","ARGO DRAIN SUB BASIN FACILITY","50RZAE","EFT26210000005483","SUPPLIES & OTHER SERVICES",,"5","2021-05 (NOV)","2021-02","11","NOVEMBER,2020","NOVEMBER","FMS",,,"50","GOB 2011A CLEAN WATER CLEANUP","100035931","60693-0626","EFT","PAID","PRC502116V500021",,,"2020-11-04T00:00:00.000","1","1","SC50CO18129644MO","ARCADIS C-129644","ARCADIS C-129644 EW40067F ARGO DRAIN","0",,"0","0","0","0",,"2020-11-20T00:00:00.000","25",,,,,"CITY",,,,"USD",,"100035931-ARCADIS U.S. INC"
"7249128","2021","NON_DEPARTMENTAL","OHL USA INC","2020-11-12T00:00:00.000","124172.39",,"2732354","GENERAL GOVERNMENT","GOVERNMENTAL","CAPITAL PROJECTS","GOB 2011A CLEAN WATER CLEANUP","16V","ARGO DRAIN SUB BASIN FACILITY","50RZAE","EFT26210000005449","IMPROVEMENTS OTHER THAN BUILDINGS",,"5","2021-05 (NOV)","2021-02","11","NOVEMBER,2020","NOVEMBER","FMS",,,"50","GOB 2011A CLEAN WATER CLEANUP","VC0000014741","92614-7279","EFT","PAID","PRC502116V500019",,,"2020-11-04T00:00:00.000","3","1","SC50CO19131878KO","OHL C-131878 EW40067F ARGO DRAIN","ARGO DRAIN, CO#131878 16V/50RZAE","0",,"0","0","0","0",,"2020-11-20T00:00:00.000","4",,,,,"CITY",,,,"USD",,"VC0000014741-OHL USA INC"
"7265749","2021","NON_DEPARTMENTAL","GEOSYNTEC CONSULTANTS/C","2020-11-10T00:00:00.000","53650",,"882142","GENERAL GOVERNMENT","GOVERNMENTAL","CAPITAL PROJECTS","GOB 2011A CLEAN WATER CLEANUP","16V","BEN & VICTORY GREEN STORMWATER INFRASTRUCTURE PROJECT","50SSAU","AD26210000026459","SUPPLIES & OTHER SERVICES",,"5","2021-05 (NOV)","2021-02","11","NOVEMBER,2020","NOVEMBER","FMS",,,"50","GOB 2011A CLEAN WATER CLEANUP","100001208","33487","CHECK","PAID","PRC502116V500020",,,"2020-10-15T00:00:00.000","1","1","SC50CO18124345MO","16V/50SSAU/SN-72/BEN & VICTORY","16V/50SSAU/SN-72/BEN & VICTORY","0",,"0","0","0","0",,"2020-05-05T00:00:00.000","2",,,,,"CITY",,,,"USD",,"100001208-GEOSYNTEC CONSULTANTS/C"
"7265279","2021","NON_DEPARTMENTAL","ARCADIS U.S. INC","2020-11-13T00:00:00.000","25457.3",,"143256","GENERAL GOVERNMENT","GOVERNMENTAL","CAPITAL PROJECTS","GOB 2011A CLEAN WATER CLEANUP","16V","WESTWOOD NEIGHBORHOOD GREENWAY PROJECT","50PZAB","EFT26210000005483","SUPPLIES & OTHER SERVICES",,"5","2021-05 (NOV)","2021-02","11","NOVEMBER,2020","NOVEMBER","FMS",,,"50","GOB 2011A CLEAN WATER CLEANUP","100035931","60693-0626","EFT","PAID","PRC502116V500022",,,"2020-11-10T00:00:00.000","1","4","SC50CO18129644MO","ARCADIS C-129644","ARCADIS C-129644 EW40071A WESTWOOD","0",,"0","0","0","0",,"2020-11-20T00:00:00.000","19",,,,,"CITY",,,,"USD",,"100035931-ARCADIS U.S. INC"
"7249124","2021","NON_DEPARTMENTAL","OHL USA INC","2020-11-24T00:00:00.000","20951.23",,"2732354","GENERAL GOVERNMENT","GOVERNMENTAL","CAPITAL PROJECTS","GOB 2009 CLEAN WATER CLEANUP","16T","ARGO DRAIN SUB BASIN FACILITY.1","50LWAF","EFT26210000006031","IMPROVEMENTS OTHER THAN BUILDINGS",,"5","2021-05 (NOV)","2021-02","11","NOVEMBER,2020","NOVEMBER","FMS",,,"50","GOB 2009 CLEAN WATER CLEANUP","VC0000014741","92614-7279","EFT","PAID","PRC502116V500024",,,"2020-11-17T00:00:00.000","3","1","SC50CO19131878KO","OHL C-131878 EW40067F ARGO DRAIN","OHL C-131878 EW40067F ARGO DRAIN","0",,"0","0","0","0",,"2020-11-20T00:00:00.000","4",,,,,"CITY",,,,"USD",,"VC0000014741-OHL USA INC"
"7249129","2021","NON_DEPARTMENTAL","OHL USA INC","2020-11-24T00:00:00.000","20533.55",,"2732354","GENERAL GOVERNMENT","GOVERNMENTAL","CAPITAL PROJECTS","GOB 2011A CLEAN WATER CLEANUP","16V","ARGO DRAIN SUB BASIN FACILITY","50RZAE","AD26210000029046","IMPROVEMENTS OTHER THAN BUILDINGS",,"5","2021-05 (NOV)","2021-02","11","NOVEMBER,2020","NOVEMBER","FMS",,,"50","GOB 2011A CLEAN WATER CLEANUP","VC0000014741","90071-2005","CHECK","PAID","PRC502116V500025",,,"2020-11-17T00:00:00.000","4","1","SC50CO19131878KO","OHL C-131878 EW40067F ARGO DRAIN","ARGO DRAIN, CO#131878 16V/50RZAEGEF+$1","0",,"0","0","0","0",,"2020-11-20T00:00:00.000","4",,,,,"CITY",,,,"USD",,"VC0000014741-OHL USA INC"
"7249123","2021","NON_DEPARTMENTAL","OHL USA INC","2020-11-10T00:00:00.000","6535.39",,"2732354","GENERAL GOVERNMENT","GOVERNMENTAL","CAPITAL PROJECTS","GOB 2009 CLEAN WATER CLEANUP","16T","ARGO DRAIN SUB BASIN FACILITY.1","50LWAF","AD26210000026498","IMPROVEMENTS OTHER THAN BUILDINGS",,"5","2021-05 (NOV)","2021-02","11","NOVEMBER,2020","NOVEMBER","FMS",,,"50","GOB 2009 CLEAN WATER CLEANUP","VC0000014741","90071-2005","CHECK","PAID","PRC502116T500021",,,"2020-11-04T00:00:00.000","4","1","SC50CO19131878KO","OHL C-131878 EW40067F ARGO DRAIN","ARGO DRAIN, CO#131878 16T/50LWAF","0",,"0","0","0","0",,"2020-11-20T00:00:00.000","4",,,,,"CITY",,,,"USD",,"VC0000014741-OHL USA INC"
"7265278","2021","NON_DEPARTMENTAL","ARCADIS U.S. INC","2020-11-13T00:00:00.000","1742.13",,"143256","GENERAL GOVERNMENT","GOVERNMENTAL","CAPITAL PROJECTS","GOB 2009 CLEAN WATER CLEANUP","16T","VERMONT AVENUE STORMWATER CAPTURE AND GREEN STREET PROJECT","50PZAC","EFT26210000005483","SUPPLIES & OTHER SERVICES",,"5","2021-05 (NOV)","2021-02","11","NOVEMBER,2020","NOVEMBER","FMS",,,"50","GOB 2009 CLEAN WATER CLEANUP","100035931","60693-0626","EFT","PAID","PRC502116V500022",,,"2020-11-02T00:00:00.000","1","3","SC50CO18129644MO","ARCADIS C-129644","EW40074A,EW40075A VERMONT","0",,"0","0","0","0",,"2020-11-20T00:00:00.000","23",,,,,"CITY",,,,"USD",,"100035931-ARCADIS U.S. INC"
"7265277","2021","NON_DEPARTMENTAL","ARCADIS U.S. INC","2020-11-10T00:00:00.000","1604",,"143256","GENERAL GOVERNMENT","GOVERNMENTAL","CAPITAL PROJECTS","GOB 2009 CLEAN WATER CLEANUP","16T","VERMONT AVENUE STORMWATER CAPTURE AND GREEN STREET PROJECT","50PZAC","EFT26210000005400","SUPPLIES & OTHER SERVICES",,"5","2021-05 (NOV)","2021-02","11","NOVEMBER,2020","NOVEMBER","FMS",,,"50","GOB 2009 CLEAN WATER CLEANUP","100035931","60693-0626","EFT","PAID","PRC502116T500022",,,"2020-11-04T00:00:00.000","1","1","SC50CO18129644MO","ARCADIS C-129644","ARCADIS C-129644 EW40075A VERMONT","0",,"0","0","0","0",,"2020-11-20T00:00:00.000","11",,,,,"CITY",,,,"USD",,"100035931-ARCADIS U.S. INC"
"7265280","2021","NON_DEPARTMENTAL","ARCADIS U.S. INC","2020-11-13T00:00:00.000","401",,"143256","GENERAL GOVERNMENT","GOVERNMENTAL","CAPITAL PROJECTS","GOB 2011A CLEAN WATER CLEANUP","16V","WESTWOOD NEIGHBORHOOD GREENWAY PROJECT","50PZAB","EFT26210000005483","SUPPLIES & OTHER SERVICES",,"5","2021-05 (NOV)","2021-02","11","NOVEMBER,2020","NOVEMBER","FMS",,,"50","GOB 2011A CLEAN WATER CLEANUP","100035931","60693-0626","EFT","PAID","PRC502116V500022",,,"2020-11-02T00:00:00.000","1","2","SC50CO18129644MO","ARCADIS C-129644","ARCADIS C-129644 EW40071A WESTWOOD","0",,"0","0","0","0",,"2020-11-20T00:00:00.000","19",,,,,"CITY",,,,"USD",,"100035931-ARCADIS U.S. INC"
"7363555","2021","NON_DEPARTMENTAL","OHL USA INC","2020-10-06T00:00:00.000","730753.14",,"2732354","GENERAL GOVERNMENT","GOVERNMENTAL","CAPITAL PROJECTS","GOB 2009 CLEAN WATER CLEANUP","16T","ARGO DRAIN SUB BASIN FACILITY.1","50LWAF","EFT26210000003945","IMPROVEMENTS OTHER THAN BUILDINGS",,"4","2021-04 (OCT)","2021-02","10","OCTOBER,2020","OCTOBER","FMS",,,"50","GOB 2009 CLEAN WATER CLEANUP","VC0000014741","92614-7279","EFT","PAID","PRC502116T500017",,,"2020-09-21T00:00:00.000","2","1","SC50CO19131878KO","OHL C-131878 EW40067F ARGO DRAIN","OHL C-131878 EW40067F ARGO DRAIN","0",,"0","0","0","0",,"2020-08-18T00:00:00.000","4",,,,,"CITY",,,,"USD",,"VC0000014741-OHL USA INC"
"7363136","2021","NON_DEPARTMENTAL","CLARKE CONTRACTING CORP","2020-10-23T00:00:00.000","344847.55",,"332897","GENERAL GOVERNMENT","GOVERNMENTAL","CAPITAL PROJECTS","GOB 2011A CLEAN WATER CLEANUP","16V","VERMONT AVENUE STORMWATER CAPTURE AND GREEN STREET PROJECT","50PZAC","EFT26210000004700","IMPROVEMENTS OTHER THAN BUILDINGS",,"4","2021-04 (OCT)","2021-02","10","OCTOBER,2020","OCTOBER","FMS",,,"50","GOB 2011A CLEAN WATER CLEANUP","100005114","90260","EFT","PAID","PRC502116V500018",,,"2020-10-14T00:00:00.000","1","1","SC50CO20135029KO","CLARKE C-135029 EW40075F VERMONT STORMWATER","CLARKE C-135029 EW40075F VERMONT STORMWATER","0",,"0","0","0","0",,"2020-10-21T00:00:00.000","1",,,,,"CITY",,,,"USD",,"100005114-CLARKE CONTRACTING CORP"
"7378061","2021","NON_DEPARTMENTAL","ARCADIS U.S. INC","2020-10-09T00:00:00.000","79789.09",,"143256","GENERAL GOVERNMENT","GOVERNMENTAL","CAPITAL PROJECTS","GOB 2011A CLEAN WATER CLEANUP","16V","MACHADO LAKE ECOSYSTEM REHAB","50HWAA","EFT26210000004166","SUPPLIES & OTHER SERVICES",,"4","2021-04 (OCT)","2021-02","10","OCTOBER,2020","OCTOBER","FMS",,,"50","GOB 2011A CLEAN WATER CLEANUP","100035931","60693-0626","EFT","PAID","PRC502116V500016",,,"2020-09-02T00:00:00.000","1","3","SC50CO18129644MO","ARCADIS C-129644","ARCADIS CO129644 EW40073B MACHADO LAKE","0",,"0","0","0","0",,"2020-11-04T00:00:00.000","24",,,,,"CITY",,,,"USD",,"100035931-ARCADIS U.S. INC"
"7378220","2021","NON_DEPARTMENTAL","ARCADIS U.S. INC","2020-10-09T00:00:00.000","62426.36",,"143256","GENERAL GOVERNMENT","GOVERNMENTAL","CAPITAL PROJECTS","GOB 2009 CLEAN WATER CLEANUP","16T","ARGO DRAIN SUB BASIN FACILITY.1","50LWAF","EFT26210000004166","SUPPLIES & OTHER SERVICES",,"4","2021-04 (OCT)","2021-02","10","OCTOBER,2020","OCTOBER","FMS",,,"50","GOB 2009 CLEAN WATER CLEANUP","100035931","60693-0626","EFT","PAID","PRC502116T500019",,,"2020-09-24T00:00:00.000","1","1","SC50CO18129644MO","ARCADIS C-129644","ARCADIS C-129644 EW40067F ARGO DRAIN","0",,"0","0","0","0",,"2020-11-04T00:00:00.000","15",,,,,"CITY",,,,"USD",,"100035931-ARCADIS U.S. INC"
"7363229","2021","NON_DEPARTMENTAL","OHL USA INC","2020-10-02T00:00:00.000","38460.69",,"2732354","GENERAL GOVERNMENT","GOVERNMENTAL","CAPITAL PROJECTS","GOB 2009 CLEAN WATER CLEANUP","16T","ARGO DRAIN SUB BASIN FACILITY.1","50LWAF","AD26210000019385","IMPROVEMENTS OTHER THAN BUILDINGS",,"4","2021-04 (OCT)","2021-02","10","OCTOBER,2020","OCTOBER","FMS",,,"50","GOB 2009 CLEAN WATER CLEANUP","VC0000014741","90071-2005","CHECK","PAID","PRC502116T500018",,,"2020-09-21T00:00:00.000","2","1","SC50CO19131878KO","OHL C-131878 EW40067F ARGO DRAIN","OHL CO131878 EW40067F ARGO DRAIN ESCROW#397-B/ACCT#231496000","0",,"0","0","0","0",,"2020-08-18T00:00:00.000","4",,,,,"CITY",,,,"USD",,"VC0000014741-OHL USA INC"
"7379133","2021","NON_DEPARTMENTAL","ARCADIS U.S. INC","2020-10-09T00:00:00.000","30314.65",,"143256","GENERAL GOVERNMENT","GOVERNMENTAL","CAPITAL PROJECTS","GOB 2011A CLEAN WATER CLEANUP","16V","WESTWOOD NEIGHBORHOOD GREENWAY PROJECT","50PZAB","EFT26210000004166","SUPPLIES & OTHER SERVICES",,"4","2021-04 (OCT)","2021-02","10","OCTOBER,2020","OCTOBER","FMS",,,"50","GOB 2011A CLEAN WATER CLEANUP","100035931","60693-0626","EFT","PAID","PRC502116V500017",,,"2020-09-24T00:00:00.000","1","5","SC50CO18129644MO","ARCADIS C-129644","ARCADIS CO129644 EW40071A WESTWOOD","0",,"0","0","0","0",,"2020-11-04T00:00:00.000","19",,,,,"CITY",,,,"USD",,"100035931-ARCADIS U.S. INC"
"7377057","2021","NON_DEPARTMENTAL","GEOSYNTEC CONSULTANTS/C","2020-10-08T00:00:00.000","23920",,"882142","GENERAL GOVERNMENT","GOVERNMENTAL","CAPITAL PROJECTS","GOB 2011A CLEAN WATER CLEANUP","16V","BEN & VICTORY GREEN STORMWATER INFRASTRUCTURE PROJECT","50SSAU","AD26210000020616","SUPPLIES & OTHER SERVICES",,"4","2021-04 (OCT)","2021-02","10","OCTOBER,2020","OCTOBER","FMS",,,"50","GOB 2011A CLEAN WATER CLEANUP","100001208","33487","CHECK","PAID","PRC502116V500015",,,"2020-09-30T00:00:00.000","1","1","SC50CO18124345MO","16V/50SSAU/SN-72/BEN & VICTORY","GEOSYNTEC C-124345 SN-72 BEN & VICTORY","0",,"0","0","0","0",,"2020-05-05T00:00:00.000","2",,,,,"CITY",,,,"USD",,"100001208-GEOSYNTEC CONSULTANTS/C"
"7378060","2021","NON_DEPARTMENTAL","ARCADIS U.S. INC","2020-10-09T00:00:00.000","12190.65",,"143256","GENERAL GOVERNMENT","GOVERNMENTAL","CAPITAL PROJECTS","GOB 2011A CLEAN WATER CLEANUP","16V","MACHADO LAKE ECOSYSTEM REHAB","50HWAA","EFT26210000004166","SUPPLIES & OTHER SERVICES",,"4","2021-04 (OCT)","2021-02","10","OCTOBER,2020","OCTOBER","FMS",,,"50","GOB 2011A CLEAN WATER CLEANUP","100035931","60693-0626","EFT","PAID","PRC502116V500016",,,"2020-09-24T00:00:00.000","1","4","SC50CO18129644MO","ARCADIS C-129644","ARCADIS CO129644 EW40073B MACHADO LAKE","0",,"0","0","0","0",,"2020-11-04T00:00:00.000","24",,,,,"CITY",,,,"USD",,"100035931-ARCADIS U.S. INC"
"7363189","2021","NON_DEPARTMENTAL","ENVIRONMENTAL CONSTRUCTION INC","2020-10-01T00:00:00.000","7611.75",,"2053516","GENERAL GOVERNMENT","GOVERNMENTAL","CAPITAL PROJECTS","GOB 2011A CLEAN WATER CLEANUP","16V","WESTWOOD NEIGHBORHOOD GREENWAY PROJECT","50PZAB","AD26210000019204","IMPROVEMENTS OTHER THAN BUILDINGS",,"4","2021-04 (OCT)","2021-02","10","OCTOBER,2020","OCTOBER","FMS",,,"50","GOB 2011A CLEAN WATER CLEANUP","100022472","91367","CHECK","PAID","PRC502116V500014",,,"2020-09-30T00:00:00.000","1","1","SC50CO20133919KO","ENVIRONMENTAL CONS




C-133919 EW40071F WESTWOOD NEIGHBORHOOD","ENVIRONMENTAL CONS","0",,"0","0","0","0",,"2020-06-12T00:00:00.000","1",,,,,"CITY",,,,"USD",,"100022472-ENVIRONMENTAL CONSTRUCTION INC"
"7378822","2021","NON_DEPARTMENTAL","ARCADIS U.S. INC","2020-10-09T00:00:00.000","7378.88",,"143256","GENERAL GOVERNMENT","GOVERNMENTAL","CAPITAL PROJECTS","GOB 2009 CLEAN WATER CLEANUP","16T","VERMONT AVENUE STORMWATER CAPTURE AND GREEN STREET PROJECT","50PZAC","EFT26210000004166","SUPPLIES & OTHER SERVICES",,"4","2021-04 (OCT)","2021-02","10","OCTOBER,2020","OCTOBER","FMS",,,"50","GOB 2009 CLEAN WATER CLEANUP","100035931","60693-0626","EFT","PAID","PRC502116T500020",,,"2020-09-24T00:00:00.000","1","2","SC50CO18129644MO","ARCADIS C-129644","ARCADIS CO129644 EW40074A VERMONT","0",,"0","0","0","0",,"2020-11-04T00:00:00.000","23",,,,,"CITY",,,,"USD",,"100035931-ARCADIS U.S. INC"
"7363135","2021","NON_DEPARTMENTAL","CLARKE CONTRACTING CORP","2020-10-23T00:00:00.000","6185.95",,"332897","GENERAL GOVERNMENT","GOVERNMENTAL","CAPITAL PROJECTS","GOB 2011A CLEAN WATER CLEANUP","16V","VERMONT AVENUE STORMWATER CAPTURE AND GREEN STREET PROJECT","50PZAC","EFT26210000004700","IMPROVEMENTS OTHER THAN BUILDINGS",,"4","2021-04 (OCT)","2021-02","10","OCTOBER,2020","OCTOBER","FMS",,,"50","GOB 2011A CLEAN WATER CLEANUP","100005114","90260","EFT","PAID","PRC502116V500018",,,"2020-10-14T00:00:00.000","2","2","SC50CO20135029KO","CLARKE C-135029 EW40075F VERMONT STORMWATER","CLARKE C-135029 EW40075F VERMONT STORMWATER","0",,"0","0","0","0",,"2020-10-21T00:00:00.000","2",,,,,"CITY",,,,"USD",,"100005114-CLARKE CONTRACTING CORP"
"6885099","2021","NON_DEPARTMENTAL","OHL USA INC","2020-09-02T00:00:00.000","441128.6",,"2732354","GENERAL GOVERNMENT","GOVERNMENTAL","CAPITAL PROJECTS","GOB 2009 CLEAN WATER CLEANUP","16T","ARGO DRAIN SUB BASIN FACILITY.1","50LWAF","EFT26210000002544","IMPROVEMENTS OTHER THAN BUILDINGS",,"3","2021-03 (SEP)","2021-01","9","SEPTEMBER,2020","SEPTEMBER","FMS",,,"50","GOB 2009 CLEAN WATER CLEANUP","VC0000014741","92614-7279","EFT","PAID","PRC502116T500008",,,"2020-08-11T00:00:00.000","3","1","SC50CO19131878KO","OHL C-131878 EW40067F ARGO DRAIN","OHL C-131878 EW40067F ARGO DRAIN","0",,"0","0","0","0",,"2020-08-18T00:00:00.000","4",,,,,"CITY",,,,"USD",,"VC0000014741-OHL USA INC"
"6900681","2021","NON_DEPARTMENTAL","ARCADIS U.S. INC","2020-09-02T00:00:00.000","197646.59",,"143256","GENERAL GOVERNMENT","GOVERNMENTAL","CAPITAL PROJECTS","GOB 2009 CLEAN WATER CLEANUP","16T","ARGO DRAIN SUB BASIN FACILITY.1","50LWAF","EFT26210000002542","SUPPLIES & OTHER SERVICES",,"3","2021-03 (SEP)","2021-01","9","SEPTEMBER,2020","SEPTEMBER","FMS",,,"50","GOB 2009 CLEAN WATER CLEANUP","100035931","60693-0626","EFT","PAID","PRC502116T500011",,,"2020-04-09T00:00:00.000","1","1","SC50CO18129644MO","ARCADIS C-129644","ARCADIS C-129644 EW40067F ARGO DRAIN","0",,"0","0","0","0",,"2020-09-15T00:00:00.000","15",,,,,"CITY",,,,"USD",,"100035931-ARCADIS U.S. INC"
"6902827","2021","NON_DEPARTMENTAL","GEOSYNTEC CONSULTANTS/C","2020-09-11T00:00:00.000","100474.02",,"882142","GENERAL GOVERNMENT","GOVERNMENTAL","CAPITAL PROJECTS","GOB 2009 CLEAN WATER CLEANUP","16T","PROP O OPTIMIZATION","50MYAF","AD26210000015057","SUPPLIES & OTHER SERVICES",,"3","2021-03 (SEP)","2021-01","9","SEPTEMBER,2020","SEPTEMBER","FMS",,,"50","GOB 2009 CLEAN WATER CLEANUP","100001208","33487","CHECK","PAID","PRC502116T500013",,,"2020-08-17T00:00:00.000","1","1","SC50CO18124345MO","16V/50SSAU/SN-72/BEN & VICTORY","GEOSYNTEC C-124345 SN-73/OPTIMIZATION","0",,"0","0","0","0",,"2020-05-05T00:00:00.000","1",,,,,"CITY",,,,"USD",,"100001208-GEOSYNTEC CONSULTANTS/C"
"6903722","2021","NON_DEPARTMENTAL","ECOLOGY CONTROL INDUSTRIES INC","2020-09-04T00:00:00.000","65000",,"361776","GENERAL GOVERNMENT","GOVERNMENTAL","CAPITAL PROJECTS","GOB 2011A CLEAN WATER CLEANUP","16V","CATCH BASIN INSERTS / OPENINGS PH IV","50KZAA","AD26210000013883","IMPROVEMENTS OTHER THAN BUILDINGS",,"3","2021-03 (SEP)","2021-01","9","SEPTEMBER,2020","SEPTEMBER","FMS",,,"50","GOB 2011A CLEAN WATER CLEANUP","VC0000029149","90248","CHECK","PAID","PRC502116V500013",,,"2020-08-10T00:00:00.000","1","2","SC50CO18129927MO","SC-ECOLOGY CONTROL INDUSTRIES, CO#129927,CATCH BASIN IV","ECI C-129927 EW40065F CATCH BASIN IV","0",,"0","0","0","0",,"2017-12-11T00:00:00.000","1",,,,,"CITY",,,,"USD",,"VC0000029149-ECOLOGY CONTROL INDUSTRIES INC"
"6903721","2021","NON_DEPARTMENTAL","ECOLOGY CONTROL INDUSTRIES INC","2020-09-04T00:00:00.000","50000",,"361776","GENERAL GOVERNMENT","GOVERNMENTAL","CAPITAL PROJECTS","GOB 2011A CLEAN WATER CLEANUP","16V","CATCH BASIN INSERTS / OPENINGS PH IV","50KZAA","AD26210000013883","IMPROVEMENTS OTHER THAN BUILDINGS",,"3","2021-03 (SEP)","2021-01","9","SEPTEMBER,2020","SEPTEMBER","FMS",,,"50","GOB 2011A CLEAN WATER CLEANUP","VC0000029149","90248","CHECK","PAID","PRC502116V500013",,,"2020-08-11T00:00:00.000","1","1","SC50CO18129927MO","SC-ECOLOGY CONTROL INDUSTRIES, CO#129927,CATCH BASIN IV","ECI C-129927 EW40065F CATCH BASIN IV","0",,"0","0","0","0",,"2017-12-11T00:00:00.000","1",,,,,"CITY",,,,"USD",,"VC0000029149-ECOLOGY CONTROL INDUSTRIES INC"
"6900680","2021","NON_DEPARTMENTAL","ARCADIS U.S. INC","2020-09-17T00:00:00.000","49241.14",,"143256","GENERAL GOVERNMENT","GOVERNMENTAL","CAPITAL PROJECTS","GOB 2009 CLEAN WATER CLEANUP","16T","ARGO DRAIN SUB BASIN FACILITY.1","50LWAF","EFT26210000003123","SUPPLIES & OTHER SERVICES",,"3","2021-03 (SEP)","2021-01","9","SEPTEMBER,2020","SEPTEMBER","FMS",,,"50","GOB 2009 CLEAN WATER CLEANUP","100035931","60693-0626","EFT","PAID","PRC502116T500014",,,"2020-08-25T00:00:00.000","1","1","SC50CO18129644MO","ARCADIS C-129644","ARCADIS C-129644 EW40067F ARGO DRAIN","0",,"0","0","0","0",,"2020-09-15T00:00:00.000","15",,,,,"CITY",,,,"USD",,"100035931-ARCADIS U.S. INC"
"6901812","2021","NON_DEPARTMENTAL","AECOM TECHNICAL SERVICES INC","2020-09-02T00:00:00.000","40240.9",,"50695","GENERAL GOVERNMENT","GOVERNMENTAL","CAPITAL PROJECTS","GOB 2009 CLEAN WATER CLEANUP","16T","ARGO DRAIN SUB BASIN FACILITY.1","50LWAF","EFT26210000002540","SUPPLIES & OTHER SERVICES",,"3","2021-03 (SEP)","2021-01","9","SEPTEMBER,2020","SEPTEMBER","FMS",,,"50","GOB 2009 CLEAN WATER CLEANUP","100032542","60674","EFT","PAID","PRC502116T500010",,,"2020-08-10T00:00:00.000","1","2","SC50CO18129645MO","SC-AECOM,CO#129645, 16T/50LWAF/EW40067F","AECOM C-129645 EW40067F ARGO DRAIN","0",,"0","0","0","0",,"2019-08-12T00:00:00.000","1",,,,,"CITY",,,,"USD",,"100032542-AECOM TECHNICAL SERVICES INC"
"6902822","2021","NON_DEPARTMENTAL","GEOSYNTEC CONSULTANTS/C","2020-09-04T00:00:00.000","35625",,"882142","GENERAL GOVERNMENT","GOVERNMENTAL","CAPITAL PROJECTS","GOB 2011A CLEAN WATER CLEANUP","16V","BEN & VICTORY GREEN STORMWATER INFRASTRUCTURE PROJECT","50SSAU","AD26210000013867","SUPPLIES & OTHER SERVICES",,"3","2021-03 (SEP)","2021-01","9","SEPTEMBER,2020","SEPTEMBER","FMS",,,"50","GOB 2011A CLEAN WATER CLEANUP","100001208","33487","CHECK","PAID","PRC502116V500012",,,"2020-08-13T00:00:00.000","1","1","SC50CO18124345MO","16V/50SSAU/SN-72/BEN & VICTORY","GEOSYNTEC C-124345 SN-72 S4WBVIC BEN & VICTORY","0",,"0","0","0","0",,"2020-05-05T00:00:00.000","2",,,,,"CITY",,,,"USD",,"100001208-GEOSYNTEC CONSULTANTS/C"
"6884984","2021","NON_DEPARTMENTAL","SULLY MILLER CONTRACTING CO","2020-09-08T00:00:00.000","35567.19",,"940327","GENERAL GOVERNMENT","GOVERNMENTAL","CAPITAL PROJECTS","GOB 2009 CLEAN WATER CLEANUP","16T","ALBION RIVERSIDE PARK IMPROVEMENTS","50KXAD","EFT26210000002793","SUPPLIES & OTHER SERVICES",,"3","2021-03 (SEP)","2021-01","9","SEPTEMBER,2020","SEPTEMBER","FMS",,,"50","GOB 2009 CLEAN WATER CLEANUP","100011337","92821","EFT","PAID","PRC502116T500012",,,"2020-09-03T00:00:00.000","1","1","SC50MSACO17129088KO","SULLY-MILLER C-129088","SULLY-MILLER C-129088 EW40060F ALIBION","0",,"0","0","0","0",,"2020-06-19T00:00:00.000","1",,,,,"CITY",,,,"USD",,"100011337-SULLY MILLER CONTRACTING CO"
"6900682","2021","NON_DEPARTMENTAL","ARCADIS U.S. INC","2020-09-18T00:00:00.000","33151.16",,"143256","GENERAL GOVERNMENT","GOVERNMENTAL","CAPITAL PROJECTS","GOB 2009 CLEAN WATER CLEANUP","16T","ARGO DRAIN SUB BASIN FACILITY.1","50LWAF","EFT26210000003147","SUPPLIES & OTHER SERVICES",,"3","2021-03 (SEP)","2021-01","9","SEPTEMBER,2020","SEPTEMBER","FMS",,,"50","GOB 2009 CLEAN WATER CLEANUP","100035931","60693-0626","EFT","PAID","PRC502116T500015",,,"2020-06-30T00:00:00.000","1","1","SC50CO18129644MO","ARCADIS C-129644","ARCADIS C-129644 EW40067F ARGO DRAIN","0",,"0","0","0","0",,"2020-09-15T00:00:00.000","15",,,,,"CITY",,,,"USD",,"100035931-ARCADIS U.S. INC"
"6901813","2021","NON_DEPARTMENTAL","AECOM TECHNICAL SERVICES INC","2020-09-25T00:00:00.000","28388.72",,"50695","GENERAL GOVERNMENT","GOVERNMENTAL","CAPITAL PROJECTS","GOB 2009 CLEAN WATER CLEANUP","16T","ARGO DRAIN SUB BASIN FACILITY.1","50LWAF","EFT26210000003552","SUPPLIES & OTHER SERVICES",,"3","2021-03 (SEP)","2021-01","9","SEPTEMBER,2020","SEPTEMBER","FMS",,,"50","GOB 2009 CLEAN WATER CLEANUP","100032542","60674","EFT","PAID","PRC502116T500016",,,"2020-09-04T00:00:00.000","1","1","SC50CO18129645MO","SC-AECOM,CO#129645, 16T/50LWAF/EW40067F","EW40067F ARGO DRAIN","0",,"0","0","0","0",,"2019-08-12T00:00:00.000","1",,,,,"CITY",,,,"USD",,"100032542-AECOM TECHNICAL SERVICES INC"
"6901708","2021","NON_DEPARTMENTAL","ARCADIS U.S. INC","2020-09-02T00:00:00.000","25160.07",,"143256","GENERAL GOVERNMENT","GOVERNMENTAL","CAPITAL PROJECTS","GOB 2011A CLEAN WATER CLEANUP","16V","WESTWOOD NEIGHBORHOOD GREENWAY PROJECT","50PZAB","EFT26210000002542","SUPPLIES & OTHER SERVICES",,"3","2021-03 (SEP)","2021-01","9","SEPTEMBER,2020","SEPTEMBER","FMS",,,"50","GOB 2011A CLEAN WATER CLEANUP","100035931","60693-0626","EFT","PAID","PRC502116V500010",,,"2020-08-13T00:00:00.000","1","2","SC50CO18129644MO","ARCADIS C-129644","ARCADIS, CO129644 EW40071A WESTWOOD NEIGHBORHOOD","0",,"0","0","0","0",,"2020-09-15T00:00:00.000","19",,,,,"CITY",,,,"USD",,"100035931-ARCADIS U.S. INC"
"6901811","2021","NON_DEPARTMENTAL","AECOM TECHNICAL SERVICES INC","2020-09-02T00:00:00.000","20523.38",,"50695","GENERAL GOVERNMENT","GOVERNMENTAL","CAPITAL PROJECTS","GOB 2009 CLEAN WATER CLEANUP","16T","ARGO DRAIN SUB BASIN FACILITY.1","50LWAF","EFT26210000002540","SUPPLIES & OTHER SERVICES",,"3","2021-03 (SEP)","2021-01","9","SEPTEMBER,2020","SEPTEMBER","FMS",,,"50","GOB 2009 CLEAN WATER CLEANUP","100032542","60674","EFT","PAID","PRC502116T500010",,,"2020-07-02T00:00:00.000","1","1","SC50CO18129645MO","SC-AECOM,CO#129645, 16T/50LWAF/EW40067F","AECOM C-129645 EW40067F ARGO DRAIN","0",,"0","0","0","0",,"2019-08-12T00:00:00.000","1",,,,,"CITY",,,,"USD",,"100032542-AECOM TECHNICAL SERVICES INC"
"6885047","2021","NON_DEPARTMENTAL","ENVIRONMENTAL CONSTRUCTION INC","2020-09-03T00:00:00.000","17812.79",,"2053516","GENERAL GOVERNMENT","GOVERNMENTAL","CAPITAL PROJECTS","GOB 2011A CLEAN WATER CLEANUP","16V","WESTWOOD NEIGHBORHOOD GREENWAY PROJECT","50PZAB","AD26210000013531","IMPROVEMENTS OTHER THAN BUILDINGS",,"3","2021-03 (SEP)","2021-01","9","SEPTEMBER,2020","SEPTEMBER","FMS",,,"50","GOB 2011A CLEAN WATER CLEANUP","100022472","91367","CHECK","PAID","PRC502116V500011",,,"2020-09-02T00:00:00.000","1","1","SC50CO20133919KO","ENVIRONMENTAL CONS


C-133919 EW40071F WESTWOOD NEIGHBORHOOD","ENVIRONMENTAL CONS","0",,"0","0","0","0",,"2020-06-12T00:00:00.000","1",,,,,"CITY",,,,"USD",,"100022472-ENVIRONMENTAL CONSTRUCTION INC"
"6903723","2021","NON_DEPARTMENTAL","ECOLOGY CONTROL INDUSTRIES INC","2020-09-04T00:00:00.000","14000",,"361776","GENERAL GOVERNMENT","GOVERNMENTAL","CAPITAL PROJECTS","GOB 2011A CLEAN WATER CLEANUP","16V","CATCH BASIN INSERTS / OPENINGS PH IV","50KZAA","AD26210000013883","IMPROVEMENTS OTHER THAN BUILDINGS",,"3","2021-03 (SEP)","2021-01","9","SEPTEMBER,2020","SEPTEMBER","FMS",,,"50","GOB 2011A CLEAN WATER CLEANUP","VC0000029149","90248","CHECK","PAID","PRC502116V500013",,,"2020-08-10T00:00:00.000","1","3","SC50CO18129927MO","SC-ECOLOGY CONTROL INDUSTRIES, CO#129927,CATCH BASIN IV","ECI C-129927 EW40065F CATCH BASIN IV","0",,"0","0","0","0",,"2017-12-11T00:00:00.000","1",,,,,"CITY",,,,"USD",,"VC0000029149-ECOLOGY CONTROL INDUSTRIES INC"
"6838170","2021","NON_DEPARTMENTAL","CLARKE CONTRACTING CORP","2020-08-24T00:00:00.000","738831.33",,"332897","GENERAL GOVERNMENT","GOVERNMENTAL","CAPITAL PROJECTS","GOB 2011A CLEAN WATER CLEANUP","16V","VERMONT AVENUE STORMWATER CAPTURE AND GREEN STREET PROJECT","50PZAC","EFT26210000002022","IMPROVEMENTS OTHER THAN BUILDINGS",,"2","2021-02 (AUG)","2021-01","8","AUGUST,2020","AUGUST","FMS",,,"50","GOB 2011A CLEAN WATER CLEANUP","100005114","90260","EFT","PAID","PRC502116V500008",,,"2020-08-17T00:00:00.000","1","2","SC50CO20135029KO","CLARKE C-135029 EW40075F VERMONT STORMWATER","CLARKE C-135029 EW40075F VERMONT STORMWATER","0",,"0","0","0","0",,"2020-06-04T00:00:00.000","1",,,,,"CITY",,,,"USD",,"100005114-CLARKE CONTRACTING CORP"
"6838169","2021","NON_DEPARTMENTAL","CLARKE CONTRACTING CORP","2020-08-24T00:00:00.000","321079.12",,"332897","GENERAL GOVERNMENT","GOVERNMENTAL","CAPITAL PROJECTS","GOB 2011A CLEAN WATER CLEANUP","16V","VERMONT AVENUE STORMWATER CAPTURE AND GREEN STREET PROJECT","50PZAC","EFT26210000002022","IMPROVEMENTS OTHER THAN BUILDINGS",,"2","2021-02 (AUG)","2021-01","8","AUGUST,2020","AUGUST","FMS",,,"50","GOB 2011A CLEAN WATER CLEANUP","100005114","90260","EFT","PAID","PRC502116V500008",,,"2020-06-29T00:00:00.000","1","1","SC50CO20135029KO","CLARKE C-135029 EW40075F VERMONT STORMWATER","CLARKE C-135029 EW40075F VERMONT STORMWATER","0",,"0","0","0","0",,"2020-06-04T00:00:00.000","1",,,,,"CITY",,,,"USD",,"100005114-CLARKE CONTRACTING CORP"
"6838022","2021","NON_DEPARTMENTAL","ENVIRONMENTAL CONSTRUCTION INC","2020-08-04T00:00:00.000","91691.13",,"2053516","GENERAL GOVERNMENT","GOVERNMENTAL","CAPITAL PROJECTS","GOB 2011A CLEAN WATER CLEANUP","16V","WESTWOOD NEIGHBORHOOD GREENWAY PROJECT","50PZAB","AD26210000006452","IMPROVEMENTS OTHER THAN BUILDINGS",,"2","2021-02 (AUG)","2021-01","8","AUGUST,2020","AUGUST","FMS",,,"50","GOB 2011A CLEAN WATER CLEANUP","100022472","91367","CHECK","PAID","PRC502116V500007",,,"2020-07-31T00:00:00.000","1","1","SC50CO20133919KO","ENVIRONMENTAL CONS


C-133919 EW40071F WESTWOOD NEIGHBORHOOD","ENVIRONMENTAL CONSC-133919 EW40071F WESTWOOD NEIGHBORHOOD GREEN","0",,"0","0","0","0",,"2020-06-12T00:00:00.000","1",,,,,"CITY",,,,"USD",,"100022472-ENVIRONMENTAL CONSTRUCTION INC"
"6832779","2021","NON_DEPARTMENTAL","GEOSYNTEC CONSULTANTS/C","2020-08-21T00:00:00.000","61748.15",,"882142","GENERAL GOVERNMENT","GOVERNMENTAL","CAPITAL PROJECTS","GOB 2009 CLEAN WATER CLEANUP","16T","PROP O OPTIMIZATION","50MYAF","AD26210000010489","SUPPLIES & OTHER SERVICES",,"2","2021-02 (AUG)","2021-01","8","AUGUST,2020","AUGUST","FMS",,,"50","GOB 2009 CLEAN WATER CLEANUP","100001208","33487","CHECK","PAID","PRC502116T500007",,,"2020-07-27T00:00:00.000","1","1","SC50CO18124345MO","16V/50SSAU/SN-72/BEN & VICTORY","GEOSYNTEC C-124345 SN73 EWOPTC08 OPTMIZATION","0",,"0","0","0","0",,"2020-05-05T00:00:00.000","1",,,,,"CITY",,,,"USD",,"100001208-GEOSYNTEC CONSULTANTS/C"
"6832788","2021","NON_DEPARTMENTAL","GEOSYNTEC CONSULTANTS/C","2020-08-25T00:00:00.000","40375",,"882142","GENERAL GOVERNMENT","GOVERNMENTAL","CAPITAL PROJECTS","GOB 2011A CLEAN WATER CLEANUP","16V","BEN & VICTORY GREEN STORMWATER INFRASTRUCTURE PROJECT","50SSAU","AD26210000011223","SUPPLIES & OTHER SERVICES",,"2","2021-02 (AUG)","2021-01","8","AUGUST,2020","AUGUST","FMS",,,"50","GOB 2011A CLEAN WATER CLEANUP","100001208","33487","CHECK","PAID","PRC502116V500009",,,"2020-07-15T00:00:00.000","1","1","SC50CO18124345MO","16V/50SSAU/SN-72/BEN & VICTORY","GEOSYNTEC C-124345 SN-72 S04WBVIC BEN & VICOTORY","0",,"0","0","0","0",,"2020-05-05T00:00:00.000","2",,,,,"CITY",,,,"USD",,"100001208-GEOSYNTEC CONSULTANTS/C"
"6837971","2021","NON_DEPARTMENTAL","OHL USA INC","2020-08-31T00:00:00.000","23217.29",,"2732354","GENERAL GOVERNMENT","GOVERNMENTAL","CAPITAL PROJECTS","GOB 2009 CLEAN WATER CLEANUP","16T","ARGO DRAIN SUB BASIN FACILITY.1","50LWAF","AD26210000012581","IMPROVEMENTS OTHER THAN BUILDINGS",,"2","2021-02 (AUG)","2021-01","8","AUGUST,2020","AUGUST","FMS",,,"50","GOB 2009 CLEAN WATER CLEANUP","VC0000014741","90071-2005","CHECK","PAID","PRC502116T500009",,,"2020-08-11T00:00:00.000","4","1","SC50CO19131878KO","OHL C-131878 EW40067F ARGO DRAIN","ESCROW CO131878, OHL EW40067F ARGO DRAIN","0",,"0","0","0","0",,"2020-08-18T00:00:00.000","4",,,,,"CITY",,,,"USD",,"VC0000014741-OHL USA INC"
"6798782","2021","NON_DEPARTMENTAL","OHL USA INC","2020-07-28T00:00:00.000","1086043.13",,"2732354","GENERAL GOVERNMENT","GOVERNMENTAL","CAPITAL PROJECTS","GOB 2009 CLEAN WATER CLEANUP","16T","ARGO DRAIN SUB BASIN FACILITY.1","50LWAF","EFT26210000000966","IMPROVEMENTS OTHER THAN BUILDINGS",,"1","2021-01 (JUL)","2021-01","7","JULY,2020","JULY","FMS",,,"50","GOB 2009 CLEAN WATER CLEANUP","VC0000014741","92614-7279","EFT","PAID","PRC502116T500003",,,"2020-07-06T00:00:00.000","3","1","SC50CO19131878KO","OHL C-131878 EW40067F ARGO DRAIN","ARGO DRAIN, CO#131878 16T/50LWAF","0",,"0","0","0","0",,"2020-07-23T00:00:00.000","4",,,,,"CITY",,,,"USD",,"VC0000014741-OHL USA INC"
"6798854","2021","NON_DEPARTMENTAL","ENVIRONMENTAL CONSTRUCTION INC","2020-07-16T00:00:00.000","219935.01",,"2053516","GENERAL GOVERNMENT","GOVERNMENTAL","CAPITAL PROJECTS","GOB 2011A CLEAN WATER CLEANUP","16V","WESTWOOD NEIGHBORHOOD GREENWAY PROJECT","50PZAB","AD26210000002459","IMPROVEMENTS OTHER THAN BUILDINGS",,"1","2021-01 (JUL)","2021-01","7","JULY,2020","JULY","FMS",,,"50","GOB 2011A CLEAN WATER CLEANUP","100022472","91367","CHECK","PAID","PRC502116V500005",,,"2020-07-14T00:00:00.000","1","1","SC50CO20133919KO","ENVIRONMENTAL CONS


C-133919 EW40071F WESTWOOD NEIGHBORHOOD","ENVIRONMENTAL CONSC-133919 EW40071F WESTWOOD NEIGHBORHOOD GREEN","0",,"0","0","0","0",,"2020-06-12T00:00:00.000","1",,,,,"CITY",,,,"USD",,"100022472-ENVIRONMENTAL CONSTRUCTION INC"
"6795368","2021","NON_DEPARTMENTAL","ARCADIS U.S. INC","2020-07-08T00:00:00.000","199654.84",,"143256","GENERAL GOVERNMENT","GOVERNMENTAL","CAPITAL PROJECTS","GOB 2011A CLEAN WATER CLEANUP","16V","WESTWOOD NEIGHBORHOOD GREENWAY PROJECT","50PZAB","EFT26210000000313","SUPPLIES & OTHER SERVICES",,"1","2021-01 (JUL)","2021-01","7","JULY,2020","JULY","FMS",,,"50","GOB 2011A CLEAN WATER CLEANUP","100035931","60693-0626","EFT","PAID","PRC502116V500001",,,"2020-06-11T00:00:00.000","1","2","SC50CO18129644MO","ARCADIS, CO129644 MACHADO LAKE NTP#25 236,889.00","ARCADIS C-129644","0",,"0","0","0","0",,"2020-03-27T00:00:00.000","19",,,,,"CITY",,,,"USD",,"100035931-ARCADIS U.S. INC"
"6794531","2021","NON_DEPARTMENTAL","GEOSYNTEC CONSULTANTS/C","2020-07-31T00:00:00.000","79478.55",,"882142","GENERAL GOVERNMENT","GOVERNMENTAL","CAPITAL PROJECTS","GOB 2009 CLEAN WATER CLEANUP","16T","PROP O OPTIMIZATION","50MYAF","AD26210000005855","SUPPLIES & OTHER SERVICES",,"1","2021-01 (JUL)","2021-01","7","JULY,2020","JULY","FMS",,,"50","GOB 2009 CLEAN WATER CLEANUP","100001208","33487","CHECK","PAID","PRC502116T500006",,,"2020-07-27T00:00:00.000","1","2","SC50CO18124345MO","16V/50SSAU/SN-72/BEN & VICTORY","GEOSYNTEC C-124345 EWOPTC08 SN-73 OPTIMIZATION","0",,"0","0","0","0",,"2020-05-05T00:00:00.000","1",,,,,"CITY",,,,"USD",,"100001208-GEOSYNTEC CONSULTANTS/C"
"6798783","2021","NON_DEPARTMENTAL","OHL USA INC","2020-07-23T00:00:00.000","57160.17",,"2732354","GENERAL GOVERNMENT","GOVERNMENTAL","CAPITAL PROJECTS","GOB 2009 CLEAN WATER CLEANUP","16T","ARGO DRAIN SUB BASIN FACILITY.1","50LWAF","AD26210000003918","IMPROVEMENTS OTHER THAN BUILDINGS",,"1","2021-01 (JUL)","2021-01","7","JULY,2020","JULY","FMS",,,"50","GOB 2009 CLEAN WATER CLEANUP","VC0000014741","90071-2005","CHECK","PAID","PRC502116T500004",,,"2020-07-06T00:00:00.000","4","1","SC50CO19131878KO","OHL C-131878 EW40067F ARGO DRAIN","OHL CO131878-14 EW40067F ARGO DRAIN ESCROW#397-B/ACCT#231496000","0",,"0","0","0","0",,"2020-07-23T00:00:00.000","4",,,,,"CITY",,,,"USD",,"VC0000014741-OHL USA INC"
"6794530","2021","NON_DEPARTMENTAL","GEOSYNTEC CONSULTANTS/C","2020-07-31T00:00:00.000","55151.02",,"882142","GENERAL GOVERNMENT","GOVERNMENTAL","CAPITAL PROJECTS","GOB 2009 CLEAN WATER CLEANUP","16T","PROP O OPTIMIZATION","50MYAF","AD26210000005855","SUPPLIES & OTHER SERVICES",,"1","2021-01 (JUL)","2021-01","7","JULY,2020","JULY","FMS",,,"50","GOB 2009 CLEAN WATER CLEANUP","100001208","33487","CHECK","PAID","PRC502116T500006",,,"2020-07-27T00:00:00.000","1","1","SC50CO18124345MO","16V/50SSAU/SN-72/BEN & VICTORY","GEOSYNTEC C-124345 EWOPTC08 SN-73 OPTIMIZATION","0",,"0","0","0","0",,"2020-05-05T00:00:00.000","1",,,,,"CITY",,,,"USD",,"100001208-GEOSYNTEC CONSULTANTS/C"
"6794533","2021","NON_DEPARTMENTAL","GEOSYNTEC CONSULTANTS/C","2020-07-15T00:00:00.000","52400",,"882142","GENERAL GOVERNMENT","GOVERNMENTAL","CAPITAL PROJECTS","GOB 2011A CLEAN WATER CLEANUP","16V","BEN & VICTORY GREEN STORMWATER INFRASTRUCTURE PROJECT","50SSAU","AD26210000002165","SUPPLIES & OTHER SERVICES",,"1","2021-01 (JUL)","2021-01","7","JULY,2020","JULY","FMS",,,"50","GOB 2011A CLEAN WATER CLEANUP","100001208","33487","CHECK","PAID","PRC502116V500004",,,"2020-06-15T00:00:00.000","1","1","SC50CO18124345MO","16V/50SSAU/SN-72/BEN & VICTORY","16V/50SSAU/SN-72/BEN & VICTORY","0",,"0","0","0","0",,"2020-05-05T00:00:00.000","2",,,,,"CITY",,,,"USD",,"100001208-GEOSYNTEC CONSULTANTS/C"
"6795369","2021","NON_DEPARTMENTAL","ARCADIS U.S. INC","2020-07-08T00:00:00.000","39391.02",,"143256","GENERAL GOVERNMENT","GOVERNMENTAL","CAPITAL PROJECTS","GOB 2011A CLEAN WATER CLEANUP","16V","WESTWOOD NEIGHBORHOOD GREENWAY PROJECT","50PZAB","EFT26210000000313","SUPPLIES & OTHER SERVICES",,"1","2021-01 (JUL)","2021-01","7","JULY,2020","JULY","FMS",,,"50","GOB 2011A CLEAN WATER CLEANUP","100035931","60693-0626","EFT","PAID","PRC502116V500001",,,"2020-06-12T00:00:00.000","1","1","SC50CO18129644MO","ARCADIS, CO129644 MACHADO LAKE NTP#25 236,889.00","ARCADIS C-129644","0",,"0","0","0","0",,"2020-03-27T00:00:00.000","19",,,,,"CITY",,,,"USD",,"100035931-ARCADIS U.S. INC"
"6794312","2021","NON_DEPARTMENTAL","ARCADIS U.S. INC","2020-07-09T00:00:00.000","26982.38",,"143256","GENERAL GOVERNMENT","GOVERNMENTAL","CAPITAL PROJECTS","GOB 2009 CLEAN WATER CLEANUP","16T","VERMONT AVENUE STORMWATER CAPTURE AND GREEN STREET PROJECT","50PZAC","EFT26210000000338","SUPPLIES & OTHER SERVICES",,"1","2021-01 (JUL)","2021-01","7","JULY,2020","JULY","FMS",,,"50","GOB 2009 CLEAN WATER CLEANUP","100035931","60693-0626","EFT","PAID","PRC502116T500002",,,"2020-06-29T00:00:00.000","1","1","SC50CO18129644MO","ARCADIS, CO129644 MACHADO LAKE NTP#25 236,889.00","ARCADIS C-129644 EW40075A VERMONT II","0",,"0","0","0","0",,"2020-03-27T00:00:00.000","23",,,,,"CITY",,,,"USD",,"100035931-ARCADIS U.S. INC"
"6793714","2021","NON_DEPARTMENTAL","ECOLOGY CONTROL INDUSTRIES INC","2020-07-06T00:00:00.000","25000",,"361776","GENERAL GOVERNMENT","GOVERNMENTAL","CAPITAL PROJECTS","GOB 2011A CLEAN WATER CLEANUP","16V","CATCH BASIN INSERTS / OPENINGS PH IV","50KZAA","AD26210000000528","IMPROVEMENTS OTHER THAN BUILDINGS",,"1","2021-01 (JUL)","2021-01","7","JULY,2020","JULY","FMS",,,"50","GOB 2011A CLEAN WATER CLEANUP","VC0000029149","90248","CHECK","PAID","PRC502116V500002",,,"2020-06-18T00:00:00.000","1","1","SC50CO18129927MO","SC-ECOLOGY CONTROL INDUSTRIES, CO#129927,CATCH BASIN IV","CATCH BASIN IV INSERTS, C#129927,16V/50KZAA,EW40065F","0",,"0","0","0","0",,"2017-12-11T00:00:00.000","1",,,,,"CITY",,,,"USD",,"VC0000029149-ECOLOGY CONTROL INDUSTRIES INC"
"6795283","2021","NON_DEPARTMENTAL","AECOM TECHNICAL SERVICES INC","2020-07-08T00:00:00.000","21818.25",,"50695","GENERAL GOVERNMENT","GOVERNMENTAL","CAPITAL PROJECTS","GOB 2009 CLEAN WATER CLEANUP","16T","ARGO DRAIN SUB BASIN FACILITY.1","50LWAF","EFT26210000000311","SUPPLIES & OTHER SERVICES",,"1","2021-01 (JUL)","2021-01","7","JULY,2020","JULY","FMS",,,"50","GOB 2009 CLEAN WATER CLEANUP","100032542","60674","EFT","PAID","PRC502116T500001",,,"2020-06-12T00:00:00.000","1","1","SC50CO18129645MO","SC-AECOM,CO#129645, 16T/50LWAF/EW40067F","AECOM,CO-129645 TSO-10","0",,"0","0","0","0",,"2019-08-12T00:00:00.000","1",,,,,"CITY",,,,"USD",,"100032542-AECOM TECHNICAL SERVICES INC"
"6793715","2021","NON_DEPARTMENTAL","ECOLOGY CONTROL INDUSTRIES INC","2020-07-24T00:00:00.000","21735.76",,"361776","GENERAL GOVERNMENT","GOVERNMENTAL","CAPITAL PROJECTS","GOB 2011A CLEAN WATER CLEANUP","16V","CATCH BASIN INSERTS / OPENINGS PH IV","50KZAA","AD26210000004119","IMPROVEMENTS OTHER THAN BUILDINGS",,"1","2021-01 (JUL)","2021-01","7","JULY,2020","JULY","FMS",,,"50","GOB 2011A CLEAN WATER CLEANUP","VC0000029149","90248","CHECK","PAID","PRC502116V500006",,,"2020-07-13T00:00:00.000","1","2","SC50CO18129927MO","SC-ECOLOGY CONTROL INDUSTRIES, CO#129927,CATCH BASIN IV","ECI C-129927 EW40065F CATCH BASIN IV","0",,"0","0","0","0",,"2017-12-11T00:00:00.000","1",,,,,"CITY",,,,"USD",,"VC0000029149-ECOLOGY CONTROL INDUSTRIES INC"
"6795370","2021","NON_DEPARTMENTAL","ARCADIS U.S. INC","2020-07-15T00:00:00.000","20938.88",,"143256","GENERAL GOVERNMENT","GOVERNMENTAL","CAPITAL PROJECTS","GOB 2011A CLEAN WATER CLEANUP","16V","WESTWOOD NEIGHBORHOOD GREENWAY PROJECT","50PZAB","EFT26210000000701","SUPPLIES & OTHER SERVICES",,"1","2021-01 (JUL)","2021-01","7","JULY,2020","JULY","FMS",,,"50","GOB 2011A CLEAN WATER CLEANUP","100035931","60693-0626","EFT","PAID","PRC502116V500003",,,"2020-06-30T00:00:00.000","1","1","SC50CO18129644MO","ARCADIS, CO129644 MACHADO LAKE NTP#25 236,889.00","ARCADIS C-129644 EW40071A WESTWOOD","0",,"0","0","0","0",,"2020-03-27T00:00:00.000","19",,,,,"CITY",,,,"USD",,"100035931-ARCADIS U.S. INC"
"6793713","2021","NON_DEPARTMENTAL","ECOLOGY CONTROL INDUSTRIES INC","2020-07-06T00:00:00.000","7256.54",,"361776","GENERAL GOVERNMENT","GOVERNMENTAL","CAPITAL PROJECTS","GOB 2011A CLEAN WATER CLEANUP","16V","CATCH BASIN INSERTS / OPENINGS PH IV","50KZAA","AD26210000000528","IMPROVEMENTS OTHER THAN BUILDINGS",,"1","2021-01 (JUL)","2021-01","7","JULY,2020","JULY","FMS",,,"50","GOB 2011A CLEAN WATER CLEANUP","VC0000029149","90248","CHECK","PAID","PRC502116V500002",,,"2020-06-18T00:00:00.000","1","2","SC50CO18129927MO","SC-ECOLOGY CONTROL INDUSTRIES, CO#129927,CATCH BASIN IV","CATCH BASIN IV INSERTS, C#129927,16V/50KZAA,EW40065F","0",,"0","0","0","0",,"2017-12-11T00:00:00.000","1",,,,,"CITY",,,,"USD",,"VC0000029149-ECOLOGY CONTROL INDUSTRIES INC"
"6793712","2021","NON_DEPARTMENTAL","ECOLOGY CONTROL INDUSTRIES INC","2020-07-06T00:00:00.000","6000",,"361776","GENERAL GOVERNMENT","GOVERNMENTAL","CAPITAL PROJECTS","GOB 2011A CLEAN WATER CLEANUP","16V","CATCH BASIN INSERTS / OPENINGS PH IV","50KZAA","AD26210000000528","IMPROVEMENTS OTHER THAN BUILDINGS",,"1","2021-01 (JUL)","2021-01","7","JULY,2020","JULY","FMS",,,"50","GOB 2011A CLEAN WATER CLEANUP","VC0000029149","90248","CHECK","PAID","PRC502116V500002",,,"2020-06-23T00:00:00.000","1","3","SC50CO18129927MO","SC-ECOLOGY CONTROL INDUSTRIES, CO#129927,CATCH BASIN IV","CATCH BASIN IV INSERTS, C#129927,16V/50KZAA,EW40065F","0",,"0","0","0","0",,"2017-12-11T00:00:00.000","1",,,,,"CITY",,,,"USD",,"VC0000029149-ECOLOGY CONTROL INDUSTRIES INC"
"6793716","2021","NON_DEPARTMENTAL","ECOLOGY CONTROL INDUSTRIES INC","2020-07-24T00:00:00.000","6000",,"361776","GENERAL GOVERNMENT","GOVERNMENTAL","CAPITAL PROJECTS","GOB 2011A CLEAN WATER CLEANUP","16V","CATCH BASIN INSERTS / OPENINGS PH IV","50KZAA","AD26210000004119","IMPROVEMENTS OTHER THAN BUILDINGS",,"1","2021-01 (JUL)","2021-01","7","JULY,2020","JULY","FMS",,,"50","GOB 2011A CLEAN WATER CLEANUP","VC0000029149","90248","CHECK","PAID","PRC502116V500006",,,"2020-07-13T00:00:00.000","1","1","SC50CO18129927MO","SC-ECOLOGY CONTROL INDUSTRIES, CO#129927,CATCH BASIN IV","ECI C-129927 EW40065F CATCH BASIN IV","0",,"0","0","0","0",,"2017-12-11T00:00:00.000","1",,,,,"CITY",,,,"USD",,"VC0000029149-ECOLOGY CONTROL INDUSTRIES INC"
"6796037","2021","NON_DEPARTMENTAL","TETRA TECH INC","2020-07-24T00:00:00.000","1720",,"697684","GENERAL GOVERNMENT","GOVERNMENTAL","CAPITAL PROJECTS","GOB 2009 CLEAN WATER CLEANUP","16T","ALISO CREEK-LIMEKILN CREEK RESTORATION","50KYAG","EFT26210000000866","SUPPLIES & OTHER SERVICES",,"1","2021-01 (JUL)","2021-01","7","JULY,2020","JULY","FMS",,,"50","GOB 2009 CLEAN WATER CLEANUP","100001158","80291-1967","EFT","PAID","PRC502116T500005",,,"2020-07-17T00:00:00.000","1","1","SC50CO18129660M","SC-TETRA TECH, CO#129660


TOS#11,NTP#4","TETRA TECH CO-129660 TOS-11 EW40062D ALISO CREEK LIMEKILN","0",,"0","0","0","0",,"2020-06-17T00:00:00.000","8",,,,,"CITY",,,,"USD",,"100001158-TETRA TECH INC"
"6740626","2020","NON_DEPARTMENTAL","OHL USA INC","2020-06-24T00:00:00.000","1016042.04",,"2732354","GENERAL GOVERNMENT","GOVERNMENTAL","CAPITAL PROJECTS","GOB 2009 CLEAN WATER CLEANUP","16T","ARGO DRAIN SUB BASIN FACILITY.1","50LWAF","EFT26200000013528","IMPROVEMENTS OTHER THAN BUILDINGS",,"12","2020-12 (JUN)","2020-04","6","JUNE,2020","JUNE","FMS",,,"50","GOB 2009 CLEAN WATER CLEANUP","VC0000014741","92614-7279","EFT","PAID","PRC502016T500036",,,"2020-06-17T00:00:00.000","3","1","SC50CO19131878KO","OHL C-131878 EW40067F ARGO DRAIN","OHL C-131878 EW40067F ARGO DRAIN","0",,"0","0","0","0",,"2020-06-23T00:00:00.000","4",,,,,"CITY",,,,"USD",,"VC0000014741-OHL USA INC"
"6732648","2020","NON_DEPARTMENTAL","CLARKE CONTRACTING CORP","2020-06-04T00:00:00.000","531493",,"332897","GENERAL GOVERNMENT","GOVERNMENTAL","CAPITAL PROJECTS","GOB 2011A CLEAN WATER CLEANUP","16V","VERMONT AVENUE STORMWATER CAPTURE AND GREEN STREET PROJECT","50PZAC","EFT26200000012595","IMPROVEMENTS OTHER THAN BUILDINGS",,"12","2020-12 (JUN)","2020-04","6","JUNE,2020","JUNE","FMS",,,"50","GOB 2011A CLEAN WATER CLEANUP","100005114","90260","EFT","PAID","PRC502016V500063",,,"2020-05-26T00:00:00.000","1","1","SC50CO20135029KO","CLARKE C-135029 EW40075F VERMONT STORMWATER","CLARKE C-135029 EW40075F VERMONT STORMWATER","0",,"0","0","0","0",,"2020-06-04T00:00:00.000","1",,,,,"CITY",,,,"USD",,"100005114-CLARKE CONTRACTING CORP"
"6711875","2020","NON_DEPARTMENTAL","ENVIRONMENTAL CONSTRUCTION INC","2020-06-12T00:00:00.000","472108.24",,"2053516","GENERAL GOVERNMENT","GOVERNMENTAL","CAPITAL PROJECTS","GOB 2011A CLEAN WATER CLEANUP","16V","WESTWOOD NEIGHBORHOOD GREENWAY PROJECT","50PZAB","AD26200000098034","IMPROVEMENTS OTHER THAN BUILDINGS",,"12","2020-12 (JUN)","2020-04","6","JUNE,2020","JUNE","FMS",,,"50","GOB 2011A CLEAN WATER CLEANUP","100022472","91367","CHECK","PAID","PRC502016V500065",,,"2020-06-10T00:00:00.000","1","1","SC50CO20133919KO","ENVIRONMENTAL CONS


C-133919 EW40071F WESTWOOD NEIGHBORHOOD","ENVIRONMENTAL CONSC-133919 EW40071F WESTWOOD NEIGHBORHOOD GREEN","0",,"0","0","0","0",,"2020-06-12T00:00:00.000","1",,,,,"CITY",,,,"USD",,"100022472-ENVIRONMENTAL CONSTRUCTION INC"
"6733121","2020","NON_DEPARTMENTAL","SULLY MILLER CONTRACTING CO","2020-06-22T00:00:00.000","248322.25",,"940327","GENERAL GOVERNMENT","GOVERNMENTAL","CAPITAL PROJECTS","GOB 2011A CLEAN WATER CLEANUP","16V","ALBION RIVERSIDE PARK IMPROVEMENTS","50KXAD","EFT26200000013351","SUPPLIES & OTHER SERVICES",,"12","2020-12 (JUN)","2020-04","6","JUNE,2020","JUNE","FMS",,,"50","GOB 2011A CLEAN WATER CLEANUP","100011337","92821","EFT","PAID","PRC502016V500066",,,"2020-05-21T00:00:00.000","2","3","SC50MSACO17129088KO","SULLY-MILLER C-129088","16V/50/50KXADALBION, CO#55,56,63,67,68,69,71","0",,"0","0","0","0",,"2020-06-19T00:00:00.000","2",,,,,"CITY",,,,"USD",,"100011337-SULLY MILLER CONTRACTING CO"
"6723060","2020","NON_DEPARTMENTAL","OHL USA INC","2020-06-09T00:00:00.000","227314",,"2732354","GENERAL GOVERNMENT","GOVERNMENTAL","CAPITAL PROJECTS","GOB 2009 CLEAN WATER CLEANUP","16T","ARGO DRAIN SUB BASIN FACILITY.1","50LWAF","EFT26200000012696","IMPROVEMENTS OTHER THAN BUILDINGS",,"12","2020-12 (JUN)","2020-04","6","JUNE,2020","JUNE","FMS",,,"50","GOB 2009 CLEAN WATER CLEANUP","VC0000014741","92614-7279","EFT","PAID","PRC502016T500034",,,"2020-05-19T00:00:00.000","4","2","SC50CO19131878KO","OHL C-131878 EW40067F ARGO DRAIN","OHL C-131878 EW40067F ARGO DRAIN","0",,"0","0","0","0",,"2020-06-23T00:00:00.000","5",,,,,"CITY",,,,"USD",,"VC0000014741-OHL USA INC"
"6723061","2020","NON_DEPARTMENTAL","OHL USA INC","2020-06-09T00:00:00.000","210152.53",,"2732354","GENERAL GOVERNMENT","GOVERNMENTAL","CAPITAL PROJECTS","GOB 2009 CLEAN WATER CLEANUP","16T","ARGO DRAIN SUB BASIN FACILITY.1","50LWAF","EFT26200000012696","IMPROVEMENTS OTHER THAN BUILDINGS",,"12","2020-12 (JUN)","2020-04","6","JUNE,2020","JUNE","FMS",,,"50","GOB 2009 CLEAN WATER CLEANUP","VC0000014741","92614-7279","EFT","PAID","PRC502016T500034",,,"2020-05-19T00:00:00.000","3","1","SC50CO19131878KO","OHL C-131878 EW40067F ARGO DRAIN","ARGO DRAIN, CO#131878 16T/50LWAF","0",,"0","0","0","0",,"2020-06-23T00:00:00.000","4",,,,,"CITY",,,,"USD",,"VC0000014741-OHL USA INC"
"6725879","2020","NON_DEPARTMENTAL","ECOLOGY CONTROL INDUSTRIES INC","2020-06-15T00:00:00.000","99425.81",,"361776","GENERAL GOVERNMENT","GOVERNMENTAL","CAPITAL PROJECTS","GOB 2011A CLEAN WATER CLEANUP","16V","CATCH BASIN INSERTS / OPENINGS PH IV","50KZAA","AD26200000098359","IMPROVEMENTS OTHER THAN BUILDINGS",,"12","2020-12 (JUN)","2020-04","6","JUNE,2020","JUNE","FMS",,,"50","GOB 2011A CLEAN WATER CLEANUP","VC0000029149","90248","CHECK","PAID","PRC502016V500064",,,"2020-05-19T00:00:00.000","1","7","SC50CO18129927MO","SC-ECOLOGY CONTROL INDUSTRIES, CO#129927,CATCH BASIN IV","CATCH BASIN IV INSERTS, C#129927,16V/50KZAA,EW40065F","0",,"0","0","0","0",,"2017-12-11T00:00:00.000","1",,,,,"CITY",,,,"USD",,"VC0000029149-ECOLOGY CONTROL INDUSTRIES INC"
"6733122","2020","NON_DEPARTMENTAL","SULLY MILLER CONTRACTING CO","2020-06-22T00:00:00.000","81247.05",,"940327","GENERAL GOVERNMENT","GOVERNMENTAL","CAPITAL PROJECTS","GOB 2009 CLEAN WATER CLEANUP","16T","ALBION RIVERSIDE PARK IMPROVEMENTS","50KXAD","EFT26200000013351","SUPPLIES & OTHER SERVICES",,"12","2020-12 (JUN)","2020-04","6","JUNE,2020","JUNE","FMS",,,"50","GOB 2009 CLEAN WATER CLEANUP","100011337","92821","EFT","PAID","PRC502016V500066",,,"2020-05-21T00:00:00.000","1","1","SC50MSACO17129088KO","SULLY-MILLER C-129088","ALBION RIVERSIDE, EMERGENCY CHG ORDER#007=$1,251,539.00EW40060F,BR DTD 5/252018","0",,"0","0","0","0",,"2020-06-19T00:00:00.000","1",,,,,"CITY",,,,"USD",,"100011337-SULLY MILLER CONTRACTING CO"
"6742807","2020","NON_DEPARTMENTAL","OHL USA INC","2020-06-24T00:00:00.000","53475.9",,"2732354","GENERAL GOVERNMENT","GOVERNMENTAL","CAPITAL PROJECTS","GOB 2009 CLEAN WATER CLEANUP","16T","ARGO DRAIN SUB BASIN FACILITY.1","50LWAF","AD26200000101952","IMPROVEMENTS OTHER THAN BUILDINGS",,"12","2020-12 (JUN)","2020-04","6","JUNE,2020","JUNE","FMS",,,"50","GOB 2009 CLEAN WATER CLEANUP","VC0000014741","90071-2005","CHECK","PAID","PRC502016T500037",,,"2020-06-17T00:00:00.000","4","1","SC50CO19131878KO","OHL C-131878 EW40067F ARGO DRAIN","OHL C-131878 EW40067F ARGO DRAIN","0",,"0","0","0","0",,"2020-06-23T00:00:00.000","4",,,,,"CITY",,,,"USD",,"VC0000014741-OHL USA INC"
"6712009","2020","NON_DEPARTMENTAL","ECOLOGY CONTROL INDUSTRIES INC","2020-06-04T00:00:00.000","39774.44",,"361776","GENERAL GOVERNMENT","GOVERNMENTAL","CAPITAL PROJECTS","GOB 2011A CLEAN WATER CLEANUP","16V","CATCH BASIN INSERTS / OPENINGS PH IV","50KZAA","AD26200000095865","IMPROVEMENTS OTHER THAN BUILDINGS",,"12","2020-12 (JUN)","2020-04","6","JUNE,2020","JUNE","FMS",,,"50","GOB 2011A CLEAN WATER CLEANUP","VC0000029149","90248","CHECK","PAID","PRC502016V500062",,,"2020-05-28T00:00:00.000","1","3","SC50CO18129927MO","SC-ECOLOGY CONTROL INDUSTRIES, CO#129927,CATCH BASIN IV","ECI C-129927 EW40065F CATCH BASIN IV","0",,"0","0","0","0",,"2017-12-11T00:00:00.000","1",,,,,"CITY",,,,"USD",,"VC0000029149-ECOLOGY CONTROL INDUSTRIES INC"
"6712010","2020","NON_DEPARTMENTAL","ECOLOGY CONTROL INDUSTRIES INC","2020-06-04T00:00:00.000","23894.63",,"361776","GENERAL GOVERNMENT","GOVERNMENTAL","CAPITAL PROJECTS","GOB 2011A CLEAN WATER CLEANUP","16V","CATCH BASIN INSERTS / OPENINGS PH IV","50KZAA","AD26200000095865","IMPROVEMENTS OTHER THAN BUILDINGS",,"12","2020-12 (JUN)","2020-04","6","JUNE,2020","JUNE","FMS",,,"50","GOB 2011A CLEAN WATER CLEANUP","VC0000029149","90248","CHECK","PAID","PRC502016V500062",,,"2020-05-21T00:00:00.000","1","2","SC50CO18129927MO","SC-ECOLOGY CONTROL INDUSTRIES, CO#129927,CATCH BASIN IV","ECI C-129927 EW40065F CATCH BASIN IV","0",,"0","0","0","0",,"2017-12-11T00:00:00.000","1",,,,,"CITY",,,,"USD",,"VC0000029149-ECOLOGY CONTROL INDUSTRIES INC"
"6732220","2020","NON_DEPARTMENTAL","OHL USA INC","2020-06-05T00:00:00.000","23024.56",,"2732354","GENERAL GOVERNMENT","GOVERNMENTAL","CAPITAL PROJECTS","GOB 2009 CLEAN WATER CLEANUP","16T","ARGO DRAIN SUB BASIN FACILITY.1","50LWAF","AD26200000096252","IMPROVEMENTS OTHER THAN BUILDINGS",,"12","2020-12 (JUN)","2020-04","6","JUNE,2020","JUNE","FMS",,,"50","GOB 2009 CLEAN WATER CLEANUP","VC0000014741","90071-2005","CHECK","PAID","PRC502016T500035",,,"2020-05-19T00:00:00.000","5","1","SC50CO19131878KO","OHL C-131878 EW40067F ARGO DRAIN","ARGO DRAIN, CO#131878 16T/50LWAF","0",,"0","0","0","0",,"2020-06-23T00:00:00.000","4",,,,,"CITY",,,,"USD",,"VC0000014741-OHL USA INC"
"6712011","2020","NON_DEPARTMENTAL","ECOLOGY CONTROL INDUSTRIES INC","2020-06-04T00:00:00.000","19855.2",,"361776","GENERAL GOVERNMENT","GOVERNMENTAL","CAPITAL PROJECTS","GOB 2011A CLEAN WATER CLEANUP","16V","CATCH BASIN INSERTS / OPENINGS PH IV","50KZAA","AD26200000095865","IMPROVEMENTS OTHER THAN BUILDINGS",,"12","2020-12 (JUN)","2020-04","6","JUNE,2020","JUNE","FMS",,,"50","GOB 2011A CLEAN WATER CLEANUP","VC0000029149","90248","CHECK","PAID","PRC502016V500062",,,"2020-05-28T00:00:00.000","1","1","SC50CO18129927MO","SC-ECOLOGY CONTROL INDUSTRIES, CO#129927,CATCH BASIN IV","ECI C-129927 EW40065F CATCH BASIN IV","0",,"0","0","0","0",,"2017-12-11T00:00:00.000","1",,,,,"CITY",,,,"USD",,"VC0000029149-ECOLOGY CONTROL INDUSTRIES INC"
"6725881","2020","NON_DEPARTMENTAL","ECOLOGY CONTROL INDUSTRIES INC","2020-06-15T00:00:00.000","18667.77",,"361776","GENERAL GOVERNMENT","GOVERNMENTAL","CAPITAL PROJECTS","GOB 2011A CLEAN WATER CLEANUP","16V","CATCH BASIN INSERTS / OPENINGS PH IV","50KZAA","AD26200000098359","IMPROVEMENTS OTHER THAN BUILDINGS",,"12","2020-12 (JUN)","2020-04","6","JUNE,2020","JUNE","FMS",,,"50","GOB 2011A CLEAN WATER CLEANUP","VC0000029149","90248","CHECK","PAID","PRC502016V500064",,,"2020-06-01T00:00:00.000","1","5","SC50CO18129927MO","SC-ECOLOGY CONTROL INDUSTRIES, CO#129927,CATCH BASIN IV","CATCH BASIN IV INSERTS, C#129927,16V/50KZAA,EW40065F","0",,"0","0","0","0",,"2017-12-11T00:00:00.000","1",,,,,"CITY",,,,"USD",,"VC0000029149-ECOLOGY CONTROL INDUSTRIES INC"
"6725878","2020","NON_DEPARTMENTAL","ECOLOGY CONTROL INDUSTRIES INC","2020-06-15T00:00:00.000","16871.46",,"361776","GENERAL GOVERNMENT","GOVERNMENTAL","CAPITAL PROJECTS","GOB 2011A CLEAN WATER CLEANUP","16V","CATCH BASIN INSERTS / OPENINGS PH IV","50KZAA","AD26200000098359","IMPROVEMENTS OTHER THAN BUILDINGS",,"12","2020-12 (JUN)","2020-04","6","JUNE,2020","JUNE","FMS",,,"50","GOB 2011A CLEAN WATER CLEANUP","VC0000029149","90248","CHECK","PAID","PRC502016V500064",,,"2020-06-01T00:00:00.000","1","8","SC50CO18129927MO","SC-ECOLOGY CONTROL INDUSTRIES, CO#129927,CATCH BASIN IV","CATCH BASIN IV INSERTS, C#129927,16V/50KZAA,EW40065F","0",,"0","0","0","0",,"2017-12-11T00:00:00.000","1",,,,,"CITY",,,,"USD",,"VC0000029149-ECOLOGY CONTROL INDUSTRIES INC"
"6725884","2020","NON_DEPARTMENTAL","ECOLOGY CONTROL INDUSTRIES INC","2020-06-15T00:00:00.000","12301.13",,"361776","GENERAL GOVERNMENT","GOVERNMENTAL","CAPITAL PROJECTS","GOB 2011A CLEAN WATER CLEANUP","16V","CATCH BASIN INSERTS / OPENINGS PH IV","50KZAA","AD26200000098359","IMPROVEMENTS OTHER THAN BUILDINGS",,"12","2020-12 (JUN)","2020-04","6","JUNE,2020","JUNE","FMS",,,"50","GOB 2011A CLEAN WATER CLEANUP","VC0000029149","90248","CHECK","PAID","PRC502016V500064",,,"2020-05-27T00:00:00.000","1","2","SC50CO18129927MO","SC-ECOLOGY CONTROL INDUSTRIES, CO#129927,CATCH BASIN IV","CATCH BASIN IV INSERTS, C#129927,16V/50KZAA,EW40065F","0",,"0","0","0","0",,"2017-12-11T00:00:00.000","1",,,,,"CITY",,,,"USD",,"VC0000029149-ECOLOGY CONTROL INDUSTRIES INC"
"6725883","2020","NON_DEPARTMENTAL","ECOLOGY CONTROL INDUSTRIES INC","2020-06-15T00:00:00.000","11732.59",,"361776","GENERAL GOVERNMENT","GOVERNMENTAL","CAPITAL PROJECTS","GOB 2011A CLEAN WATER CLEANUP","16V","CATCH BASIN INSERTS / OPENINGS PH IV","50KZAA","AD26200000098359","IMPROVEMENTS OTHER THAN BUILDINGS",,"12","2020-12 (JUN)","2020-04","6","JUNE,2020","JUNE","FMS",,,"50","GOB 2011A CLEAN WATER CLEANUP","VC0000029149","90248","CHECK","PAID","PRC502016V500064",,,"2020-05-27T00:00:00.000","1","3","SC50CO18129927MO","SC-ECOLOGY CONTROL INDUSTRIES, CO#129927,CATCH BASIN IV","CATCH BASIN IV INSERTS, C#129927,16V/50KZAA,EW40065F","0",,"0","0","0","0",,"2017-12-11T00:00:00.000","1",,,,,"CITY",,,,"USD",,"VC0000029149-ECOLOGY CONTROL INDUSTRIES INC"
"6712484","2020","NON_DEPARTMENTAL","SULLY MILLER CONTRACTING CO","2020-06-22T00:00:00.000","6763",,"940327","GENERAL GOVERNMENT","GOVERNMENTAL","CAPITAL PROJECTS","GOB 2011A CLEAN WATER CLEANUP","16V","ALBION RIVERSIDE PARK IMPROVEMENTS","50KXAD","EFT26200000013351","SUPPLIES & OTHER SERVICES",,"12","2020-12 (JUN)","2020-04","6","JUNE,2020","JUNE","FMS",,,"50","GOB 2011A CLEAN WATER CLEANUP","100011337","92821","EFT","PAID","PRC502016V500066",,,"2020-05-21T00:00:00.000","1","2","SC50MSACO17129088KO","SULLY-MILLER C-129088","C-129088 ALIBION","0",,"0","0","0","0",,"2020-06-19T00:00:00.000","1",,,,,"CITY",,,,"USD",,"100011337-SULLY MILLER CONTRACTING CO"
"6725880","2020","NON_DEPARTMENTAL","ECOLOGY CONTROL INDUSTRIES INC","2020-06-15T00:00:00.000","5190.35",,"361776","GENERAL GOVERNMENT","GOVERNMENTAL","CAPITAL PROJECTS","GOB 2011A CLEAN WATER CLEANUP","16V","CATCH BASIN INSERTS / OPENINGS PH IV","50KZAA","AD26200000098359","IMPROVEMENTS OTHER THAN BUILDINGS",,"12","2020-12 (JUN)","2020-04","6","JUNE,2020","JUNE","FMS",,,"50","GOB 2011A CLEAN WATER CLEANUP","VC0000029149","90248","CHECK","PAID","PRC502016V500064",,,"2020-06-02T00:00:00.000","1","6","SC50CO18129927MO","SC-ECOLOGY CONTROL INDUSTRIES, CO#129927,CATCH BASIN IV","CATCH BASIN IV INSERTS, C#129927,16V/50KZAA,EW40065F","0",,"0","0","0","0",,"2017-12-11T00:00:00.000","1",,,,,"CITY",,,,"USD",,"VC0000029149-ECOLOGY CONTROL INDUSTRIES INC"
"6725882","2020","NON_DEPARTMENTAL","ECOLOGY CONTROL INDUSTRIES INC","2020-06-15T00:00:00.000","2732.81",,"361776","GENERAL GOVERNMENT","GOVERNMENTAL","CAPITAL PROJECTS","GOB 2011A CLEAN WATER CLEANUP","16V","CATCH BASIN INSERTS / OPENINGS PH IV","50KZAA","AD26200000098359","IMPROVEMENTS OTHER THAN BUILDINGS",,"12","2020-12 (JUN)","2020-04","6","JUNE,2020","JUNE","FMS",,,"50","GOB 2011A CLEAN WATER CLEANUP","VC0000029149","90248","CHECK","PAID","PRC502016V500064",,,"2020-06-01T00:00:00.000","1","4","SC50CO18129927MO","SC-ECOLOGY CONTROL INDUSTRIES, CO#129927,CATCH BASIN IV","CATCH BASIN IV INSERTS, C#129927,16V/50KZAA,EW40065F","0",,"0","0","0","0",,"2017-12-11T00:00:00.000","1",,,,,"CITY",,,,"USD",,"VC0000029149-ECOLOGY CONTROL INDUSTRIES INC"
"6725885","2020","NON_DEPARTMENTAL","ECOLOGY CONTROL INDUSTRIES INC","2020-06-15T00:00:00.000","1064",,"361776","GENERAL GOVERNMENT","GOVERNMENTAL","CAPITAL PROJECTS","GOB 2011A CLEAN WATER CLEANUP","16V","CATCH BASIN INSERTS / OPENINGS PH IV","50KZAA","AD26200000098359","IMPROVEMENTS OTHER THAN BUILDINGS",,"12","2020-12 (JUN)","2020-04","6","JUNE,2020","JUNE","FMS",,,"50","GOB 2011A CLEAN WATER CLEANUP","VC0000029149","90248","CHECK","PAID","PRC502016V500064",,,"2020-06-02T00:00:00.000","1","1","SC50CO18129927MO","SC-ECOLOGY CONTROL INDUSTRIES, CO#129927,CATCH BASIN IV","CATCH BASIN IV INSERTS, C#129927,16V/50KZAA,EW40065F","0",,"0","0","0","0",,"2017-12-11T00:00:00.000","1",,,,,"CITY",,,,"USD",,"VC0000029149-ECOLOGY CONTROL INDUSTRIES INC"
"6686098","2020","NON_DEPARTMENTAL","OHL USA INC","2020-05-11T00:00:00.000","560051.42",,"2732354","GENERAL GOVERNMENT","GOVERNMENTAL","CAPITAL PROJECTS","GOB 2009 CLEAN WATER CLEANUP","16T","ARGO DRAIN SUB BASIN FACILITY.1","50LWAF","EFT26200000011522","IMPROVEMENTS OTHER THAN BUILDINGS",,"11","2020-11 (MAY)","2020-04","5","MAY,2020","MAY","FMS",,,"50","GOB 2009 CLEAN WATER CLEANUP","VC0000014741","92614-7279","EFT","PAID","PRC502016T500031",,,"2020-04-23T00:00:00.000","3","1","SC50CO19131878KO","OHL USA INC-CO#131878, ARGO","OHL C-131878-18 EW40067F. ARGO DRAIN","0",,"0","0","0","0",,"2020-05-05T00:00:00.000","4",,,,,"CITY",,,,"USD",,"VC0000014741-OHL USA INC"
"6689810","2020","NON_DEPARTMENTAL","GEOSYNTEC CONSULTANTS/C","2020-05-06T00:00:00.000","494878",,"882142","GENERAL GOVERNMENT","GOVERNMENTAL","CAPITAL PROJECTS","GOB 2011A CLEAN WATER CLEANUP","16V","BEN & VICTORY GREEN STORMWATER INFRASTRUCTURE PROJECT","50SSAU","AD26200000088243","SUPPLIES & OTHER SERVICES",,"11","2020-11 (MAY)","2020-04","5","MAY,2020","MAY","FMS",,,"50","GOB 2011A CLEAN WATER CLEANUP","100001208","33487","CHECK","PAID","PRC502016V500053",,,"2020-04-02T00:00:00.000","1","1","SC50CO18124345MO","16V/50SSAU/SN-72/BEN & VICTORY","GEOSYNTEC C-124345 SN-72 S04WBVIC BEN & VICTORY GREEN S","0",,"0","0","0","0",,"2020-05-05T00:00:00.000","2",,,,,"CITY",,,,"USD",,"100001208-GEOSYNTEC CONSULTANTS/C"
"6686097","2020","NON_DEPARTMENTAL","OHL USA INC","2020-05-01T00:00:00.000","381153.98",,"2732354","GENERAL GOVERNMENT","GOVERNMENTAL","CAPITAL PROJECTS","GOB 2009 CLEAN WATER CLEANUP","16T","ARGO DRAIN SUB BASIN FACILITY.1","50LWAF","EFT26200000011110","IMPROVEMENTS OTHER THAN BUILDINGS",,"11","2020-11 (MAY)","2020-04","5","MAY,2020","MAY","FMS",,,"50","GOB 2009 CLEAN WATER CLEANUP","VC0000014741","92614-7279","EFT","PAID","PRC502016T500027",,,"2020-04-08T00:00:00.000","3","1","SC50CO19131878KO","OHL USA INC-CO#131878, ARGO","OHL C-CO131878-17 EW40067F ARGO DRAIN","0",,"0","0","0","0",,"2020-05-05T00:00:00.000","4",,,,,"CITY",,,,"USD",,"VC0000014741-OHL USA INC"
"6688797","2020","NON_DEPARTMENTAL","ENVIRONMENTAL CONSTRUCTION INC","2020-05-08T00:00:00.000","317818.64",,"2053516","GENERAL GOVERNMENT","GOVERNMENTAL","CAPITAL PROJECTS","GOB 2011A CLEAN WATER CLEANUP","16V","WESTWOOD NEIGHBORHOOD GREENWAY PROJECT","50PZAB","AD26200000088910","IMPROVEMENTS OTHER THAN BUILDINGS",,"11","2020-11 (MAY)","2020-04","5","MAY,2020","MAY","FMS",,,"50","GOB 2011A CLEAN WATER CLEANUP","100022472","91367","CHECK","PAID","PRC502016V500054",,,"2020-05-05T00:00:00.000","1","1","SC50CO20133919KO","ENVIRONMENTAL CONS


C-133919 EW40071F","ENVIRONMENTAL","0",,"0","0","0","0",,"2020-05-07T00:00:00.000","1",,,,,"CITY",,,,"USD",,"100022472-ENVIRONMENTAL CONSTRUCTION INC"
"6695910","2020","NON_DEPARTMENTAL","ARCADIS U.S. INC","2020-05-29T00:00:00.000","119347.55",,"143256","GENERAL GOVERNMENT","GOVERNMENTAL","CAPITAL PROJECTS","GOB 2009 CLEAN WATER CLEANUP","16T","ARGO DRAIN SUB BASIN FACILITY.1","50LWAF","EFT26200000012231","SUPPLIES & OTHER SERVICES",,"11","2020-11 (MAY)","2020-04","5","MAY,2020","MAY","FMS",,,"50","GOB 2009 CLEAN WATER CLEANUP","100035931","60693-0626","EFT","PAID","PRC502016V500061",,,"2020-05-22T00:00:00.000","1","2","SC50CO18129644MO","ARCADIS, CO129644 MACHADO LAKE NTP#25 236,889.00","ARCADIS CO129644 EW40067F ARGO DRAIN","0",,"0","0","0","0",,"2020-03-27T00:00:00.000","15",,,,,"CITY",,,,"USD",,"100035931-ARCADIS U.S. INC"
"6693227","2020","NON_DEPARTMENTAL","ARCADIS U.S. INC","2020-05-01T00:00:00.000","76702.52",,"143256","GENERAL GOVERNMENT","GOVERNMENTAL","CAPITAL PROJECTS","GOB 2011A CLEAN WATER CLEANUP","16V","WESTWOOD NEIGHBORHOOD GREENWAY PROJECT","50PZAB","EFT26200000011109","SUPPLIES & OTHER SERVICES",,"11","2020-11 (MAY)","2020-04","5","MAY,2020","MAY","FMS",,,"50","GOB 2011A CLEAN WATER CLEANUP","100035931","60693-0626","EFT","PAID","PRC502016V500052",,,"2019-10-28T00:00:00.000","1","1","SC50CO18129644MO","ARCADIS, CO129644 MACHADO LAKE NTP#25 236,889.00","ARCADIS C-129644 EW40071A WESWOOD","0",,"0","0","0","0",,"2020-03-27T00:00:00.000","19",,,,,"CITY",,,,"USD",,"100035931-ARCADIS U.S. INC"
"6693015","2020","NON_DEPARTMENTAL","AECOM TECHNICAL SERVICES INC","2020-05-08T00:00:00.000","52908.68",,"50695","GENERAL GOVERNMENT","GOVERNMENTAL","CAPITAL PROJECTS","GOB 2009 CLEAN WATER CLEANUP","16T","ARGO DRAIN SUB BASIN FACILITY.1","50LWAF","EFT26200000011495","SUPPLIES & OTHER SERVICES",,"11","2020-11 (MAY)","2020-04","5","MAY,2020","MAY","FMS",,,"50","GOB 2009 CLEAN WATER CLEANUP","100032542","60674","EFT","PAID","PRC502016T500029",,,"2020-04-13T00:00:00.000","1","1","SC50CO18129645MO","SC-AECOM,CO#129645, 16T/50LWAF/EW40067F","AECOM CO-129645 EW40067F ARGO DRAIN TOS#10","0",,"0","0","0","0",,"2019-08-12T00:00:00.000","1",,,,,"CITY",,,,"USD",,"100032542-AECOM TECHNICAL SERVICES INC"
"6689809","2020","NON_DEPARTMENTAL","GEOSYNTEC CONSULTANTS/C","2020-05-29T00:00:00.000","51510",,"882142","GENERAL GOVERNMENT","GOVERNMENTAL","CAPITAL PROJECTS","GOB 2011A CLEAN WATER CLEANUP","16V","BEN & VICTORY GREEN STORMWATER INFRASTRUCTURE PROJECT","50SSAU","AD26200000094450","SUPPLIES & OTHER SERVICES",,"11","2020-11 (MAY)","2020-04","5","MAY,2020","MAY","FMS",,,"50","GOB 2011A CLEAN WATER CLEANUP","100001208","33487","CHECK","PAID","PRC502016V500059",,,"2020-05-13T00:00:00.000","1","1","SC50CO18124345MO","16V/50SSAU/SN-72/BEN & VICTORY","GEOSYNTEC C124345 SN-72 S04WBVIC BEN & VICTORY","0",,"0","0","0","0",,"2020-05-05T00:00:00.000","2",,,,,"CITY",,,,"USD",,"100001208-GEOSYNTEC CONSULTANTS/C"
"6689800","2020","NON_DEPARTMENTAL","GEOSYNTEC CONSULTANTS/C","2020-05-01T00:00:00.000","42422.44",,"882142","GENERAL GOVERNMENT","GOVERNMENTAL","CAPITAL PROJECTS","GOB 2009 CLEAN WATER CLEANUP","16T","PROP O OPTIMIZATION","50MYAF","AD26200000087237","SUPPLIES & OTHER SERVICES",,"11","2020-11 (MAY)","2020-04","5","MAY,2020","MAY","FMS",,,"50","GOB 2009 CLEAN WATER CLEANUP","100001208","33487","CHECK","PAID","PRC502016T500030",,,"2020-04-29T00:00:00.000","1","1","SC50CO18124345MO","16V/50SSAU/SN-72/BEN & VICTORY","GEOSYNTEC C-124345 SN-73 EWOPTC08 OPTIMIZATION","0",,"0","0","0","0",,"2020-05-05T00:00:00.000","1",,,,,"CITY",,,,"USD",,"100001208-GEOSYNTEC CONSULTANTS/C"
"6693016","2020","NON_DEPARTMENTAL","AECOM TECHNICAL SERVICES INC","2020-05-27T00:00:00.000","34215.43",,"50695","GENERAL GOVERNMENT","GOVERNMENTAL","CAPITAL PROJECTS","GOB 2009 CLEAN WATER CLEANUP","16T","ARGO DRAIN SUB BASIN FACILITY.1","50LWAF","EFT26200000012159","SUPPLIES & OTHER SERVICES",,"11","2020-11 (MAY)","2020-04","5","MAY,2020","MAY","FMS",,,"50","GOB 2009 CLEAN WATER CLEANUP","100032542","60674","EFT","PAID","PRC502016T500033",,,"2020-05-13T00:00:00.000","1","1","SC50CO18129645MO","SC-AECOM,CO#129645, 16T/50LWAF/EW40067F","AECOM C-129645 EW40067F ARGO GRAIN","0",,"0","0","0","0",,"2019-08-12T00:00:00.000","1",,,,,"CITY",,,,"USD",,"100032542-AECOM TECHNICAL SERVICES INC"
"6686099","2020","NON_DEPARTMENTAL","OHL USA INC","2020-05-06T00:00:00.000","29476.39",,"2732354","GENERAL GOVERNMENT","GOVERNMENTAL","CAPITAL PROJECTS","GOB 2009 CLEAN WATER CLEANUP","16T","ARGO DRAIN SUB BASIN FACILITY.1","50LWAF","AD26200000088258","IMPROVEMENTS OTHER THAN BUILDINGS",,"11","2020-11 (MAY)","2020-04","5","MAY,2020","MAY","FMS",,,"50","GOB 2009 CLEAN WATER CLEANUP","VC0000014741","90071-2005","CHECK","PAID","PRC502016T500032",,,"2020-04-23T00:00:00.000","4","1","SC50CO19131878KO","OHL USA INC-CO#131878, ARGO","ARGO DRAIN, CO#131878 16T/50LWAF","0",,"0","0","0","0",,"2020-05-05T00:00:00.000","4",,,,,"CITY",,,,"USD",,"VC0000014741-OHL USA INC"
"6684825","2020","NON_DEPARTMENTAL","ECOLOGY CONTROL INDUSTRIES INC","2020-05-19T00:00:00.000","27587.86",,"361776","GENERAL GOVERNMENT","GOVERNMENTAL","CAPITAL PROJECTS","GOB 2011A CLEAN WATER CLEANUP","16V","CATCH BASIN INSERTS / OPENINGS PH IV","50KZAA","AD26200000091234","IMPROVEMENTS OTHER THAN BUILDINGS",,"11","2020-11 (MAY)","2020-04","5","MAY,2020","MAY","FMS",,,"50","GOB 2011A CLEAN WATER CLEANUP","VC0000029149","90248","CHECK","PAID","PRC502016V500055",,,"2020-05-13T00:00:00.000","1","2","SC50CO18129927MO","SC-ECOLOGY CONTROL INDUSTRIES, CO#129927,CATCH BASIN IV","CATCH BASIN IV INSERTS, C#129927,16V/50KZAA,EW40065F","0",,"0","0","0","0",,"2017-12-11T00:00:00.000","1",,,,,"CITY",,,,"USD",,"VC0000029149-ECOLOGY CONTROL INDUSTRIES INC"
"6684827","2020","NON_DEPARTMENTAL","ECOLOGY CONTROL INDUSTRIES INC","2020-05-19T00:00:00.000","26430.2",,"361776","GENERAL GOVERNMENT","GOVERNMENTAL","CAPITAL PROJECTS","GOB 2011A CLEAN WATER CLEANUP","16V","CATCH BASIN INSERTS / OPENINGS PH IV","50KZAA","AD26200000091234","IMPROVEMENTS OTHER THAN BUILDINGS",,"11","2020-11 (MAY)","2020-04","5","MAY,2020","MAY","FMS",,,"50","GOB 2011A CLEAN WATER CLEANUP","VC0000029149","90248","CHECK","PAID","PRC502016V500055",,,"2020-05-13T00:00:00.000","1","4","SC50CO18129927MO","SC-ECOLOGY CONTROL INDUSTRIES, CO#129927,CATCH BASIN IV","CATCH BASIN IV INSERTS, C#129927,16V/50KZAA,EW40065F","0",,"0","0","0","0",,"2017-12-11T00:00:00.000","1",,,,,"CITY",,,,"USD",,"VC0000029149-ECOLOGY CONTROL INDUSTRIES INC"
"6685590","2020","NON_DEPARTMENTAL","ARCADIS U.S. INC","2020-05-20T00:00:00.000","15878.49",,"143256","GENERAL GOVERNMENT","GOVERNMENTAL","CAPITAL PROJECTS","GOB 2011A CLEAN WATER CLEANUP","16V","ALBION RIVERSIDE PARK IMPROVEMENTS","50KXAD","EFT26200000012004","SUPPLIES & OTHER SERVICES",,"11","2020-11 (MAY)","2020-04","5","MAY,2020","MAY","FMS",,,"50","GOB 2011A CLEAN WATER CLEANUP","100035931","60693-0626","EFT","PAID","PRC502016V500056",,,"2020-04-09T00:00:00.000","1","1","SC50CO18129644MO","ARCADIS, CO129644 MACHADO LAKE NTP#25 236,889.00","ARCADIS, CO129644 EW40060F ALBION RIVERSIDE PARK","0",,"0","0","0","0",,"2020-03-27T00:00:00.000","17",,,,,"CITY",,,,"USD",,"100035931-ARCADIS U.S. INC"
"6684829","2020","NON_DEPARTMENTAL","ECOLOGY CONTROL INDUSTRIES INC","2020-05-21T00:00:00.000","15858.91",,"361776","GENERAL GOVERNMENT","GOVERNMENTAL","CAPITAL PROJECTS","GOB 2011A CLEAN WATER CLEANUP","16V","CATCH BASIN INSERTS / OPENINGS PH IV","50KZAA","AD26200000091920","IMPROVEMENTS OTHER THAN BUILDINGS",,"11","2020-11 (MAY)","2020-04","5","MAY,2020","MAY","FMS",,,"50","GOB 2011A CLEAN WATER CLEANUP","VC0000029149","90248","CHECK","PAID","PRC502016V500058",,,"2020-05-13T00:00:00.000","1","2","SC50CO18129927MO","SC-ECOLOGY CONTROL INDUSTRIES, CO#129927,CATCH BASIN IV","CATCH BASIN IV INSERTS, C#129927,16V/50KZAA,EW40065F","0",,"0","0","0","0",,"2017-12-11T00:00:00.000","1",,,,,"CITY",,,,"USD",,"VC0000029149-ECOLOGY CONTROL INDUSTRIES INC"
"6684830","2020","NON_DEPARTMENTAL","ECOLOGY CONTROL INDUSTRIES INC","2020-05-21T00:00:00.000","11381.42",,"361776","GENERAL GOVERNMENT","GOVERNMENTAL","CAPITAL PROJECTS","GOB 2011A CLEAN WATER CLEANUP","16V","CATCH BASIN INSERTS / OPENINGS PH IV","50KZAA","AD26200000091920","IMPROVEMENTS OTHER THAN BUILDINGS",,"11","2020-11 (MAY)","2020-04","5","MAY,2020","MAY","FMS",,,"50","GOB 2011A CLEAN WATER CLEANUP","VC0000029149","90248","CHECK","PAID","PRC502016V500057",,,"2020-05-18T00:00:00.000","1","1","SC50CO18129927MO","SC-ECOLOGY CONTROL INDUSTRIES, CO#129927,CATCH BASIN IV","CATCH BASIN IV INSERTS, C#129927,16V/50KZAA,EW40065F","0",,"0","0","0","0",,"2017-12-11T00:00:00.000","1",,,,,"CITY",,,,"USD",,"VC0000029149-ECOLOGY CONTROL INDUSTRIES INC"
"6684824","2020","NON_DEPARTMENTAL","ECOLOGY CONTROL INDUSTRIES INC","2020-05-19T00:00:00.000","10000",,"361776","GENERAL GOVERNMENT","GOVERNMENTAL","CAPITAL PROJECTS","GOB 2011A CLEAN WATER CLEANUP","16V","CATCH BASIN INSERTS / OPENINGS PH IV","50KZAA","AD26200000091234","IMPROVEMENTS OTHER THAN BUILDINGS",,"11","2020-11 (MAY)","2020-04","5","MAY,2020","MAY","FMS",,,"50","GOB 2011A CLEAN WATER CLEANUP","VC0000029149","90248","CHECK","PAID","PRC502016V500055",,,"2020-05-13T00:00:00.000","1","1","SC50CO18129927MO","SC-ECOLOGY CONTROL INDUSTRIES, CO#129927,CATCH BASIN IV","CATCH BASIN IV INSERTS, C#129927,16V/50KZAA,EW40065F","0",,"0","0","0","0",,"2017-12-11T00:00:00.000","1",,,,,"CITY",,,,"USD",,"VC0000029149-ECOLOGY CONTROL INDUSTRIES INC"
"6685589","2020","NON_DEPARTMENTAL","ARCADIS U.S. INC","2020-05-29T00:00:00.000","3402",,"143256","GENERAL GOVERNMENT","GOVERNMENTAL","CAPITAL PROJECTS","GOB 2011A CLEAN WATER CLEANUP","16V","ALBION RIVERSIDE PARK IMPROVEMENTS","50KXAD","EFT26200000012231","SUPPLIES & OTHER SERVICES",,"11","2020-11 (MAY)","2020-04","5","MAY,2020","MAY","FMS",,,"50","GOB 2011A CLEAN WATER CLEANUP","100035931","60693-0626","EFT","PAID","PRC502016V500060",,,"2020-05-22T00:00:00.000","1","1","SC50CO18129644MO","ARCADIS, CO129644 MACHADO LAKE NTP#25 236,889.00","ARCADIS CO129644 EW40060F ALBION RIVERSIDE PARK","0",,"0","0","0","0",,"2020-03-27T00:00:00.000","17",,,,,"CITY",,,,"USD",,"100035931-ARCADIS U.S. INC"
"6684828","2020","NON_DEPARTMENTAL","ECOLOGY CONTROL INDUSTRIES INC","2020-05-19T00:00:00.000","795.3",,"361776","GENERAL GOVERNMENT","GOVERNMENTAL","CAPITAL PROJECTS","GOB 2011A CLEAN WATER CLEANUP","16V","CATCH BASIN INSERTS / OPENINGS PH IV","50KZAA","AD26200000091234","IMPROVEMENTS OTHER THAN BUILDINGS",,"11","2020-11 (MAY)","2020-04","5","MAY,2020","MAY","FMS",,,"50","GOB 2011A CLEAN WATER CLEANUP","VC0000029149","90248","CHECK","PAID","PRC502016V500055",,,"2020-05-13T00:00:00.000","1","5","SC50CO18129927MO","SC-ECOLOGY CONTROL INDUSTRIES, CO#129927,CATCH BASIN IV","CATCH BASIN IV INSERTS, C#129927,16V/50KZAA,EW40065F","0",,"0","0","0","0",,"2017-12-11T00:00:00.000","1",,,,,"CITY",,,,"USD",,"VC0000029149-ECOLOGY CONTROL INDUSTRIES INC"
"6684826","2020","NON_DEPARTMENTAL","ECOLOGY CONTROL INDUSTRIES INC","2020-05-19T00:00:00.000","795.3",,"361776","GENERAL GOVERNMENT","GOVERNMENTAL","CAPITAL PROJECTS","GOB 2011A CLEAN WATER CLEANUP","16V","CATCH BASIN INSERTS / OPENINGS PH IV","50KZAA","AD26200000091234","IMPROVEMENTS OTHER THAN BUILDINGS",,"11","2020-11 (MAY)","2020-04","5","MAY,2020","MAY","FMS",,,"50","GOB 2011A CLEAN WATER CLEANUP","VC0000029149","90248","CHECK","PAID","PRC502016V500055",,,"2020-05-13T00:00:00.000","1","3","SC50CO18129927MO","SC-ECOLOGY CONTROL INDUSTRIES, CO#129927,CATCH BASIN IV","CATCH BASIN IV INSERTS, C#129927,16V/50KZAA,EW40065F","0",,"0","0","0","0",,"2017-12-11T00:00:00.000","1",,,,,"CITY",,,,"USD",,"VC0000029149-ECOLOGY CONTROL INDUSTRIES INC"
"6573805","2020","NON_DEPARTMENTAL","ENVIRONMENTAL CONSTRUCTION INC","2020-04-15T00:00:00.000","129852.38",,"2053516","GENERAL GOVERNMENT","GOVERNMENTAL","CAPITAL PROJECTS","GOB 2011A CLEAN WATER CLEANUP","16V","WESTWOOD NEIGHBORHOOD GREENWAY PROJECT","50PZAB","AD26200000082997","IMPROVEMENTS OTHER THAN BUILDINGS",,"10","2020-10 (APR)","2020-04","4","APRIL,2020","APRIL","FMS",,,"50","GOB 2011A CLEAN WATER CLEANUP","100022472","91367","CHECK","PAID","PRC502016V500043",,,"2020-04-06T00:00:00.000","1","1","SC50CO20133919KO","ENVIRONMENTAL CONS


C-133919 EW40071F","ENVIRONMENTAL CONS","0",,"0","0","0","0",,"2020-03-18T00:00:00.000","1",,,,,"CITY",,,,"USD",,"100022472-ENVIRONMENTAL CONSTRUCTION INC"
"6567597","2020","NON_DEPARTMENTAL","GEOSYNTEC CONSULTANTS/C","2020-04-24T00:00:00.000","108624.42",,"882142","GENERAL GOVERNMENT","GOVERNMENTAL","CAPITAL PROJECTS","GOB 2009 CLEAN WATER CLEANUP","16T","PROP O OPTIMIZATION","50MYAF","AD26200000085603","SUPPLIES & OTHER SERVICES",,"10","2020-10 (APR)","2020-04","4","APRIL,2020","APRIL","FMS",,,"50","GOB 2009 CLEAN WATER CLEANUP","100001208","33487","CHECK","PAID","PRC502016T500026",,,"2020-04-01T00:00:00.000","1","1","SC50CO18124345MO","16V/50SSAU/SN-72/BEN & VICTORY","GEOSYNTEC C124345 EWOPTC08 SN-73 OPTIMIZATION","0",,"0","0","0","0",,"2020-02-11T00:00:00.000","1",,,,,"CITY",,,,"USD",,"100001208-GEOSYNTEC CONSULTANTS/C"
"6569897","2020","NON_DEPARTMENTAL","ARCADIS U.S. INC","2020-04-13T00:00:00.000","106801.59",,"143256","GENERAL GOVERNMENT","GOVERNMENTAL","CAPITAL PROJECTS","GOB 2011A CLEAN WATER CLEANUP","16V","MACHADO LAKE ECOSYSTEM REHAB","50HWAA","EFT26200000010392","SUPPLIES & OTHER SERVICES",,"10","2020-10 (APR)","2020-04","4","APRIL,2020","APRIL","FMS",,,"50","GOB 2011A CLEAN WATER CLEANUP","100035931","60693-0626","EFT","PAID","PRC502016V500039",,,"2020-03-23T00:00:00.000","1","1","SC50CO18129644MO","ARCADIS, CO129644 MACHADO LAKE NTP#25 236,889.00","ARCADIS CO129644 EW40073B","0",,"0","0","0","0",,"2020-03-27T00:00:00.000","24",,,,,"CITY",,,,"USD",,"100035931-ARCADIS U.S. INC"
"6570178","2020","NON_DEPARTMENTAL","ECOLOGY CONTROL INDUSTRIES INC","2020-04-09T00:00:00.000","25932.35",,"361776","GENERAL GOVERNMENT","GOVERNMENTAL","CAPITAL PROJECTS","GOB 2011A CLEAN WATER CLEANUP","16V","CATCH BASIN INSERTS / OPENINGS PH IV","50KZAA","AD26200000081937","IMPROVEMENTS OTHER THAN BUILDINGS",,"10","2020-10 (APR)","2020-04","4","APRIL,2020","APRIL","FMS",,,"50","GOB 2011A CLEAN WATER CLEANUP","VC0000029149","90248","CHECK","PAID","PRC502016V500041",,,"2020-04-06T00:00:00.000","1","2","SC50CO18129927MO","SC-ECOLOGY CONTROL INDUSTRIES, CO#129927,CATCH BASIN IV","CATCH BASIN IV INSERTS, C#129927,16V/50KZAA,EW40065F","0",,"0","0","0","0",,"2017-12-11T00:00:00.000","1",,,,,"CITY",,,,"USD",,"VC0000029149-ECOLOGY CONTROL INDUSTRIES INC"
"6570181","2020","NON_DEPARTMENTAL","ECOLOGY CONTROL INDUSTRIES INC","2020-04-21T00:00:00.000","23183.45",,"361776","GENERAL GOVERNMENT","GOVERNMENTAL","CAPITAL PROJECTS","GOB 2011A CLEAN WATER CLEANUP","16V","CATCH BASIN INSERTS / OPENINGS PH IV","50KZAA","AD26200000084504","IMPROVEMENTS OTHER THAN BUILDINGS",,"10","2020-10 (APR)","2020-04","4","APRIL,2020","APRIL","FMS",,,"50","GOB 2011A CLEAN WATER CLEANUP","VC0000029149","90248","CHECK","PAID","PRC502016V500045",,,"2020-04-06T00:00:00.000","1","2","SC50CO18129927MO","SC-ECOLOGY CONTROL INDUSTRIES, CO#129927,CATCH BASIN IV","ECI C-129927 EW40065F CATCH BASIN IV","0",,"0","0","0","0",,"2017-12-11T00:00:00.000","1",,,,,"CITY",,,,"USD",,"VC0000029149-ECOLOGY CONTROL INDUSTRIES INC"
"6570180","2020","NON_DEPARTMENTAL","ECOLOGY CONTROL INDUSTRIES INC","2020-04-10T00:00:00.000","20417.75",,"361776","GENERAL GOVERNMENT","GOVERNMENTAL","CAPITAL PROJECTS","GOB 2011A CLEAN WATER CLEANUP","16V","CATCH BASIN INSERTS / OPENINGS PH IV","50KZAA","AD26200000082233","IMPROVEMENTS OTHER THAN BUILDINGS",,"10","2020-10 (APR)","2020-04","4","APRIL,2020","APRIL","FMS",,,"50","GOB 2011A CLEAN WATER CLEANUP","VC0000029149","90248","CHECK","PAID","PRC502016V500042",,,"2020-03-02T00:00:00.000","1","1","SC50CO18129927MO","SC-ECOLOGY CONTROL INDUSTRIES, CO#129927,CATCH BASIN IV","CATCH BASIN IV INSERTS, C#129927,16V/50KZAA,EW40065F","0",,"0","0","0","0",,"2017-12-11T00:00:00.000","1",,,,,"CITY",,,,"USD",,"VC0000029149-ECOLOGY CONTROL INDUSTRIES INC"
"6573821","2020","NON_DEPARTMENTAL","OHL USA INC","2020-04-29T00:00:00.000","20060.74",,"2732354","GENERAL GOVERNMENT","GOVERNMENTAL","CAPITAL PROJECTS","GOB 2009 CLEAN WATER CLEANUP","16T","ARGO DRAIN SUB BASIN FACILITY.1","50LWAF","AD26200000086504","IMPROVEMENTS OTHER THAN BUILDINGS",,"10","2020-10 (APR)","2020-04","4","APRIL,2020","APRIL","FMS",,,"50","GOB 2009 CLEAN WATER CLEANUP","VC0000014741","90071-2005","CHECK","PAID","PRC502016T500028",,,"2020-04-08T00:00:00.000","4","1","SC50CO19131878KO","OHL USA INC-CO#131878, ARGO","ESCROW CO131878, OHL EW40067F ARGO DRAIN","0",,"0","0","0","0",,"2020-04-27T00:00:00.000","4",,,,,"CITY",,,,"USD",,"VC0000014741-OHL USA INC"
"6570182","2020","NON_DEPARTMENTAL","ECOLOGY CONTROL INDUSTRIES INC","2020-04-21T00:00:00.000","10000",,"361776","GENERAL GOVERNMENT","GOVERNMENTAL","CAPITAL PROJECTS","GOB 2011A CLEAN WATER CLEANUP","16V","CATCH BASIN INSERTS / OPENINGS PH IV","50KZAA","AD26200000084504","IMPROVEMENTS OTHER THAN BUILDINGS",,"10","2020-10 (APR)","2020-04","4","APRIL,2020","APRIL","FMS",,,"50","GOB 2011A CLEAN WATER CLEANUP","VC0000029149","90248","CHECK","PAID","PRC502016V500049",,,"2020-04-13T00:00:00.000","1","6","SC50CO18129927MO","SC-ECOLOGY CONTROL INDUSTRIES, CO#129927,CATCH BASIN IV","ECI C-129927 EW40065F CATCH BASIN IV","0",,"0","0","0","0",,"2017-12-11T00:00:00.000","1",,,,,"CITY",,,,"USD",,"VC0000029149-ECOLOGY CONTROL INDUSTRIES INC"
"6570179","2020","NON_DEPARTMENTAL","ECOLOGY CONTROL INDUSTRIES INC","2020-04-21T00:00:00.000","9100.87",,"361776","GENERAL GOVERNMENT","GOVERNMENTAL","CAPITAL PROJECTS","GOB 2011A CLEAN WATER CLEANUP","16V","CATCH BASIN INSERTS / OPENINGS PH IV","50KZAA","AD26200000084504","IMPROVEMENTS OTHER THAN BUILDINGS",,"10","2020-10 (APR)","2020-04","4","APRIL,2020","APRIL","FMS",,,"50","GOB 2011A CLEAN WATER CLEANUP","VC0000029149","90248","CHECK","PAID","PRC502016V500047",,,"2020-04-09T00:00:00.000","1","4","SC50CO18129927MO","SC-ECOLOGY CONTROL INDUSTRIES, CO#129927,CATCH BASIN IV","CATCH BASIN IV INSERTS, C#129927,16V/50KZAA,EW40065F","0",,"0","0","0","0",,"2017-12-11T00:00:00.000","1",,,,,"CITY",,,,"USD",,"VC0000029149-ECOLOGY CONTROL INDUSTRIES INC"
"6570176","2020","NON_DEPARTMENTAL","ECOLOGY CONTROL INDUSTRIES INC","2020-04-21T00:00:00.000","8867.94",,"361776","GENERAL GOVERNMENT","GOVERNMENTAL","CAPITAL PROJECTS","GOB 2011A CLEAN WATER CLEANUP","16V","CATCH BASIN INSERTS / OPENINGS PH IV","50KZAA","AD26200000084504","IMPROVEMENTS OTHER THAN BUILDINGS",,"10","2020-10 (APR)","2020-04","4","APRIL,2020","APRIL","FMS",,,"50","GOB 2011A CLEAN WATER CLEANUP","VC0000029149","90248","CHECK","PAID","PRC502016V500048",,,"2020-04-09T00:00:00.000","1","5","SC50CO18129927MO","SC-ECOLOGY CONTROL INDUSTRIES, CO#129927,CATCH BASIN IV","ECI C-129927 EW40065F CATCH BASIN IV","0",,"0","0","0","0",,"2017-12-11T00:00:00.000","1",,,,,"CITY",,,,"USD",,"VC0000029149-ECOLOGY CONTROL INDUSTRIES INC"
"6570185","2020","NON_DEPARTMENTAL","ECOLOGY CONTROL INDUSTRIES INC","2020-04-29T00:00:00.000","5133.59",,"361776","GENERAL GOVERNMENT","GOVERNMENTAL","CAPITAL PROJECTS","GOB 2011A CLEAN WATER CLEANUP","16V","CATCH BASIN INSERTS / OPENINGS PH IV","50KZAA","AD26200000086684","IMPROVEMENTS OTHER THAN BUILDINGS",,"10","2020-10 (APR)","2020-04","4","APRIL,2020","APRIL","FMS",,,"50","GOB 2011A CLEAN WATER CLEANUP","VC0000029149","90248","CHECK","PAID","PRC502016V500051",,,"2020-04-22T00:00:00.000","1","1","SC50CO18129927MO","SC-ECOLOGY CONTROL INDUSTRIES, CO#129927,CATCH BASIN IV","CATCH BASIN IV INSERTS, C#129927,16V/50KZAA,EW40065F","0",,"0","0","0","0",,"2017-12-11T00:00:00.000","1",,,,,"CITY",,,,"USD",,"VC0000029149-ECOLOGY CONTROL INDUSTRIES INC"
"6570177","2020","NON_DEPARTMENTAL","ECOLOGY CONTROL INDUSTRIES INC","2020-04-21T00:00:00.000","2591.81",,"361776","GENERAL GOVERNMENT","GOVERNMENTAL","CAPITAL PROJECTS","GOB 2011A CLEAN WATER CLEANUP","16V","CATCH BASIN INSERTS / OPENINGS PH IV","50KZAA","AD26200000084504","IMPROVEMENTS OTHER THAN BUILDINGS",,"10","2020-10 (APR)","2020-04","4","APRIL,2020","APRIL","FMS",,,"50","GOB 2011A CLEAN WATER CLEANUP","VC0000029149","90248","CHECK","PAID","PRC502016V500044",,,"2020-04-06T00:00:00.000","1","1","SC50CO18129927MO","SC-ECOLOGY CONTROL INDUSTRIES, CO#129927,CATCH BASIN IV","ECI C-129927 EW40065F CATCH BASIN IV","0",,"0","0","0","0",,"2017-12-11T00:00:00.000","1",,,,,"CITY",,,,"USD",,"VC0000029149-ECOLOGY CONTROL INDUSTRIES INC"
"6570183","2020","NON_DEPARTMENTAL","ECOLOGY CONTROL INDUSTRIES INC","2020-04-21T00:00:00.000","2120.8",,"361776","GENERAL GOVERNMENT","GOVERNMENTAL","CAPITAL PROJECTS","GOB 2011A CLEAN WATER CLEANUP","16V","CATCH BASIN INSERTS / OPENINGS PH IV","50KZAA","AD26200000084504","IMPROVEMENTS OTHER THAN BUILDINGS",,"10","2020-10 (APR)","2020-04","4","APRIL,2020","APRIL","FMS",,,"50","GOB 2011A CLEAN WATER CLEANUP","VC0000029149","90248","CHECK","PAID","PRC502016V500046",,,"2020-04-07T00:00:00.000","1","3","SC50CO18129927MO","SC-ECOLOGY CONTROL INDUSTRIES, CO#129927,CATCH BASIN IV","CATCH BASIN IV INSERTS, C#129927,16V/50KZAA,EW40065F","0",,"0","0","0","0",,"2017-12-11T00:00:00.000","1",,,,,"CITY",,,,"USD",,"VC0000029149-ECOLOGY CONTROL INDUSTRIES INC"
"6569898","2020","NON_DEPARTMENTAL","ARCADIS U.S. INC","2020-04-22T00:00:00.000","1857.11",,"143256","GENERAL GOVERNMENT","GOVERNMENTAL","CAPITAL PROJECTS","GOB 2011A CLEAN WATER CLEANUP","16V","MACHADO LAKE ECOSYSTEM REHAB","50HWAA","EFT26200000010880","SUPPLIES & OTHER SERVICES",,"10","2020-10 (APR)","2020-04","4","APRIL,2020","APRIL","FMS",,,"50","GOB 2011A CLEAN WATER CLEANUP","100035931","60693-0626","EFT","PAID","PRC502016V500050",,,"2020-04-09T00:00:00.000","1","1","SC50CO18129644MO","ARCADIS, CO129644 MACHADO LAKE NTP#25 236,889.00","ARCADIS C-129644 EW40073B MACHADO LAKE NTP25","0",,"0","0","0","0",,"2020-03-27T00:00:00.000","24",,,,,"CITY",,,,"USD",,"100035931-ARCADIS U.S. INC"
"6573790","2020","NON_DEPARTMENTAL","CLARKE CONTRACTING CORP","2020-04-01T00:00:00.000","580.6",,"332897","GENERAL GOVERNMENT","GOVERNMENTAL","CAPITAL PROJECTS","GOB 2011A CLEAN WATER CLEANUP","16V","VERMONT AVENUE STORMWATER CAPTURE AND GREEN STREET PROJECT","50PZAC","EFT26200000009906","SUPPLIES & OTHER SERVICES",,"10","2020-10 (APR)","2020-04","4","APRIL,2020","APRIL","FMS",,,"50","GOB 2011A CLEAN WATER CLEANUP","100005114","90260","EFT","PAID","PRC502016V500038",,,"2020-03-25T00:00:00.000","1","1","SC50CO19130419KO","CO130419 CLARKE CONTRACTING CORP","CO130419 CLARKE EW40074F VERONT STORMWATER","0",,"0","0","0","0",,"2019-08-12T00:00:00.000","3",,,,,"CITY",,,,"USD",,"100005114-CLARKE CONTRACTING CORP"
"6570184","2020","NON_DEPARTMENTAL","ECOLOGY CONTROL INDUSTRIES INC","2020-04-09T00:00:00.000","530.2",,"361776","GENERAL GOVERNMENT","GOVERNMENTAL","CAPITAL PROJECTS","GOB 2011A CLEAN WATER CLEANUP","16V","CATCH BASIN INSERTS / OPENINGS PH IV","50KZAA","AD26200000081937","IMPROVEMENTS OTHER THAN BUILDINGS",,"10","2020-10 (APR)","2020-04","4","APRIL,2020","APRIL","FMS",,,"50","GOB 2011A CLEAN WATER CLEANUP","VC0000029149","90248","CHECK","PAID","PRC502016V500040",,,"2020-04-06T00:00:00.000","1","1","SC50CO18129927MO","SC-ECOLOGY CONTROL INDUSTRIES, CO#129927,CATCH BASIN IV","CATCH BASIN IV INSERTS, C#129927,16V/50KZAA,EW40065F","0",,"0","0","0","0",,"2017-12-11T00:00:00.000","1",,,,,"CITY",,,,"USD",,"VC0000029149-ECOLOGY CONTROL INDUSTRIES INC"
"6573668","2020","NON_DEPARTMENTAL","CLARKE CONTRACTING CORP","2020-04-01T00:00:00.000","1.5",,"332897","GENERAL GOVERNMENT","GOVERNMENTAL","CAPITAL PROJECTS","GOB 2011A CLEAN WATER CLEANUP","16V","VERMONT AVENUE STORMWATER CAPTURE AND GREEN STREET PROJECT","50PZAC","EFT26200000009906","SUPPLIES & OTHER SERVICES",,"10","2020-10 (APR)","2020-04","4","APRIL,2020","APRIL","FMS",,,"50","GOB 2011A CLEAN WATER CLEANUP","100005114","90260","EFT","PAID","PRC502016V500038",,,"2020-03-25T00:00:00.000","2","2","SC50CO19130419KO","CO130419 CLARKE CONTRACTING CORP","EW40074F --VERMONT PH 1 & CLARKE","0",,"0","0","0","0",,"2019-08-12T00:00:00.000","4",,,,,"CITY",,,,"USD",,"100005114-CLARKE CONTRACTING CORP"
"6540368","2020","NON_DEPARTMENTAL","OHL USA INC","2020-03-03T00:00:00.000","1554205.06",,"2732354","GENERAL GOVERNMENT","GOVERNMENTAL","CAPITAL PROJECTS","GOB 2009 CLEAN WATER CLEANUP","16T","ARGO DRAIN SUB BASIN FACILITY.1","50LWAF","EFT26200000008826","IMPROVEMENTS OTHER THAN BUILDINGS",,"9","2020-09 (MAR)","2020-03","3","MARCH,2020","MARCH","FMS",,,"50","GOB 2009 CLEAN WATER CLEANUP","VC0000014741","92614-7279","EFT","PAID","PRC502016T500020",,,"2020-02-17T00:00:00.000","3","1","SC50CO19131878KO","OHL USA INC-CO#131878, ARGO","CO131878, OHL EW40067F ARGO DRAIN","0",,"0","0","0","0",,"2020-02-27T00:00:00.000","4",,,,,"CITY",,,,"USD",,"VC0000014741-OHL USA INC"
"6540507","2020","NON_DEPARTMENTAL","ENVIRONMENTAL CONSTRUCTION INC","2020-03-18T00:00:00.000","239467.24",,"2053516","GENERAL GOVERNMENT","GOVERNMENTAL","CAPITAL PROJECTS","GOB 2011A CLEAN WATER CLEANUP","16V","WESTWOOD NEIGHBORHOOD GREENWAY PROJECT","50PZAB","AD26200000067228","IMPROVEMENTS OTHER THAN BUILDINGS",,"9","2020-09 (MAR)","2020-03","3","MARCH,2020","MARCH","FMS",,,"50","GOB 2011A CLEAN WATER CLEANUP","100022472","91367","CHECK","PAID","PRC502016V500034",,,"2020-03-09T00:00:00.000","1","1","SC50CO20133919KO","ENVIRONMENTAL CONS


C-133919 EW40071F","ENVIRONMENTAL CONSC-133919 EW40071F","0",,"0","0","0","0",,"2020-03-18T00:00:00.000","1",,,,,"CITY",,,,"USD",,"100022472-ENVIRONMENTAL CONSTRUCTION INC"
"6540370","2020","NON_DEPARTMENTAL","ARCADIS U.S. INC","2020-03-18T00:00:00.000","222958.05",,"143256","GENERAL GOVERNMENT","GOVERNMENTAL","CAPITAL PROJECTS","GOB 2009 CLEAN WATER CLEANUP","16T","ARGO DRAIN SUB BASIN FACILITY.1","50LWAF","EFT26200000009416","SUPPLIES & OTHER SERVICES",,"9","2020-09 (MAR)","2020-03","3","MARCH,2020","MARCH","FMS",,,"50","GOB 2009 CLEAN WATER CLEANUP","100035931","60693-0626","EFT","PAID","PRC502016T500023",,,"2020-03-03T00:00:00.000","1","1","SC50CO18129644MO","ARCADIS, CO129644 MACHADO LAKE NTP#25 236,889.00","ARCADIS, CO129644","0",,"0","0","0","0",,"2020-03-27T00:00:00.000","15",,,,,"CITY",,,,"USD",,"100035931-ARCADIS U.S. INC"
"6540389","2020","NON_DEPARTMENTAL","GEOSYNTEC CONSULTANTS/C","2020-03-04T00:00:00.000","123610.63",,"882142","GENERAL GOVERNMENT","GOVERNMENTAL","CAPITAL PROJECTS","GOB 2009 CLEAN WATER CLEANUP","16T","PROP O OPTIMIZATION","50MYAF","AD26200000063444","SUPPLIES & OTHER SERVICES",,"9","2020-09 (MAR)","2020-03","3","MARCH,2020","MARCH","FMS",,,"50","GOB 2009 CLEAN WATER CLEANUP","100001208","33487","CHECK","PAID","PRC502016T500022",,,"2020-02-18T00:00:00.000","1","1","SC50CO18124345MO","16V/50SSAU/SN-72/BEN & VICTORY","16T/50MYAF,TOS SN-73,EWOPTCO8,PROP.O OPTIMIZATION","0",,"0","0","0","0",,"2020-02-11T00:00:00.000","1",,,,,"CITY",,,,"USD",,"100001208-GEOSYNTEC CONSULTANTS/C"
"6540101","2020","NON_DEPARTMENTAL","ECOLOGY CONTROL INDUSTRIES INC","2020-03-19T00:00:00.000","23736",,"361776","GENERAL GOVERNMENT","GOVERNMENTAL","CAPITAL PROJECTS","GOB 2011A CLEAN WATER CLEANUP","16V","CATCH BASIN INSERTS / OPENINGS PH IV","50KZAA","AD26200000067602","IMPROVEMENTS OTHER THAN BUILDINGS",,"9","2020-09 (MAR)","2020-03","3","MARCH,2020","MARCH","FMS",,,"50","GOB 2011A CLEAN WATER CLEANUP","VC0000029149","90248","CHECK","PAID","PRC502016V500036",,,"2020-03-12T00:00:00.000","1","1","SC50CO18129927MO","SC-ECOLOGY CONTROL INDUSTRIES, CO#129927,CATCH BASIN IV","CATCH BASIN IV INSERTS, C#129927,16V/50KZAA,EW40065F","0",,"0","0","0","0",,"2017-12-11T00:00:00.000","1",,,,,"CITY",,,,"USD",,"VC0000029149-ECOLOGY CONTROL INDUSTRIES INC"
"6540369","2020","NON_DEPARTMENTAL","AECOM TECHNICAL SERVICES INC","2020-03-26T00:00:00.000","23696.11",,"50695","GENERAL GOVERNMENT","GOVERNMENTAL","CAPITAL PROJECTS","GOB 2009 CLEAN WATER CLEANUP","16T","ARGO DRAIN SUB BASIN FACILITY.1","50LWAF","EFT26200000009804","SUPPLIES & OTHER SERVICES",,"9","2020-09 (MAR)","2020-03","3","MARCH,2020","MARCH","FMS",,,"50","GOB 2009 CLEAN WATER CLEANUP","100032542","60674","EFT","PAID","PRC502016T500025",,,"2020-02-25T00:00:00.000","1","1","SC50CO18129645MO","SC-AECOM,CO#129645, 16T/50LWAF/EW40067F","ARGO/ 16T/50LWAF,NTP#1,C#129645, TOS#10,EW40067F","0",,"0","0","0","0",,"2019-08-12T00:00:00.000","1",,,,,"CITY",,,,"USD",,"100032542-AECOM TECHNICAL SERVICES INC"
"6540092","2020","NON_DEPARTMENTAL","ECOLOGY CONTROL INDUSTRIES INC","2020-03-02T00:00:00.000","23313.76",,"361776","GENERAL GOVERNMENT","GOVERNMENTAL","CAPITAL PROJECTS","GOB 2011A CLEAN WATER CLEANUP","16V","CATCH BASIN INSERTS / OPENINGS PH IV","50KZAA","AD26200000062565","IMPROVEMENTS OTHER THAN BUILDINGS",,"9","2020-09 (MAR)","2020-03","3","MARCH,2020","MARCH","FMS",,,"50","GOB 2011A CLEAN WATER CLEANUP","VC0000029149","90248","CHECK","PAID","PRC502016V500033",,,"2020-02-12T00:00:00.000","1","1","SC50CO18129927MO","SC-ECOLOGY CONTROL INDUSTRIES, CO#129927,CATCH BASIN IV","CATCH BASIN IV INSERTS, C#129927,16V/50KZAA,EW40065F","0",,"0","0","0","0",,"2017-12-11T00:00:00.000","1",,,,,"CITY",,,,"USD",,"VC0000029149-ECOLOGY CONTROL INDUSTRIES INC"
"6540091","2020","NON_DEPARTMENTAL","ECOLOGY CONTROL INDUSTRIES INC","2020-03-19T00:00:00.000","14893.14",,"361776","GENERAL GOVERNMENT","GOVERNMENTAL","CAPITAL PROJECTS","GOB 2011A CLEAN WATER CLEANUP","16V","CATCH BASIN INSERTS / OPENINGS PH IV","50KZAA","AD26200000067601","IMPROVEMENTS OTHER THAN BUILDINGS",,"9","2020-09 (MAR)","2020-03","3","MARCH,2020","MARCH","FMS",,,"50","GOB 2011A CLEAN WATER CLEANUP","VC0000029149","90248","CHECK","PAID","PRC502016V500035",,,"2020-02-25T00:00:00.000","1","1","SC50CO18129927MO","SC-ECOLOGY CONTROL INDUSTRIES, CO#129927,CATCH BASIN IV","CATCH BASIN IV INSERTS, C#129927,16V/50KZAA,EW40065F","0",,"0","0","0","0",,"2017-12-11T00:00:00.000","1",,,,,"CITY",,,,"USD",,"VC0000029149-ECOLOGY CONTROL INDUSTRIES INC"
"6540090","2020","NON_DEPARTMENTAL","ECOLOGY CONTROL INDUSTRIES INC","2020-03-19T00:00:00.000","11645.85",,"361776","GENERAL GOVERNMENT","GOVERNMENTAL","CAPITAL PROJECTS","GOB 2011A CLEAN WATER CLEANUP","16V","CATCH BASIN INSERTS / OPENINGS PH IV","50KZAA","AD26200000067601","IMPROVEMENTS OTHER THAN BUILDINGS",,"9","2020-09 (MAR)","2020-03","3","MARCH,2020","MARCH","FMS",,,"50","GOB 2011A CLEAN WATER CLEANUP","VC0000029149","90248","CHECK","PAID","PRC502016V500035",,,"2020-03-02T00:00:00.000","1","2","SC50CO18129927MO","SC-ECOLOGY CONTROL INDUSTRIES, CO#129927,CATCH BASIN IV","CATCH BASIN IV INSERTS, C#129927,16V/50KZAA,EW40065F","0",,"0","0","0","0",,"2017-12-11T00:00:00.000","1",,,,,"CITY",,,,"USD",,"VC0000029149-ECOLOGY CONTROL INDUSTRIES INC"
"6540089","2020","NON_DEPARTMENTAL","ECOLOGY CONTROL INDUSTRIES INC","2020-03-19T00:00:00.000","9902.9",,"361776","GENERAL GOVERNMENT","GOVERNMENTAL","CAPITAL PROJECTS","GOB 2011A CLEAN WATER CLEANUP","16V","CATCH BASIN INSERTS / OPENINGS PH IV","50KZAA","AD26200000067601","IMPROVEMENTS OTHER THAN BUILDINGS",,"9","2020-09 (MAR)","2020-03","3","MARCH,2020","MARCH","FMS",,,"50","GOB 2011A CLEAN WATER CLEANUP","VC0000029149","90248","CHECK","PAID","PRC502016V500035",,,"2020-03-02T00:00:00.000","1","3","SC50CO18129927MO","SC-ECOLOGY CONTROL INDUSTRIES, CO#129927,CATCH BASIN IV","CATCH BASIN IV INSERTS, C#129927,16V/50KZAA,EW40065F","0",,"0","0","0","0",,"2017-12-11T00:00:00.000","1",,,,,"CITY",,,,"USD",,"VC0000029149-ECOLOGY CONTROL INDUSTRIES INC"
"6540100","2020","NON_DEPARTMENTAL","ECOLOGY CONTROL INDUSTRIES INC","2020-03-19T00:00:00.000","5404.46",,"361776","GENERAL GOVERNMENT","GOVERNMENTAL","CAPITAL PROJECTS","GOB 2011A CLEAN WATER CLEANUP","16V","CATCH BASIN INSERTS / OPENINGS PH IV","50KZAA","AD26200000067602","IMPROVEMENTS OTHER THAN BUILDINGS",,"9","2020-09 (MAR)","2020-03","3","MARCH,2020","MARCH","FMS",,,"50","GOB 2011A CLEAN WATER CLEANUP","VC0000029149","90248","CHECK","PAID","PRC502016V500036",,,"2020-03-12T00:00:00.000","1","2","SC50CO18129927MO","SC-ECOLOGY CONTROL INDUSTRIES, CO#129927,CATCH BASIN IV","CATCH BASIN IV INSERTS, C#129927,16V/50KZAA,EW40065F","0",,"0","0","0","0",,"2017-12-11T00:00:00.000","1",,,,,"CITY",,,,"USD",,"VC0000029149-ECOLOGY CONTROL INDUSTRIES INC"
"6540088","2020","NON_DEPARTMENTAL","ECOLOGY CONTROL INDUSTRIES INC","2020-03-19T00:00:00.000","4746.2",,"361776","GENERAL GOVERNMENT","GOVERNMENTAL","CAPITAL PROJECTS","GOB 2011A CLEAN WATER CLEANUP","16V","CATCH BASIN INSERTS / OPENINGS PH IV","50KZAA","AD26200000067601","IMPROVEMENTS OTHER THAN BUILDINGS",,"9","2020-09 (MAR)","2020-03","3","MARCH,2020","MARCH","FMS",,,"50","GOB 2011A CLEAN WATER CLEANUP","VC0000029149","90248","CHECK","PAID","PRC502016V500035",,,"2020-03-02T00:00:00.000","1","4","SC50CO18129927MO","SC-ECOLOGY CONTROL INDUSTRIES, CO#129927,CATCH BASIN IV","CATCH BASIN IV INSERTS, C#129927,16V/50KZAA,EW40065F","0",,"0","0","0","0",,"2017-12-11T00:00:00.000","1",,,,,"CITY",,,,"USD",,"VC0000029149-ECOLOGY CONTROL INDUSTRIES INC"
"6540099","2020","NON_DEPARTMENTAL","ECOLOGY CONTROL INDUSTRIES INC","2020-03-19T00:00:00.000","4433.97",,"361776","GENERAL GOVERNMENT","GOVERNMENTAL","CAPITAL PROJECTS","GOB 2011A CLEAN WATER CLEANUP","16V","CATCH BASIN INSERTS / OPENINGS PH IV","50KZAA","AD26200000067602","IMPROVEMENTS OTHER THAN BUILDINGS",,"9","2020-09 (MAR)","2020-03","3","MARCH,2020","MARCH","FMS",,,"50","GOB 2011A CLEAN WATER CLEANUP","VC0000029149","90248","CHECK","PAID","PRC502016V500036",,,"2020-03-12T00:00:00.000","1","3","SC50CO18129927MO","SC-ECOLOGY CONTROL INDUSTRIES, CO#129927,CATCH BASIN IV","CATCH BASIN IV INSERTS, C#129927,16V/50KZAA,EW40065F","0",,"0","0","0","0",,"2017-12-11T00:00:00.000","1",,,,,"CITY",,,,"USD",,"VC0000029149-ECOLOGY CONTROL INDUSTRIES INC"
"6540098","2020","NON_DEPARTMENTAL","ECOLOGY CONTROL INDUSTRIES INC","2020-03-19T00:00:00.000","4431.4",,"361776","GENERAL GOVERNMENT","GOVERNMENTAL","CAPITAL PROJECTS","GOB 2011A CLEAN WATER CLEANUP","16V","CATCH BASIN INSERTS / OPENINGS PH IV","50KZAA","AD26200000067602","IMPROVEMENTS OTHER THAN BUILDINGS",,"9","2020-09 (MAR)","2020-03","3","MARCH,2020","MARCH","FMS",,,"50","GOB 2011A CLEAN WATER CLEANUP","VC0000029149","90248","CHECK","PAID","PRC502016V500036",,,"2020-03-12T00:00:00.000","1","4","SC50CO18129927MO","SC-ECOLOGY CONTROL INDUSTRIES, CO#129927,CATCH BASIN IV","CATCH BASIN IV INSERTS, C#129927,16V/50KZAA,EW40065F","0",,"0","0","0","0",,"2017-12-11T00:00:00.000","1",,,,,"CITY",,,,"USD",,"VC0000029149-ECOLOGY CONTROL INDUSTRIES INC"
"6540097","2020","NON_DEPARTMENTAL","ECOLOGY CONTROL INDUSTRIES INC","2020-03-19T00:00:00.000","4311.06",,"361776","GENERAL GOVERNMENT","GOVERNMENTAL","CAPITAL PROJECTS","GOB 2011A CLEAN WATER CLEANUP","16V","CATCH BASIN INSERTS / OPENINGS PH IV","50KZAA","AD26200000067602","IMPROVEMENTS OTHER THAN BUILDINGS",,"9","2020-09 (MAR)","2020-03","3","MARCH,2020","MARCH","FMS",,,"50","GOB 2011A CLEAN WATER CLEANUP","VC0000029149","90248","CHECK","PAID","PRC502016V500036",,,"2020-03-12T00:00:00.000","1","5","SC50CO18129927MO","SC-ECOLOGY CONTROL INDUSTRIES, CO#129927,CATCH BASIN IV","CATCH BASIN IV INSERTS, C#129927,16V/50KZAA,EW40065F","0",,"0","0","0","0",,"2017-12-11T00:00:00.000","1",,,,,"CITY",,,,"USD",,"VC0000029149-ECOLOGY CONTROL INDUSTRIES INC"
"6540096","2020","NON_DEPARTMENTAL","ECOLOGY CONTROL INDUSTRIES INC","2020-03-19T00:00:00.000","3004.9",,"361776","GENERAL GOVERNMENT","GOVERNMENTAL","CAPITAL PROJECTS","GOB 2011A CLEAN WATER CLEANUP","16V","CATCH BASIN INSERTS / OPENINGS PH IV","50KZAA","AD26200000067602","IMPROVEMENTS OTHER THAN BUILDINGS",,"9","2020-09 (MAR)","2020-03","3","MARCH,2020","MARCH","FMS",,,"50","GOB 2011A CLEAN WATER CLEANUP","VC0000029149","90248","CHECK","PAID","PRC502016V500036",,,"2020-03-12T00:00:00.000","1","6","SC50CO18129927MO","SC-ECOLOGY CONTROL INDUSTRIES, CO#129927,CATCH BASIN IV","CATCH BASIN IV INSERTS, C#129927,16V/50KZAA,EW40065F","0",,"0","0","0","0",,"2017-12-11T00:00:00.000","1",,,,,"CITY",,,,"USD",,"VC0000029149-ECOLOGY CONTROL INDUSTRIES INC"
"6540084","2020","NON_DEPARTMENTAL","ECOLOGY CONTROL INDUSTRIES INC","2020-03-19T00:00:00.000","2478",,"361776","GENERAL GOVERNMENT","GOVERNMENTAL","CAPITAL PROJECTS","GOB 2011A CLEAN WATER CLEANUP","16V","CATCH BASIN INSERTS / OPENINGS PH IV","50KZAA","AD26200000067601","IMPROVEMENTS OTHER THAN BUILDINGS",,"9","2020-09 (MAR)","2020-03","3","MARCH,2020","MARCH","FMS",,,"50","GOB 2011A CLEAN WATER CLEANUP","VC0000029149","90248","CHECK","PAID","PRC502016V500035",,,"2020-03-11T00:00:00.000","1","7","SC50CO18129927MO","SC-ECOLOGY CONTROL INDUSTRIES, CO#129927,CATCH BASIN IV","CATCH BASIN IV INSERTS, C#129927,16V/50KZAA,EW40065F","0",,"0","0","0","0",,"2017-12-11T00:00:00.000","1",,,,,"CITY",,,,"USD",,"VC0000029149-ECOLOGY CONTROL INDUSTRIES INC"
"6540087","2020","NON_DEPARTMENTAL","ECOLOGY CONTROL INDUSTRIES INC","2020-03-19T00:00:00.000","2411.7",,"361776","GENERAL GOVERNMENT","GOVERNMENTAL","CAPITAL PROJECTS","GOB 2011A CLEAN WATER CLEANUP","16V","CATCH BASIN INSERTS / OPENINGS PH IV","50KZAA","AD26200000067601","IMPROVEMENTS OTHER THAN BUILDINGS",,"9","2020-09 (MAR)","2020-03","3","MARCH,2020","MARCH","FMS",,,"50","GOB 2011A CLEAN WATER CLEANUP","VC0000029149","90248","CHECK","PAID","PRC502016V500035",,,"2020-03-12T00:00:00.000","1","8","SC50CO18129927MO","SC-ECOLOGY CONTROL INDUSTRIES, CO#129927,CATCH BASIN IV","CATCH BASIN IV INSERTS, C#129927,16V/50KZAA,EW40065F","0",,"0","0","0","0",,"2017-12-11T00:00:00.000","1",,,,,"CITY",,,,"USD",,"VC0000029149-ECOLOGY CONTROL INDUSTRIES INC"
"6540095","2020","NON_DEPARTMENTAL","ECOLOGY CONTROL INDUSTRIES INC","2020-03-19T00:00:00.000","2286.6",,"361776","GENERAL GOVERNMENT","GOVERNMENTAL","CAPITAL PROJECTS","GOB 2011A CLEAN WATER CLEANUP","16V","CATCH BASIN INSERTS / OPENINGS PH IV","50KZAA","AD26200000067602","IMPROVEMENTS OTHER THAN BUILDINGS",,"9","2020-09 (MAR)","2020-03","3","MARCH,2020","MARCH","FMS",,,"50","GOB 2011A CLEAN WATER CLEANUP","VC0000029149","90248","CHECK","PAID","PRC502016V500036",,,"2020-03-12T00:00:00.000","1","7","SC50CO18129927MO","SC-ECOLOGY CONTROL INDUSTRIES, CO#129927,CATCH BASIN IV","CATCH BASIN IV INSERTS, C#129927,16V/50KZAA,EW40065F","0",,"0","0","0","0",,"2017-12-11T00:00:00.000","1",,,,,"CITY",,,,"USD",,"VC0000029149-ECOLOGY CONTROL INDUSTRIES INC"
"6540086","2020","NON_DEPARTMENTAL","ECOLOGY CONTROL INDUSTRIES INC","2020-03-19T00:00:00.000","2078.08",,"361776","GENERAL GOVERNMENT","GOVERNMENTAL","CAPITAL PROJECTS","GOB 2011A CLEAN WATER CLEANUP","16V","CATCH BASIN INSERTS / OPENINGS PH IV","50KZAA","AD26200000067601","IMPROVEMENTS OTHER THAN BUILDINGS",,"9","2020-09 (MAR)","2020-03","3","MARCH,2020","MARCH","FMS",,,"50","GOB 2011A CLEAN WATER CLEANUP","VC0000029149","90248","CHECK","PAID","PRC502016V500035",,,"2020-03-02T00:00:00.000","1","5","SC50CO18129927MO","SC-ECOLOGY CONTROL INDUSTRIES, CO#129927,CATCH BASIN IV","CATCH BASIN IV INSERTS, C#129927,16V/50KZAA,EW40065F","0",,"0","0","0","0",,"2017-12-11T00:00:00.000","1",,,,,"CITY",,,,"USD",,"VC0000029149-ECOLOGY CONTROL INDUSTRIES INC"
"6540094","2020","NON_DEPARTMENTAL","ECOLOGY CONTROL INDUSTRIES INC","2020-03-19T00:00:00.000","1780.08",,"361776","GENERAL GOVERNMENT","GOVERNMENTAL","CAPITAL PROJECTS","GOB 2011A CLEAN WATER CLEANUP","16V","CATCH BASIN INSERTS / OPENINGS PH IV","50KZAA","AD26200000067602","IMPROVEMENTS OTHER THAN BUILDINGS",,"9","2020-09 (MAR)","2020-03","3","MARCH,2020","MARCH","FMS",,,"50","GOB 2011A CLEAN WATER CLEANUP","VC0000029149","90248","CHECK","PAID","PRC502016V500036",,,"2020-03-12T00:00:00.000","1","8","SC50CO18129927MO","SC-ECOLOGY CONTROL INDUSTRIES, CO#129927,CATCH BASIN IV","CATCH BASIN IV INSERTS, C#129927,16V/50KZAA,EW40065F","0",,"0","0","0","0",,"2017-12-11T00:00:00.000","1",,,,,"CITY",,,,"USD",,"VC0000029149-ECOLOGY CONTROL INDUSTRIES INC"
"6540083","2020","NON_DEPARTMENTAL","ECOLOGY CONTROL INDUSTRIES INC","2020-03-27T00:00:00.000","964",,"361776","GENERAL GOVERNMENT","GOVERNMENTAL","CAPITAL PROJECTS","GOB 2011A CLEAN WATER CLEANUP","16V","CATCH BASIN INSERTS / OPENINGS PH IV","50KZAA","AD26200000079107","IMPROVEMENTS OTHER THAN BUILDINGS",,"9","2020-09 (MAR)","2020-03","3","MARCH,2020","MARCH","FMS",,,"50","GOB 2011A CLEAN WATER CLEANUP","VC0000029149","90248","CHECK","PAID","PRC502016V500037",,,"2020-03-11T00:00:00.000","1","1","SC50CO18129927MO","SC-ECOLOGY CONTROL INDUSTRIES, CO#129927,CATCH BASIN IV","CATCH BASIN IV INSERTS, C#129927,16V/50KZAA,EW40065F","0",,"0","0","0","0",,"2017-12-11T00:00:00.000","1",,,,,"CITY",,,,"USD",,"VC0000029149-ECOLOGY CONTROL INDUSTRIES INC"
"6540085","2020","NON_DEPARTMENTAL","ECOLOGY CONTROL INDUSTRIES INC","2020-03-19T00:00:00.000","723",,"361776","GENERAL GOVERNMENT","GOVERNMENTAL","CAPITAL PROJECTS","GOB 2011A CLEAN WATER CLEANUP","16V","CATCH BASIN INSERTS / OPENINGS PH IV","50KZAA","AD26200000067601","IMPROVEMENTS OTHER THAN BUILDINGS",,"9","2020-09 (MAR)","2020-03","3","MARCH,2020","MARCH","FMS",,,"50","GOB 2011A CLEAN WATER CLEANUP","VC0000029149","90248","CHECK","PAID","PRC502016V500035",,,"2020-03-02T00:00:00.000","1","6","SC50CO18129927MO","SC-ECOLOGY CONTROL INDUSTRIES, CO#129927,CATCH BASIN IV","CATCH BASIN IV INSERTS, C#129927,16V/50KZAA,EW40065F","0",,"0","0","0","0",,"2017-12-11T00:00:00.000","1",,,,,"CITY",,,,"USD",,"VC0000029149-ECOLOGY CONTROL INDUSTRIES INC"
"6540093","2020","NON_DEPARTMENTAL","ECOLOGY CONTROL INDUSTRIES INC","2020-03-19T00:00:00.000","482",,"361776","GENERAL GOVERNMENT","GOVERNMENTAL","CAPITAL PROJECTS","GOB 2011A CLEAN WATER CLEANUP","16V","CATCH BASIN INSERTS / OPENINGS PH IV","50KZAA","AD26200000067602","IMPROVEMENTS OTHER THAN BUILDINGS",,"9","2020-09 (MAR)","2020-03","3","MARCH,2020","MARCH","FMS",,,"50","GOB 2011A CLEAN WATER CLEANUP","VC0000029149","90248","CHECK","PAID","PRC502016V500036",,,"2020-03-11T00:00:00.000","1","9","SC50CO18129927MO","SC-ECOLOGY CONTROL INDUSTRIES, CO#129927,CATCH BASIN IV","CATCH BASIN IV INSERTS, C#129927,16V/50KZAA,EW40065F","0",,"0","0","0","0",,"2017-12-11T00:00:00.000","1",,,,,"CITY",,,,"USD",,"VC0000029149-ECOLOGY CONTROL INDUSTRIES INC"
"6540070","2020","NON_DEPARTMENTAL","SWCA INCORPORATED","2020-03-16T00:00:00.000","239.59",,"2466104","GENERAL GOVERNMENT","GOVERNMENTAL","CAPITAL PROJECTS","GOB 2009 CLEAN WATER CLEANUP","16T","PENMAR WATER QLTY PHASE II","50FZAA","AD26200000066548","SUPPLIES & OTHER SERVICES",,"9","2020-09 (MAR)","2020-03","3","MARCH,2020","MARCH","FMS",,,"50","GOB 2009 CLEAN WATER CLEANUP","100036600","60197-7217","CHECK","PAID","PRC502016T500024",,,"2020-02-25T00:00:00.000","1","1","SC50MSACO15123103MO","SC-SWCA,PROP.O  TOS#EMGS-011,ENCUMBER $4,785.30","SWCA,PROP.O  TOS#EMGS-011-EW40028B PENMAR","0",,"0","0","0","0",,"2019-01-31T00:00:00.000","1",,,,,"CITY",,,,"USD",,"100036600-SWCA INCORPORATED"
"6455994","2020","NON_DEPARTMENTAL","OHL USA INC","2020-02-14T00:00:00.000","1671108.2",,"2732354","GENERAL GOVERNMENT","GOVERNMENTAL","CAPITAL PROJECTS","GOB 2009 CLEAN WATER CLEANUP","16T","ARGO DRAIN SUB BASIN FACILITY.1","50LWAF","EFT26200000008302","IMPROVEMENTS OTHER THAN BUILDINGS",,"8","2020-08 (FEB)","2020-03","2","FEBRUARY,2020","FEBRUARY","FMS",,,"50","GOB 2009 CLEAN WATER CLEANUP","VC0000014741","92614-7279","EFT","PAID","PRC502016T500018",,,"2020-01-31T00:00:00.000","3","2","SC50CO19131878KO","OHL USA INC-CO#131878, ARGO","ARGO DRAIN, CO#131878 16T/50LWAF","0",,"0","0","0","0",,"2020-02-27T00:00:00.000","3",,,,,"CITY",,,,"USD",,"VC0000014741-OHL USA INC"
"6455996","2020","NON_DEPARTMENTAL","OHL USA INC","2020-02-12T00:00:00.000","92410",,"2732354","GENERAL GOVERNMENT","GOVERNMENTAL","CAPITAL PROJECTS","GOB 2008A CLEAN WATER CLEANUP","16Q","ARGO DRAIN SUB BASIN FACILITY.2","50LXAE","AD26200000058021","IMPROVEMENTS OTHER THAN BUILDINGS",,"8","2020-08 (FEB)","2020-03","2","FEBRUARY,2020","FEBRUARY","FMS",,,"50","GOB 2008A CLEAN WATER CLEANUP","VC0000014741","90071-2005","CHECK","PAID","PRC502016Q500003",,,"2020-01-31T00:00:00.000","4","1","SC50CO19131878KO","OHL USA INC-CO#131878, ARGO","ARGO DRAIN, CO#131878 16Q/50/50LXAE","0",,"0","0","0","0",,"2020-02-27T00:00:00.000","3",,,,,"CITY",,,,"USD",,"VC0000014741-OHL USA INC"
"6451689","2020","NON_DEPARTMENTAL","ARCADIS U.S. INC","2020-02-14T00:00:00.000","87908.42",,"143256","GENERAL GOVERNMENT","GOVERNMENTAL","CAPITAL PROJECTS","GOB 2009 CLEAN WATER CLEANUP","16T","VERMONT AVENUE STORMWATER CAPTURE AND GREEN STREET PROJECT","50PZAC","EFT26200000008300","SUPPLIES & OTHER SERVICES",,"8","2020-08 (FEB)","2020-03","2","FEBRUARY,2020","FEBRUARY","FMS",,,"50","GOB 2009 CLEAN WATER CLEANUP","100035931","60693-0626","EFT","PAID","PRC502016T500017",,,"2020-01-17T00:00:00.000","1","1","SC50CO18129644MO","ARCADIS, CO129644 MACHADO LAKE NTP#25 236,889.00","C-129644 VERMONT","0",,"0","0","0","0",,"2020-02-28T00:00:00.000","11",,,,,"CITY",,,,"USD",,"100035931-ARCADIS U.S. INC"
"6455995","2020","NON_DEPARTMENTAL","OHL USA INC","2020-02-14T00:00:00.000","84681.76",,"2732354","GENERAL GOVERNMENT","GOVERNMENTAL","CAPITAL PROJECTS","GOB 2008A CLEAN WATER CLEANUP","16Q","ARGO DRAIN SUB BASIN FACILITY.2","50LXAE","EFT26200000008302","IMPROVEMENTS OTHER THAN BUILDINGS",,"8","2020-08 (FEB)","2020-03","2","FEBRUARY,2020","FEBRUARY","FMS",,,"50","GOB 2008A CLEAN WATER CLEANUP","VC0000014741","92614-7279","EFT","PAID","PRC502016T500018",,,"2020-01-31T00:00:00.000","3","1","SC50CO19131878KO","OHL USA INC-CO#131878, ARGO","ARGO DRAIN, CO#131878 16Q/50/50LXAE","0",,"0","0","0","0",,"2020-02-27T00:00:00.000","3",,,,,"CITY",,,,"USD",,"VC0000014741-OHL USA INC"
"6456236","2020","NON_DEPARTMENTAL","OHL USA INC","2020-02-28T00:00:00.000","81800.26",,"2732354","GENERAL GOVERNMENT","GOVERNMENTAL","CAPITAL PROJECTS","GOB 2009 CLEAN WATER CLEANUP","16T","ARGO DRAIN SUB BASIN FACILITY.1","50LWAF","AD26200000062210","IMPROVEMENTS OTHER THAN BUILDINGS",,"8","2020-08 (FEB)","2020-03","2","FEBRUARY,2020","FEBRUARY","FMS",,,"50","GOB 2009 CLEAN WATER CLEANUP","VC0000014741","90071-2005","CHECK","PAID","PRC502016T500021",,,"2020-02-17T00:00:00.000","4","1","SC50CO19131878KO","OHL USA INC-CO#131878, ARGO","ESCROW CO131878, OHL EW40067F ARGO DRAIN ESCROW#397-B ACCT#231496000","0",,"0","0","0","0",,"2020-02-27T00:00:00.000","4",,,,,"CITY",,,,"USD",,"VC0000014741-OHL USA INC"
"6451513","2020","NON_DEPARTMENTAL","ARCADIS U.S. INC","2020-02-14T00:00:00.000","67833.27",,"143256","GENERAL GOVERNMENT","GOVERNMENTAL","CAPITAL PROJECTS","GOB 2011A CLEAN WATER CLEANUP","16V","MACHADO LAKE ECOSYSTEM REHAB","50HWAA","EFT26200000008300","SUPPLIES & OTHER SERVICES",,"8","2020-08 (FEB)","2020-03","2","FEBRUARY,2020","FEBRUARY","FMS",,,"50","GOB 2011A CLEAN WATER CLEANUP","100035931","60693-0626","EFT","PAID","PRC502016V500031",,,"2020-01-17T00:00:00.000","2","3","SC50CO18129644MO","ARCADIS, CO129644 MACHADO LAKE NTP#25 236,889.00","16V/50HWAA MACHADO LAKE EW40073B NTP#25","0",,"0","0","0","0",,"2020-02-28T00:00:00.000","24",,,,,"CITY",,,,"USD",,"100035931-ARCADIS U.S. INC"
"6456163","2020","NON_DEPARTMENTAL","ENVIRONMENTAL CONSTRUCTION INC","2020-02-06T00:00:00.000","60126.58",,"2053516","GENERAL GOVERNMENT","GOVERNMENTAL","CAPITAL PROJECTS","GOB 2011A CLEAN WATER CLEANUP","16V","WESTWOOD NEIGHBORHOOD GREENWAY PROJECT","50PZAB","AD26200000056335","IMPROVEMENTS OTHER THAN BUILDINGS",,"8","2020-08 (FEB)","2020-03","2","FEBRUARY,2020","FEBRUARY","FMS",,,"50","GOB 2011A CLEAN WATER CLEANUP","100022472","91367","CHECK","PAID","PRC502016V500030",,,"2020-02-04T00:00:00.000","1","1","SC50CO20133919KO","ENVIRONMENTAL CONS


C-133919 EW40071F","ENVIRONMENTAL CONS


C-133919 EW40071F","0",,"0","0","0","0",,"2019-12-12T00:00:00.000","1",,,,,"CITY",,,,"USD",,"100022472-ENVIRONMENTAL CONSTRUCTION INC"
"6452508","2020","NON_DEPARTMENTAL","ECOLOGY CONTROL INDUSTRIES INC","2020-02-20T00:00:00.000","49163.71",,"361776","GENERAL GOVERNMENT","GOVERNMENTAL","CAPITAL PROJECTS","GOB 2011A CLEAN WATER CLEANUP","16V","CATCH BASIN INSERTS / OPENINGS PH IV","50KZAA","AD26200000059941","IMPROVEMENTS OTHER THAN BUILDINGS",,"8","2020-08 (FEB)","2020-03","2","FEBRUARY,2020","FEBRUARY","FMS",,,"50","GOB 2011A CLEAN WATER CLEANUP","VC0000029149","90248","CHECK","PAID","PRC502016V500032",,,"2020-01-29T00:00:00.000","1","1","SC50CO18129927MO","SC-ECOLOGY CONTROL INDUSTRIES, CO#129927,CATCH BASIN IV","ECI C-129927 EW40065F CATCH BASIN V","0",,"0","0","0","0",,"2017-12-11T00:00:00.000","1",,,,,"CITY",,,,"USD",,"VC0000029149-ECOLOGY CONTROL INDUSTRIES INC"
"6448350","2020","NON_DEPARTMENTAL","ARCADIS U.S. INC","2020-02-03T00:00:00.000","38167.04",,"143256","GENERAL GOVERNMENT","GOVERNMENTAL","CAPITAL PROJECTS","GOB 2009 CLEAN WATER CLEANUP","16T","MACHADO LAKE-PHASE I","50FC18","EFT26200000007798","SUPPLIES & OTHER SERVICES",,"8","2020-08 (FEB)","2020-03","2","FEBRUARY,2020","FEBRUARY","FMS",,,"50","GOB 2009 CLEAN WATER CLEANUP","100035931","60693-0626","EFT","PAID","PRC502016T500015",,,"2020-01-17T00:00:00.000","1","1","SC50CO18129644MO","ARCADIS, CO129644 MACHADO LAKE NTP#25 236,889.00","ARCADIS CO129644 WILMINGTON DRAIN","0",,"0","0","0","0",,"2020-02-28T00:00:00.000","9",,,,,"CITY",,,,"USD",,"100035931-ARCADIS U.S. INC"
"6448349","2020","NON_DEPARTMENTAL","ARCADIS U.S. INC","2020-02-14T00:00:00.000","30515.77",,"143256","GENERAL GOVERNMENT","GOVERNMENTAL","CAPITAL PROJECTS","GOB 2009 CLEAN WATER CLEANUP","16T","MACHADO LAKE-PHASE I","50FC18","EFT26200000008300","SUPPLIES & OTHER SERVICES",,"8","2020-08 (FEB)","2020-03","2","FEBRUARY,2020","FEBRUARY","FMS",,,"50","GOB 2009 CLEAN WATER CLEANUP","100035931","60693-0626","EFT","PAID","PRC502016V500031",,,"2020-01-17T00:00:00.000","1","2","SC50CO18129644MO","ARCADIS, CO129644 MACHADO LAKE NTP#25 236,889.00","NTP#5,STO#09-5,MACHADO(WILMINGTON)","0",,"0","0","0","0",,"2020-02-28T00:00:00.000","9",,,,,"CITY",,,,"USD",,"100035931-ARCADIS U.S. INC"
"6449917","2020","NON_DEPARTMENTAL","GEOSYNTEC CONSULTANTS/C","2020-02-14T00:00:00.000","21028.45",,"882142","GENERAL GOVERNMENT","GOVERNMENTAL","CAPITAL PROJECTS","GOB 2009 CLEAN WATER CLEANUP","16T","PROP O OPTIMIZATION","50MYAF","AD26200000058595","SUPPLIES & OTHER SERVICES",,"8","2020-08 (FEB)","2020-03","2","FEBRUARY,2020","FEBRUARY","FMS",,,"50","GOB 2009 CLEAN WATER CLEANUP","100001208","33487","CHECK","PAID","PRC502016T500019",,,"2020-02-07T00:00:00.000","1","1","SC50CO18124345MO","16V/50SSAU/SN-72/BEN & VICTORY","GEOSYNTEC C-124345 SN-73 OPTIMIZATION PH2","0",,"0","0","0","0",,"2020-02-11T00:00:00.000","1",,,,,"CITY",,,,"USD",,"100001208-GEOSYNTEC CONSULTANTS/C"
"6452507","2020","NON_DEPARTMENTAL","ECOLOGY CONTROL INDUSTRIES INC","2020-02-20T00:00:00.000","16147",,"361776","GENERAL GOVERNMENT","GOVERNMENTAL","CAPITAL PROJECTS","GOB 2011A CLEAN WATER CLEANUP","16V","CATCH BASIN INSERTS / OPENINGS PH IV","50KZAA","AD26200000059941","IMPROVEMENTS OTHER THAN BUILDINGS",,"8","2020-08 (FEB)","2020-03","2","FEBRUARY,2020","FEBRUARY","FMS",,,"50","GOB 2011A CLEAN WATER CLEANUP","VC0000029149","90248","CHECK","PAID","PRC502016V500032",,,"2020-01-29T00:00:00.000","1","2","SC50CO18129927MO","SC-ECOLOGY CONTROL INDUSTRIES, CO#129927,CATCH BASIN IV","ECI C-129927 EW40065F CATCH BASIN V","0",,"0","0","0","0",,"2017-12-11T00:00:00.000","1",,,,,"CITY",,,,"USD",,"VC0000029149-ECOLOGY CONTROL INDUSTRIES INC"
"6452506","2020","NON_DEPARTMENTAL","ECOLOGY CONTROL INDUSTRIES INC","2020-02-20T00:00:00.000","5784",,"361776","GENERAL GOVERNMENT","GOVERNMENTAL","CAPITAL PROJECTS","GOB 2011A CLEAN WATER CLEANUP","16V","CATCH BASIN INSERTS / OPENINGS PH IV","50KZAA","AD26200000059941","IMPROVEMENTS OTHER THAN BUILDINGS",,"8","2020-08 (FEB)","2020-03","2","FEBRUARY,2020","FEBRUARY","FMS",,,"50","GOB 2011A CLEAN WATER CLEANUP","VC0000029149","90248","CHECK","PAID","PRC502016V500032",,,"2020-01-16T00:00:00.000","1","3","SC50CO18129927MO","SC-ECOLOGY CONTROL INDUSTRIES, CO#129927,CATCH BASIN IV","ECI C-129927 EW40065F CATCH BASIN V","0",,"0","0","0","0",,"2017-12-11T00:00:00.000","1",,,,,"CITY",,,,"USD",,"VC0000029149-ECOLOGY CONTROL INDUSTRIES INC"
"6456002","2020","NON_DEPARTMENTAL","GREEN BUILDING CORPORATION","2020-02-03T00:00:00.000","5003.87",,"2605248","GENERAL GOVERNMENT","GOVERNMENTAL","CAPITAL PROJECTS","GOB 2009 CLEAN WATER CLEANUP","16T","PENMAR WATER QLTY PHASE II","50FZAA","AD26200000055246","SUPPLIES & OTHER SERVICES",,"8","2020-08 (FEB)","2020-03","2","FEBRUARY,2020","FEBRUARY","FMS",,,"50","GOB 2009 CLEAN WATER CLEANUP","VC0000014690","91406","CHECK","PAID","PRC502016T500016",,,"2020-01-30T00:00:00.000","1","1","SC50MSACO17127429KO","SC-GREEN BUILDING CORPORATION, CO#127429-PENMAR","PENMAR WATER QUALITY PH 11,  WO#EW400028F,CHANGE ORDERS#22& 23=$27,509.00","0",,"0","0","0","0",,"2018-09-05T00:00:00.000","1",,,,,"CITY",,,,"USD",,"VC0000014690-GREEN BUILDING CORPORATION"
"6452505","2020","NON_DEPARTMENTAL","ECOLOGY CONTROL INDUSTRIES INC","2020-02-20T00:00:00.000","4338",,"361776","GENERAL GOVERNMENT","GOVERNMENTAL","CAPITAL PROJECTS","GOB 2011A CLEAN WATER CLEANUP","16V","CATCH BASIN INSERTS / OPENINGS PH IV","50KZAA","AD26200000059941","IMPROVEMENTS OTHER THAN BUILDINGS",,"8","2020-08 (FEB)","2020-03","2","FEBRUARY,2020","FEBRUARY","FMS",,,"50","GOB 2011A CLEAN WATER CLEANUP","VC0000029149","90248","CHECK","PAID","PRC502016V500032",,,"2020-01-29T00:00:00.000","1","4","SC50CO18129927MO","SC-ECOLOGY CONTROL INDUSTRIES, CO#129927,CATCH BASIN IV","ECI C-129927 EW40065F CATCH BASIN V","0",,"0","0","0","0",,"2017-12-11T00:00:00.000","1",,,,,"CITY",,,,"USD",,"VC0000029149-ECOLOGY CONTROL INDUSTRIES INC"
"6452504","2020","NON_DEPARTMENTAL","ECOLOGY CONTROL INDUSTRIES INC","2020-02-20T00:00:00.000","3757.48",,"361776","GENERAL GOVERNMENT","GOVERNMENTAL","CAPITAL PROJECTS","GOB 2011A CLEAN WATER CLEANUP","16V","CATCH BASIN INSERTS / OPENINGS PH IV","50KZAA","AD26200000059941","IMPROVEMENTS OTHER THAN BUILDINGS",,"8","2020-08 (FEB)","2020-03","2","FEBRUARY,2020","FEBRUARY","FMS",,,"50","GOB 2011A CLEAN WATER CLEANUP","VC0000029149","90248","CHECK","PAID","PRC502016V500032",,,"2020-01-16T00:00:00.000","1","5","SC50CO18129927MO","SC-ECOLOGY CONTROL INDUSTRIES, CO#129927,CATCH BASIN IV","ECI C-129927 EW40065F CATCH BASIN V","0",,"0","0","0","0",,"2017-12-11T00:00:00.000","1",,,,,"CITY",,,,"USD",,"VC0000029149-ECOLOGY CONTROL INDUSTRIES INC"
"6452503","2020","NON_DEPARTMENTAL","ECOLOGY CONTROL INDUSTRIES INC","2020-02-20T00:00:00.000","3072.75",,"361776","GENERAL GOVERNMENT","GOVERNMENTAL","CAPITAL PROJECTS","GOB 2011A CLEAN WATER CLEANUP","16V","CATCH BASIN INSERTS / OPENINGS PH IV","50KZAA","AD26200000059941","IMPROVEMENTS OTHER THAN BUILDINGS",,"8","2020-08 (FEB)","2020-03","2","FEBRUARY,2020","FEBRUARY","FMS",,,"50","GOB 2011A CLEAN WATER CLEANUP","VC0000029149","90248","CHECK","PAID","PRC502016V500032",,,"2020-01-16T00:00:00.000","1","6","SC50CO18129927MO","SC-ECOLOGY CONTROL INDUSTRIES, CO#129927,CATCH BASIN IV","ECI C-129927 EW40065F CATCH BASIN V","0",,"0","0","0","0",,"2017-12-11T00:00:00.000","1",,,,,"CITY",,,,"USD",,"VC0000029149-ECOLOGY CONTROL INDUSTRIES INC"
"6452502","2020","NON_DEPARTMENTAL","ECOLOGY CONTROL INDUSTRIES INC","2020-02-20T00:00:00.000","1446",,"361776","GENERAL GOVERNMENT","GOVERNMENTAL","CAPITAL PROJECTS","GOB 2011A CLEAN WATER CLEANUP","16V","CATCH BASIN INSERTS / OPENINGS PH IV","50KZAA","AD26200000059941","IMPROVEMENTS OTHER THAN BUILDINGS",,"8","2020-08 (FEB)","2020-03","2","FEBRUARY,2020","FEBRUARY","FMS",,,"50","GOB 2011A CLEAN WATER CLEANUP","VC0000029149","90248","CHECK","PAID","PRC502016V500032",,,"2020-01-16T00:00:00.000","1","7","SC50CO18129927MO","SC-ECOLOGY CONTROL INDUSTRIES, CO#129927,CATCH BASIN IV","ECI C-129927 EW40065F CATCH BASIN V","0",,"0","0","0","0",,"2017-12-11T00:00:00.000","1",,,,,"CITY",,,,"USD",,"VC0000029149-ECOLOGY CONTROL INDUSTRIES INC"
"6452501","2020","NON_DEPARTMENTAL","ECOLOGY CONTROL INDUSTRIES INC","2020-02-20T00:00:00.000","1084.5",,"361776","GENERAL GOVERNMENT","GOVERNMENTAL","CAPITAL PROJECTS","GOB 2011A CLEAN WATER CLEANUP","16V","CATCH BASIN INSERTS / OPENINGS PH IV","50KZAA","AD26200000059941","IMPROVEMENTS OTHER THAN BUILDINGS",,"8","2020-08 (FEB)","2020-03","2","FEBRUARY,2020","FEBRUARY","FMS",,,"50","GOB 2011A CLEAN WATER CLEANUP","VC0000029149","90248","CHECK","PAID","PRC502016V500032",,,"2020-01-16T00:00:00.000","1","8","SC50CO18129927MO","SC-ECOLOGY CONTROL INDUSTRIES, CO#129927,CATCH BASIN IV","ECI C-129927 EW40065F CATCH BASIN V","0",,"0","0","0","0",,"2017-12-11T00:00:00.000","1",,,,,"CITY",,,,"USD",,"VC0000029149-ECOLOGY CONTROL INDUSTRIES INC"
"6452500","2020","NON_DEPARTMENTAL","ECOLOGY CONTROL INDUSTRIES INC","2020-02-20T00:00:00.000","964",,"361776","GENERAL GOVERNMENT","GOVERNMENTAL","CAPITAL PROJECTS","GOB 2011A CLEAN WATER CLEANUP","16V","CATCH BASIN INSERTS / OPENINGS PH IV","50KZAA","AD26200000059941","IMPROVEMENTS OTHER THAN BUILDINGS",,"8","2020-08 (FEB)","2020-03","2","FEBRUARY,2020","FEBRUARY","FMS",,,"50","GOB 2011A CLEAN WATER CLEANUP","VC0000029149","90248","CHECK","PAID","PRC502016V500032",,,"2020-01-16T00:00:00.000","1","9","SC50CO18129927MO","SC-ECOLOGY CONTROL INDUSTRIES, CO#129927,CATCH BASIN IV","ECI C-129927 EW40065F CATCH BASIN V","0",,"0","0","0","0",,"2017-12-11T00:00:00.000","1",,,,,"CITY",,,,"USD",,"VC0000029149-ECOLOGY CONTROL INDUSTRIES INC"
"6452499","2020","NON_DEPARTMENTAL","ECOLOGY CONTROL INDUSTRIES INC","2020-02-20T00:00:00.000","723",,"361776","GENERAL GOVERNMENT","GOVERNMENTAL","CAPITAL PROJECTS","GOB 2011A CLEAN WATER CLEANUP","16V","CATCH BASIN INSERTS / OPENINGS PH IV","50KZAA","AD26200000059941","IMPROVEMENTS OTHER THAN BUILDINGS",,"8","2020-08 (FEB)","2020-03","2","FEBRUARY,2020","FEBRUARY","FMS",,,"50","GOB 2011A CLEAN WATER CLEANUP","VC0000029149","90248","CHECK","PAID","PRC502016V500032",,,"2020-01-29T00:00:00.000","1","10","SC50CO18129927MO","SC-ECOLOGY CONTROL INDUSTRIES, CO#129927,CATCH BASIN IV","ECI C-129927 EW40065F CATCH BASIN V","0",,"0","0","0","0",,"2017-12-11T00:00:00.000","1",,,,,"CITY",,,,"USD",,"VC0000029149-ECOLOGY CONTROL INDUSTRIES INC"
"6452498","2020","NON_DEPARTMENTAL","ECOLOGY CONTROL INDUSTRIES INC","2020-02-20T00:00:00.000","482",,"361776","GENERAL GOVERNMENT","GOVERNMENTAL","CAPITAL PROJECTS","GOB 2011A CLEAN WATER CLEANUP","16V","CATCH BASIN INSERTS / OPENINGS PH IV","50KZAA","AD26200000059941","IMPROVEMENTS OTHER THAN BUILDINGS",,"8","2020-08 (FEB)","2020-03","2","FEBRUARY,2020","FEBRUARY","FMS",,,"50","GOB 2011A CLEAN WATER CLEANUP","VC0000029149","90248","CHECK","PAID","PRC502016V500032",,,"2020-01-16T00:00:00.000","1","11","SC50CO18129927MO","SC-ECOLOGY CONTROL INDUSTRIES, CO#129927,CATCH BASIN IV","ECI C-129927 EW40065F CATCH BASIN V","0",,"0","0","0","0",,"2017-12-11T00:00:00.000","1",,,,,"CITY",,,,"USD",,"VC0000029149-ECOLOGY CONTROL INDUSTRIES INC"
"6452497","2020","NON_DEPARTMENTAL","ECOLOGY CONTROL INDUSTRIES INC","2020-02-20T00:00:00.000","361.5",,"361776","GENERAL GOVERNMENT","GOVERNMENTAL","CAPITAL PROJECTS","GOB 2011A CLEAN WATER CLEANUP","16V","CATCH BASIN INSERTS / OPENINGS PH IV","50KZAA","AD26200000059941","IMPROVEMENTS OTHER THAN BUILDINGS",,"8","2020-08 (FEB)","2020-03","2","FEBRUARY,2020","FEBRUARY","FMS",,,"50","GOB 2011A CLEAN WATER CLEANUP","VC0000029149","90248","CHECK","PAID","PRC502016V500032",,,"2020-01-16T00:00:00.000","1","12","SC50CO18129927MO","SC-ECOLOGY CONTROL INDUSTRIES, CO#129927,CATCH BASIN IV","ECI C-129927 EW40065F CATCH BASIN V","0",,"0","0","0","0",,"2017-12-11T00:00:00.000","1",,,,,"CITY",,,,"USD",,"VC0000029149-ECOLOGY CONTROL INDUSTRIES INC"
"6452496","2020","NON_DEPARTMENTAL","ECOLOGY CONTROL INDUSTRIES INC","2020-02-20T00:00:00.000","241",,"361776","GENERAL GOVERNMENT","GOVERNMENTAL","CAPITAL PROJECTS","GOB 2011A CLEAN WATER CLEANUP","16V","CATCH BASIN INSERTS / OPENINGS PH IV","50KZAA","AD26200000059941","IMPROVEMENTS OTHER THAN BUILDINGS",,"8","2020-08 (FEB)","2020-03","2","FEBRUARY,2020","FEBRUARY","FMS",,,"50","GOB 2011A CLEAN WATER CLEANUP","VC0000029149","90248","CHECK","PAID","PRC502016V500032",,,"2020-01-29T00:00:00.000","1","13","SC50CO18129927MO","SC-ECOLOGY CONTROL INDUSTRIES, CO#129927,CATCH BASIN IV","ECI C-129927 EW40065F CATCH BASIN V","0",,"0","0","0","0",,"2017-12-11T00:00:00.000","1",,,,,"CITY",,,,"USD",,"VC0000029149-ECOLOGY CONTROL INDUSTRIES INC"
"6421794","2020","NON_DEPARTMENTAL","ENVIRONMENTAL CONSTRUCTION INC","2020-01-15T00:00:00.000","153656.27",,"2053516","GENERAL GOVERNMENT","GOVERNMENTAL","CAPITAL PROJECTS","GOB 2011A CLEAN WATER CLEANUP","16V","WESTWOOD NEIGHBORHOOD GREENWAY PROJECT","50PZAB","AD26200000051148","IMPROVEMENTS OTHER THAN BUILDINGS",,"7","2020-07 (JAN)","2020-03","1","JANUARY,2020","JANUARY","FMS",,,"50","GOB 2011A CLEAN WATER CLEANUP","100022472","91367","CHECK","PAID","PRC502016V500029",,,"2020-01-09T00:00:00.000","1","1","SC50CO20133919KO","ENVIRONMENTAL CONS


C-133919 EW40071F","ECI C-133919 EW40071F WESTWOOD NEIGHBORHOOD GREENWAY PROJ","0",,"0","0","0","0",,"2019-12-12T00:00:00.000","1",,,,,"CITY",,,,"USD",,"100022472-ENVIRONMENTAL CONSTRUCTION INC"
"6421672","2020","NON_DEPARTMENTAL","GEOSYNTEC CONSULTANTS/C","2020-01-30T00:00:00.000","68413.05",,"882142","GENERAL GOVERNMENT","GOVERNMENTAL","CAPITAL PROJECTS","GOB 2009 CLEAN WATER CLEANUP","16T","PROP O OPTIMIZATION","50MYAF","AD26200000054513","SUPPLIES & OTHER SERVICES",,"7","2020-07 (JAN)","2020-03","1","JANUARY,2020","JANUARY","FMS",,,"50","GOB 2009 CLEAN WATER CLEANUP","100001208","33487","CHECK","PAID","PRC502016T500014",,,"2020-01-22T00:00:00.000","1","1","SC50CO18124345MO","SC-GEOSYNTEC CONSULTANTS, INC.


C#124345,TOS SN-73","GEOSYNTEC CONSULTANTS INC","0",,"0","0","0","0",,"2019-12-09T00:00:00.000","1",,,,,"CITY",,,,"USD",,"100001208-GEOSYNTEC CONSULTANTS/C"
"6421479","2020","NON_DEPARTMENTAL","ARCADIS U.S. INC","2020-01-09T00:00:00.000","52232.5",,"143256","GENERAL GOVERNMENT","GOVERNMENTAL","CAPITAL PROJECTS","GOB 2011A CLEAN WATER CLEANUP","16V","ALBION RIVERSIDE PARK IMPROVEMENTS","50KXAD","EFT26200000007029","SUPPLIES & OTHER SERVICES",,"7","2020-07 (JAN)","2020-03","1","JANUARY,2020","JANUARY","FMS",,,"50","GOB 2011A CLEAN WATER CLEANUP","100035931","60693-0626","EFT","PAID","PRC502016V500027",,,"2020-01-02T00:00:00.000","1","1","SC50CO18129644MO","SC-ARCADIS, CO129644 VERMONT","ARCADIS, CO129644, EW40060F ALBION","0",,"0","0","0","0",,"2020-01-29T00:00:00.000","17",,,,,"CITY",,,,"USD",,"100035931-ARCADIS U.S. INC"
"6421670","2020","NON_DEPARTMENTAL","GEOSYNTEC CONSULTANTS/C","2020-01-15T00:00:00.000","37191.69",,"882142","GENERAL GOVERNMENT","GOVERNMENTAL","CAPITAL PROJECTS","GOB 2009 CLEAN WATER CLEANUP","16T","PROP O OPTIMIZATION","50MYAF","AD26200000051107","SUPPLIES & OTHER SERVICES",,"7","2020-07 (JAN)","2020-03","1","JANUARY,2020","JANUARY","FMS",,,"50","GOB 2009 CLEAN WATER CLEANUP","100001208","33487","CHECK","PAID","PRC502016T500013",,,"2019-12-18T00:00:00.000","1","2","SC50CO18124345MO","SC-GEOSYNTEC CONSULTANTS, INC.


C#124345,TOS SN-73","GEOSYNTEC CONSULTANTS, INC.","0",,"0","0","0","0",,"2019-12-09T00:00:00.000","1",,,,,"CITY",,,,"USD",,"100001208-GEOSYNTEC CONSULTANTS/C"
"6421671","2020","NON_DEPARTMENTAL","GEOSYNTEC CONSULTANTS/C","2020-01-15T00:00:00.000","35090.61",,"882142","GENERAL GOVERNMENT","GOVERNMENTAL","CAPITAL PROJECTS","GOB 2009 CLEAN WATER CLEANUP","16T","PROP O OPTIMIZATION","50MYAF","AD26200000051107","SUPPLIES & OTHER SERVICES",,"7","2020-07 (JAN)","2020-03","1","JANUARY,2020","JANUARY","FMS",,,"50","GOB 2009 CLEAN WATER CLEANUP","100001208","33487","CHECK","PAID","PRC502016T500013",,,"2019-12-18T00:00:00.000","1","1","SC50CO18124345MO","SC-GEOSYNTEC CONSULTANTS, INC.


C#124345,TOS SN-73","GEOSYNTEC CONSULTANTS, INC.","0",,"0","0","0","0",,"2019-12-09T00:00:00.000","1",,,,,"CITY",,,,"USD",,"100001208-GEOSYNTEC CONSULTANTS/C"
"6421795","2020","NON_DEPARTMENTAL","CLARKE CONTRACTING CORP","2020-01-09T00:00:00.000","7826.77",,"332897","GENERAL GOVERNMENT","GOVERNMENTAL","CAPITAL PROJECTS","GOB 2011A CLEAN WATER CLEANUP","16V","VERMONT AVENUE STORMWATER CAPTURE AND GREEN STREET PROJECT","50PZAC","EFT26200000007023","SUPPLIES & OTHER SERVICES",,"7","2020-07 (JAN)","2020-03","1","JANUARY,2020","JANUARY","FMS",,,"50","GOB 2011A CLEAN WATER CLEANUP","100005114","90260","EFT","PAID","PRC502016V500028",,,"2020-01-02T00:00:00.000","1","1","SC50CO19130419KO","CO130419 CLARKE CONTRACTING CORP","CLARKE CO130419 EW40074F VERMONT STORMWATER CAPTURE GREEN ST","0",,"0","0","0","0",,"2019-08-12T00:00:00.000","3",,,,,"CITY",,,,"USD",,"100005114-CLARKE CONTRACTING CORP"
"6362089","2020","NON_DEPARTMENTAL","OHL USA INC","2019-12-31T00:00:00.000","1536179.9",,"2732354","GENERAL GOVERNMENT","GOVERNMENTAL","CAPITAL PROJECTS","GOB 2009 CLEAN WATER CLEANUP","16T","ARGO DRAIN SUB BASIN FACILITY.1","50LWAF","EFT26200000006796","IMPROVEMENTS OTHER THAN BUILDINGS",,"6","2020-06 (DEC)","2020-02","12","DECEMBER,2019","DECEMBER","FMS",,,"50","GOB 2009 CLEAN WATER CLEANUP","VC0000014741","92614-7279","EFT","PAID","PRC502016T500012",,,"2019-12-12T00:00:00.000","4","2","SC50CO19131878KO","OHL USA INC-CO#131878, ARGO","ARGO DRAIN, CO#131878 16T/50LWAF","0",,"0","0","0","0",,"2019-12-24T00:00:00.000","2",,,,,"CITY",,,,"USD",,"VC0000014741-OHL USA INC"
"6362027","2020","NON_DEPARTMENTAL","OHL USA INC","2019-12-11T00:00:00.000","1485820.39",,"2732354","GENERAL GOVERNMENT","GOVERNMENTAL","CAPITAL PROJECTS","GOB 2009 CLEAN WATER CLEANUP","16T","ARGO DRAIN SUB BASIN FACILITY.1","50LWAF","EFT26200000005975","IMPROVEMENTS OTHER THAN BUILDINGS",,"6","2020-06 (DEC)","2020-02","12","DECEMBER,2019","DECEMBER","FMS",,,"50","GOB 2009 CLEAN WATER CLEANUP","VC0000014741","92614-7279","EFT","PAID","PRC502016T500011",,,"2019-11-22T00:00:00.000","3","1","SC50CO19131878KO","OHL USA INC-CO#131878, ARGO","ARGO DRAIN, CO#131878 16T/50LWAF","0",,"0","0","0","0",,"2019-12-24T00:00:00.000","1",,,,,"CITY",,,,"USD",,"VC0000014741-OHL USA INC"
"6362029","2020","NON_DEPARTMENTAL","OHL USA INC","2019-12-11T00:00:00.000","566541.2",,"2732354","GENERAL GOVERNMENT","GOVERNMENTAL","CAPITAL PROJECTS","GOB 2008A CLEAN WATER CLEANUP","16Q","ARGO DRAIN SUB BASIN FACILITY.2","50LXAE","EFT26200000005975","IMPROVEMENTS OTHER THAN BUILDINGS",,"6","2020-06 (DEC)","2020-02","12","DECEMBER,2019","DECEMBER","FMS",,,"50","GOB 2008A CLEAN WATER CLEANUP","VC0000014741","92614-7279","EFT","PAID","PRC502016T500011",,,"2019-11-22T00:00:00.000","4","2","SC50CO19131878KO","OHL USA INC-CO#131878, ARGO","OHL CO131878 EW40067F ARGO DRAIN","0",,"0","0","0","0",,"2019-12-24T00:00:00.000","1",,,,,"CITY",,,,"USD",,"VC0000014741-OHL USA INC"
"6362090","2020","NON_DEPARTMENTAL","OHL USA INC","2019-12-31T00:00:00.000","305189.5",,"2732354","GENERAL GOVERNMENT","GOVERNMENTAL","CAPITAL PROJECTS","GOB 2008A CLEAN WATER CLEANUP","16Q","ARGO DRAIN SUB BASIN FACILITY.2","50LXAE","EFT26200000006796","IMPROVEMENTS OTHER THAN BUILDINGS",,"6","2020-06 (DEC)","2020-02","12","DECEMBER,2019","DECEMBER","FMS",,,"50","GOB 2008A CLEAN WATER CLEANUP","VC0000014741","92614-7279","EFT","PAID","PRC502016T500012",,,"2019-12-12T00:00:00.000","3","1","SC50CO19131878KO","OHL USA INC-CO#131878, ARGO","OHL CO131878 EW40067F ARGO DRAIN","0",,"0","0","0","0",,"2019-12-24T00:00:00.000","2",,,,,"CITY",,,,"USD",,"VC0000014741-OHL USA INC"
"6361988","2020","NON_DEPARTMENTAL","ENVIRONMENTAL CONSTRUCTION INC","2019-12-16T00:00:00.000","303924.53",,"2053516","GENERAL GOVERNMENT","GOVERNMENTAL","CAPITAL PROJECTS","GOB 2011A CLEAN WATER CLEANUP","16V","WESTWOOD NEIGHBORHOOD GREENWAY PROJECT","50PZAB","AD26200000044046","IMPROVEMENTS OTHER THAN BUILDINGS",,"6","2020-06 (DEC)","2020-02","12","DECEMBER,2019","DECEMBER","FMS",,,"50","GOB 2011A CLEAN WATER CLEANUP","100022472","91367","CHECK","PAID","PRC502016V500024",,,"2019-11-07T00:00:00.000","1","1","SC50CO20133919KO","ENVIRONMENTAL CONS


C-133919 EW40071F","ENVIRONMENTAL CONSC-133919 EW40071F","0",,"0","0","0","0",,"2019-12-12T00:00:00.000","1",,,,,"CITY",,,,"USD",,"100022472-ENVIRONMENTAL CONSTRUCTION INC"
"6361987","2020","NON_DEPARTMENTAL","ENVIRONMENTAL CONSTRUCTION INC","2019-12-24T00:00:00.000","198044.52",,"2053516","GENERAL GOVERNMENT","GOVERNMENTAL","CAPITAL PROJECTS","GOB 2011A CLEAN WATER CLEANUP","16V","WESTWOOD NEIGHBORHOOD GREENWAY PROJECT","50PZAB","AD26200000046497","IMPROVEMENTS OTHER THAN BUILDINGS",,"6","2020-06 (DEC)","2020-02","12","DECEMBER,2019","DECEMBER","FMS",,,"50","GOB 2011A CLEAN WATER CLEANUP","100022472","91367","CHECK","PAID","PRC502016V500026",,,"2019-12-17T00:00:00.000","1","1","SC50CO20133919KO","ENVIRONMENTAL CONS


C-133919 EW40071F","ENVIRONMENTAL CONSC-133919 EW40071F","0",,"0","0","0","0",,"2019-12-12T00:00:00.000","1",,,,,"CITY",,,,"USD",,"100022472-ENVIRONMENTAL CONSTRUCTION INC"
"6362028","2020","NON_DEPARTMENTAL","OHL USA INC","2019-12-10T00:00:00.000","108019.03",,"2732354","GENERAL GOVERNMENT","GOVERNMENTAL","CAPITAL PROJECTS","GOB 2008A CLEAN WATER CLEANUP","16Q","ARGO DRAIN SUB BASIN FACILITY.2","50LXAE","AD26200000042510","IMPROVEMENTS OTHER THAN BUILDINGS",,"6","2020-06 (DEC)","2020-02","12","DECEMBER,2019","DECEMBER","FMS",,,"50","GOB 2008A CLEAN WATER CLEANUP","VC0000014741","90071-2005","CHECK","PAID","PRC502016Q500001",,,"2019-11-22T00:00:00.000","5","1","SC50CO19131878KO","OHL USA INC-CO#131878, ARGO","OHL CO131878 EW40067F ARGO DRAIN ESCROW#397-B/ACCT#231496000","0",,"0","0","0","0",,"2019-12-24T00:00:00.000","1",,,,,"CITY",,,,"USD",,"VC0000014741-OHL USA INC"
"6362091","2020","NON_DEPARTMENTAL","OHL USA INC","2019-12-27T00:00:00.000","96914.18",,"2732354","GENERAL GOVERNMENT","GOVERNMENTAL","CAPITAL PROJECTS","GOB 2008A CLEAN WATER CLEANUP","16Q","ARGO DRAIN SUB BASIN FACILITY.2","50LXAE","AD26200000046837","IMPROVEMENTS OTHER THAN BUILDINGS",,"6","2020-06 (DEC)","2020-02","12","DECEMBER,2019","DECEMBER","FMS",,,"50","GOB 2008A CLEAN WATER CLEANUP","VC0000014741","90071-2005","CHECK","PAID","PRC502016Q500002",,,"2019-12-12T00:00:00.000","5","1","SC50CO19131878KO","OHL USA INC-CO#131878, ARGO","ARGO DRAIN, CO#131878 16Q/50/50LXAE","0",,"0","0","0","0",,"2019-12-24T00:00:00.000","2",,,,,"CITY",,,,"USD",,"VC0000014741-OHL USA INC"
"6358279","2020","NON_DEPARTMENTAL","ECOLOGY CONTROL INDUSTRIES INC","2019-12-09T00:00:00.000","75408.13",,"361776","GENERAL GOVERNMENT","GOVERNMENTAL","CAPITAL PROJECTS","GOB 2011A CLEAN WATER CLEANUP","16V","CATCH BASIN INSERTS / OPENINGS PH IV","50KZAA","AD26200000042347","IMPROVEMENTS OTHER THAN BUILDINGS",,"6","2020-06 (DEC)","2020-02","12","DECEMBER,2019","DECEMBER","FMS",,,"50","GOB 2011A CLEAN WATER CLEANUP","VC0000029149","90248","CHECK","PAID","PRC502016V500023",,,"2019-11-20T00:00:00.000","1","1","SC50CO18129927MO","SC-ECOLOGY CONTROL INDUSTRIES, CO#129927,CATCH BASIN IV","ECI CO-129927 EW40065F CATCH BASIN V","0",,"0","0","0","0",,"2017-12-11T00:00:00.000","1",,,,,"CITY",,,,"USD",,"VC0000029149-ECOLOGY CONTROL INDUSTRIES INC"
"6358280","2020","NON_DEPARTMENTAL","ECOLOGY CONTROL INDUSTRIES INC","2019-12-17T00:00:00.000","56000",,"361776","GENERAL GOVERNMENT","GOVERNMENTAL","CAPITAL PROJECTS","GOB 2011A CLEAN WATER CLEANUP","16V","CATCH BASIN INSERTS / OPENINGS PH IV","50KZAA","AD26200000044815","IMPROVEMENTS OTHER THAN BUILDINGS",,"6","2020-06 (DEC)","2020-02","12","DECEMBER,2019","DECEMBER","FMS",,,"50","GOB 2011A CLEAN WATER CLEANUP","VC0000029149","90248","CHECK","PAID","PRC502016V500022",,,"2019-11-21T00:00:00.000","1","1","SC50CO18129927MO","SC-ECOLOGY CONTROL INDUSTRIES, CO#129927,CATCH BASIN IV","ECI CO-129927 EW40065F CATCH BASIN V","0",,"0","0","0","0",,"2017-12-11T00:00:00.000","1",,,,,"CITY",,,,"USD",,"VC0000029149-ECOLOGY CONTROL INDUSTRIES INC"
"6356284","2020","NON_DEPARTMENTAL","GEOSYNTEC CONSULTANTS/C","2019-12-10T00:00:00.000","39698.74",,"882142","GENERAL GOVERNMENT","GOVERNMENTAL","CAPITAL PROJECTS","GOB 2009 CLEAN WATER CLEANUP","16T","PROP O OPTIMIZATION","50MYAF","AD26200000042472","SUPPLIES & OTHER SERVICES",,"6","2020-06 (DEC)","2020-02","12","DECEMBER,2019","DECEMBER","FMS",,,"50","GOB 2009 CLEAN WATER CLEANUP","100001208","33487","CHECK","PAID","PRC502016T500010",,,"2019-11-01T00:00:00.000","1","1","SC50CO18124345MO","SC-GEOSYNTEC CONSULTANTS, INC.


C#124345,TOS SN-73","GEOSYNTEC CONSULTANTS, INC.","0",,"0","0","0","0",,"2019-12-09T00:00:00.000","1",,,,,"CITY",,,,"USD",,"100001208-GEOSYNTEC CONSULTANTS/C"
"6358287","2020","NON_DEPARTMENTAL","ECOLOGY CONTROL INDUSTRIES INC","2019-12-10T00:00:00.000","18737",,"361776","GENERAL GOVERNMENT","GOVERNMENTAL","CAPITAL PROJECTS","GOB 2011A CLEAN WATER CLEANUP","16V","CATCH BASIN INSERTS / OPENINGS PH IV","50KZAA","AD26200000042724","IMPROVEMENTS OTHER THAN BUILDINGS",,"6","2020-06 (DEC)","2020-02","12","DECEMBER,2019","DECEMBER","FMS",,,"50","GOB 2011A CLEAN WATER CLEANUP","VC0000029149","90248","CHECK","PAID","PRC502016V500021",,,"2019-11-21T00:00:00.000","1","3","SC50CO18129927MO","SC-ECOLOGY CONTROL INDUSTRIES, CO#129927,CATCH BASIN IV","ECI CO-129927 EW40065F CATCH BASIN V","0",,"0","0","0","0",,"2017-12-11T00:00:00.000","1",,,,,"CITY",,,,"USD",,"VC0000029149-ECOLOGY CONTROL INDUSTRIES INC"
"6358286","2020","NON_DEPARTMENTAL","ECOLOGY CONTROL INDUSTRIES INC","2019-12-10T00:00:00.000","16267.5",,"361776","GENERAL GOVERNMENT","GOVERNMENTAL","CAPITAL PROJECTS","GOB 2011A CLEAN WATER CLEANUP","16V","CATCH BASIN INSERTS / OPENINGS PH IV","50KZAA","AD26200000042724","IMPROVEMENTS OTHER THAN BUILDINGS",,"6","2020-06 (DEC)","2020-02","12","DECEMBER,2019","DECEMBER","FMS",,,"50","GOB 2011A CLEAN WATER CLEANUP","VC0000029149","90248","CHECK","PAID","PRC502016V500021",,,"2019-11-20T00:00:00.000","1","2","SC50CO18129927MO","SC-ECOLOGY CONTROL INDUSTRIES, CO#129927,CATCH BASIN IV","ECI CO-129927 EW40065F CATCH BASIN V","0",,"0","0","0","0",,"2017-12-11T00:00:00.000","1",,,,,"CITY",,,,"USD",,"VC0000029149-ECOLOGY CONTROL INDUSTRIES INC"
"6358285","2020","NON_DEPARTMENTAL","ECOLOGY CONTROL INDUSTRIES INC","2019-12-10T00:00:00.000","14942",,"361776","GENERAL GOVERNMENT","GOVERNMENTAL","CAPITAL PROJECTS","GOB 2011A CLEAN WATER CLEANUP","16V","CATCH BASIN INSERTS / OPENINGS PH IV","50KZAA","AD26200000042724","IMPROVEMENTS OTHER THAN BUILDINGS",,"6","2020-06 (DEC)","2020-02","12","DECEMBER,2019","DECEMBER","FMS",,,"50","GOB 2011A CLEAN WATER CLEANUP","VC0000029149","90248","CHECK","PAID","PRC502016V500021",,,"2019-11-18T00:00:00.000","1","1","SC50CO18129927MO","SC-ECOLOGY CONTROL INDUSTRIES, CO#129927,CATCH BASIN IV","ECI CO-129927 EW40065F CATCH BASIN V","0",,"0","0","0","0",,"2017-12-11T00:00:00.000","1",,,,,"CITY",,,,"USD",,"VC0000029149-ECOLOGY CONTROL INDUSTRIES INC"
"6358289","2020","NON_DEPARTMENTAL","ECOLOGY CONTROL INDUSTRIES INC","2019-12-10T00:00:00.000","4106",,"361776","GENERAL GOVERNMENT","GOVERNMENTAL","CAPITAL PROJECTS","GOB 2011A CLEAN WATER CLEANUP","16V","CATCH BASIN INSERTS / OPENINGS PH IV","50KZAA","AD26200000042724","IMPROVEMENTS OTHER THAN BUILDINGS",,"6","2020-06 (DEC)","2020-02","12","DECEMBER,2019","DECEMBER","FMS",,,"50","GOB 2011A CLEAN WATER CLEANUP","VC0000029149","90248","CHECK","PAID","PRC502016V500021",,,"2019-11-19T00:00:00.000","1","5","SC50CO18129927MO","SC-ECOLOGY CONTROL INDUSTRIES, CO#129927,CATCH BASIN IV","ECI CO-129927 EW40065F CATCH BASIN V","0",,"0","0","0","0",,"2017-12-11T00:00:00.000","1",,,,,"CITY",,,,"USD",,"VC0000029149-ECOLOGY CONTROL INDUSTRIES INC"
"6358281","2020","NON_DEPARTMENTAL","ECOLOGY CONTROL INDUSTRIES INC","2019-12-10T00:00:00.000","2803.49",,"361776","GENERAL GOVERNMENT","GOVERNMENTAL","CAPITAL PROJECTS","GOB 2011A CLEAN WATER CLEANUP","16V","CATCH BASIN INSERTS / OPENINGS PH IV","50KZAA","AD26200000042724","IMPROVEMENTS OTHER THAN BUILDINGS",,"6","2020-06 (DEC)","2020-02","12","DECEMBER,2019","DECEMBER","FMS",,,"50","GOB 2011A CLEAN WATER CLEANUP","VC0000029149","90248","CHECK","PAID","PRC502016V500021",,,"2019-11-21T00:00:00.000","1","6","SC50CO18129927MO","SC-ECOLOGY CONTROL INDUSTRIES, CO#129927,CATCH BASIN IV","ECI CO-129927 EW40065F CATCH BASIN V","0",,"0","0","0","0",,"2017-12-11T00:00:00.000","1",,,,,"CITY",,,,"USD",,"VC0000029149-ECOLOGY CONTROL INDUSTRIES INC"
"6358282","2020","NON_DEPARTMENTAL","ECOLOGY CONTROL INDUSTRIES INC","2019-12-10T00:00:00.000","2772.99",,"361776","GENERAL GOVERNMENT","GOVERNMENTAL","CAPITAL PROJECTS","GOB 2011A CLEAN WATER CLEANUP","16V","CATCH BASIN INSERTS / OPENINGS PH IV","50KZAA","AD26200000042724","IMPROVEMENTS OTHER THAN BUILDINGS",,"6","2020-06 (DEC)","2020-02","12","DECEMBER,2019","DECEMBER","FMS",,,"50","GOB 2011A CLEAN WATER CLEANUP","VC0000029149","90248","CHECK","PAID","PRC502016V500021",,,"2019-11-21T00:00:00.000","1","7","SC50CO18129927MO","SC-ECOLOGY CONTROL INDUSTRIES, CO#129927,CATCH BASIN IV","ECI CO-129927 EW40065F CATCH BASIN V","0",,"0","0","0","0",,"2017-12-11T00:00:00.000","1",,,,,"CITY",,,,"USD",,"VC0000029149-ECOLOGY CONTROL INDUSTRIES INC"
"6361939","2020","NON_DEPARTMENTAL","CLARKE CONTRACTING CORP","2019-12-18T00:00:00.000","1448.69",,"332897","GENERAL GOVERNMENT","GOVERNMENTAL","CAPITAL PROJECTS","GOB 2011A CLEAN WATER CLEANUP","16V","VERMONT AVENUE STORMWATER CAPTURE AND GREEN STREET PROJECT","50PZAC","EFT26200000006328","SUPPLIES & OTHER SERVICES",,"6","2020-06 (DEC)","2020-02","12","DECEMBER,2019","DECEMBER","FMS",,,"50","GOB 2011A CLEAN WATER CLEANUP","100005114","90260","EFT","PAID","PRC502016V500025",,,"2019-12-12T00:00:00.000","1","1","SC50CO19130419KO","CO130419 CLARKE CONTRACTING CORP","EW40074F --VERMONT PH 1 & CLARKE","0",,"0","0","0","0",,"2019-08-12T00:00:00.000","3",,,,,"CITY",,,,"USD",,"100005114-CLARKE CONTRACTING CORP"
"6358288","2020","NON_DEPARTMENTAL","ECOLOGY CONTROL INDUSTRIES INC","2019-12-10T00:00:00.000","1084.5",,"361776","GENERAL GOVERNMENT","GOVERNMENTAL","CAPITAL PROJECTS","GOB 2011A CLEAN WATER CLEANUP","16V","CATCH BASIN INSERTS / OPENINGS PH IV","50KZAA","AD26200000042724","IMPROVEMENTS OTHER THAN BUILDINGS",,"6","2020-06 (DEC)","2020-02","12","DECEMBER,2019","DECEMBER","FMS",,,"50","GOB 2011A CLEAN WATER CLEANUP","VC0000029149","90248","CHECK","PAID","PRC502016V500021",,,"2019-11-19T00:00:00.000","1","4","SC50CO18129927MO","SC-ECOLOGY CONTROL INDUSTRIES, CO#129927,CATCH BASIN IV","ECI CO-129927 EW40065F CATCH BASIN V","0",,"0","0","0","0",,"2017-12-11T00:00:00.000","1",,,,,"CITY",,,,"USD",,"VC0000029149-ECOLOGY CONTROL INDUSTRIES INC"
"6358283","2020","NON_DEPARTMENTAL","ECOLOGY CONTROL INDUSTRIES INC","2019-12-10T00:00:00.000","843.5",,"361776","GENERAL GOVERNMENT","GOVERNMENTAL","CAPITAL PROJECTS","GOB 2011A CLEAN WATER CLEANUP","16V","CATCH BASIN INSERTS / OPENINGS PH IV","50KZAA","AD26200000042724","IMPROVEMENTS OTHER THAN BUILDINGS",,"6","2020-06 (DEC)","2020-02","12","DECEMBER,2019","DECEMBER","FMS",,,"50","GOB 2011A CLEAN WATER CLEANUP","VC0000029149","90248","CHECK","PAID","PRC502016V500021",,,"2019-11-19T00:00:00.000","1","8","SC50CO18129927MO","SC-ECOLOGY CONTROL INDUSTRIES, CO#129927,CATCH BASIN IV","ECI CO-129927 EW40065F CATCH BASIN V","0",,"0","0","0","0",,"2017-12-11T00:00:00.000","1",,,,,"CITY",,,,"USD",,"VC0000029149-ECOLOGY CONTROL INDUSTRIES INC"
"6358284","2020","NON_DEPARTMENTAL","ECOLOGY CONTROL INDUSTRIES INC","2019-12-10T00:00:00.000","843.5",,"361776","GENERAL GOVERNMENT","GOVERNMENTAL","CAPITAL PROJECTS","GOB 2011A CLEAN WATER CLEANUP","16V","CATCH BASIN INSERTS / OPENINGS PH IV","50KZAA","AD26200000042724","IMPROVEMENTS OTHER THAN BUILDINGS",,"6","2020-06 (DEC)","2020-02","12","DECEMBER,2019","DECEMBER","FMS",,,"50","GOB 2011A CLEAN WATER CLEANUP","VC0000029149","90248","CHECK","PAID","PRC502016V500021",,,"2019-11-19T00:00:00.000","1","9","SC50CO18129927MO","SC-ECOLOGY CONTROL INDUSTRIES, CO#129927,CATCH BASIN IV","ECI CO-129927 EW40065F CATCH BASIN V","0",,"0","0","0","0",,"2017-12-11T00:00:00.000","1",,,,,"CITY",,,,"USD",,"VC0000029149-ECOLOGY CONTROL INDUSTRIES INC"
"6314469","2020","NON_DEPARTMENTAL","OHL USA INC","2019-11-04T00:00:00.000","2043845.03",,"2732354","GENERAL GOVERNMENT","GOVERNMENTAL","CAPITAL PROJECTS","GOB 2011A CLEAN WATER CLEANUP","16V","ARGO DRAIN SUB BASIN FACILITY","50RZAE","EFT26200000004592","IMPROVEMENTS OTHER THAN BUILDINGS",,"5","2020-05 (NOV)","2020-02","11","NOVEMBER,2019","NOVEMBER","FMS",,,"50","GOB 2011A CLEAN WATER CLEANUP","VC0000014741","92614-7279","EFT","PAID","PRC502016V500019",,,"2019-10-18T00:00:00.000","3","1","SC50CO19131878KO","OHL USA INC-CO#131878, ARGO","ARGO DRAIN,CO#131878,16V/50RZAE,EW40067F,NTP DTD 9/10/2018","0",,"0","0","0","0",,"2019-12-04T00:00:00.000","1",,,,,"CITY",,,,"USD",,"VC0000014741-OHL USA INC"
"6269128","2020","NON_DEPARTMENTAL","OHL USA INC","2019-11-04T00:00:00.000","2043845.03",,"2732354","GENERAL GOVERNMENT","GOVERNMENTAL","CAPITAL PROJECTS","GOB 2011A CLEAN WATER CLEANUP","16V","ARGO DRAIN SUB BASIN FACILITY","50RZAE","EFT26200000004592","IMPROVEMENTS OTHER THAN BUILDINGS",,"5","2020-05 (NOV)","2020-02","11","NOVEMBER,2019","NOVEMBER","FMS",,,"50","GOB 2011A CLEAN WATER CLEANUP","VC0000014741","92614-7279","EFT","PAID","PRC502016V500019",,,"2019-10-18T00:00:00.000","3","1","SC50CO19131878KO","OHL USA INC-CO#131878, ARGO","ARGO DRAIN,CO#131878,16V/50RZAE,EW40067F,NTP DTD 9/10/2018","0",,"0","0","0","0",,"2019-12-04T00:00:00.000","1",,,,,"CITY",,,,"USD",,"VC0000014741-OHL USA INC"
"6269057","2020","NON_DEPARTMENTAL","SULLY MILLER CONTRACTING CO","2019-11-04T00:00:00.000","339091.16",,"940327","GENERAL GOVERNMENT","GOVERNMENTAL","CAPITAL PROJECTS","GOB 2009 CLEAN WATER CLEANUP","16T","ALBION RIVERSIDE PARK IMPROVEMENTS","50KXAD","AD26200000032591","SUPPLIES & OTHER SERVICES",,"5","2020-05 (NOV)","2020-02","11","NOVEMBER,2019","NOVEMBER","FMS",,,"50","GOB 2009 CLEAN WATER CLEANUP","100011337","92821","CHECK","PAID","PRC502016T500009",,,"2019-10-21T00:00:00.000","1","1","SC50MSACO17129088KO","CO#73 -136,383","ALBION RIVERSIDE, EMERGENCY CHG ORDER#007=$1,251,539.00EW40060F,BR DTD 5/252018","0",,"0","0","0","0",,"2019-09-12T00:00:00.000","1",,,,,"CITY",,,,"USD",,"100011337-SULLY MILLER CONTRACTING CO"
"6314398","2020","NON_DEPARTMENTAL","SULLY MILLER CONTRACTING CO","2019-11-04T00:00:00.000","339091.16",,"940327","GENERAL GOVERNMENT","GOVERNMENTAL","CAPITAL PROJECTS","GOB 2009 CLEAN WATER CLEANUP","16T","ALBION RIVERSIDE PARK IMPROVEMENTS","50KXAD","AD26200000032591","SUPPLIES & OTHER SERVICES",,"5","2020-05 (NOV)","2020-02","11","NOVEMBER,2019","NOVEMBER","FMS",,,"50","GOB 2009 CLEAN WATER CLEANUP","100011337","92821","CHECK","PAID","PRC502016T500009",,,"2019-10-21T00:00:00.000","1","1","SC50MSACO17129088KO","CO#73 -136,383","ALBION RIVERSIDE, EMERGENCY CHG ORDER#007=$1,251,539.00EW40060F,BR DTD 5/252018","0",,"0","0","0","0",,"2019-09-12T00:00:00.000","1",,,,,"CITY",,,,"USD",,"100011337-SULLY MILLER CONTRACTING CO"
"6269126","2020","NON_DEPARTMENTAL","OHL USA INC","2019-11-04T00:00:00.000","133556.94",,"2732354","GENERAL GOVERNMENT","GOVERNMENTAL","CAPITAL PROJECTS","GOB 2009 CLEAN WATER CLEANUP","16T","ARGO DRAIN SUB BASIN FACILITY.1","50LWAF","EFT26200000004591","IMPROVEMENTS OTHER THAN BUILDINGS",,"5","2020-05 (NOV)","2020-02","11","NOVEMBER,2019","NOVEMBER","FMS",,,"50","GOB 2009 CLEAN WATER CLEANUP","VC0000014741","92614-7279","EFT","PAID","PRC502016T500007",,,"2019-10-18T00:00:00.000","4","1","SC50CO19131878KO","OHL USA INC-CO#131878, ARGO","OHL CO131878 EW40067F  ARGO DRAIN","0",,"0","0","0","0",,"2019-12-04T00:00:00.000","1",,,,,"CITY",,,,"USD",,"VC0000014741-OHL USA INC"
"6314467","2020","NON_DEPARTMENTAL","OHL USA INC","2019-11-04T00:00:00.000","133556.94",,"2732354","GENERAL GOVERNMENT","GOVERNMENTAL","CAPITAL PROJECTS","GOB 2009 CLEAN WATER CLEANUP","16T","ARGO DRAIN SUB BASIN FACILITY.1","50LWAF","EFT26200000004591","IMPROVEMENTS OTHER THAN BUILDINGS",,"5","2020-05 (NOV)","2020-02","11","NOVEMBER,2019","NOVEMBER","FMS",,,"50","GOB 2009 CLEAN WATER CLEANUP","VC0000014741","92614-7279","EFT","PAID","PRC502016T500007",,,"2019-10-18T00:00:00.000","4","1","SC50CO19131878KO","OHL USA INC-CO#131878, ARGO","OHL CO131878 EW40067F  ARGO DRAIN","0",,"0","0","0","0",,"2019-12-04T00:00:00.000","1",,,,,"CITY",,,,"USD",,"VC0000014741-OHL USA INC"
"6314468","2020","NON_DEPARTMENTAL","OHL USA INC","2019-11-01T00:00:00.000","114600.1",,"2732354","GENERAL GOVERNMENT","GOVERNMENTAL","CAPITAL PROJECTS","GOB 2009 CLEAN WATER CLEANUP","16T","ARGO DRAIN SUB BASIN FACILITY.1","50LWAF","AD26200000032281","IMPROVEMENTS OTHER THAN BUILDINGS",,"5","2020-05 (NOV)","2020-02","11","NOVEMBER,2019","NOVEMBER","FMS",,,"50","GOB 2009 CLEAN WATER CLEANUP","VC0000014741","90071-2005","CHECK","PAID","PRC502016T500008",,,"2019-10-18T00:00:00.000","5","1","SC50CO19131878KO","OHL USA INC-CO#131878, ARGO","ARGO DRAIN, CO#131878 16T/50LWAF","0",,"0","0","0","0",,"2019-12-04T00:00:00.000","1",,,,,"CITY",,,,"USD",,"VC0000014741-OHL USA INC"
"6269127","2020","NON_DEPARTMENTAL","OHL USA INC","2019-11-01T00:00:00.000","114600.1",,"2732354","GENERAL GOVERNMENT","GOVERNMENTAL","CAPITAL PROJECTS","GOB 2009 CLEAN WATER CLEANUP","16T","ARGO DRAIN SUB BASIN FACILITY.1","50LWAF","AD26200000032281","IMPROVEMENTS OTHER THAN BUILDINGS",,"5","2020-05 (NOV)","2020-02","11","NOVEMBER,2019","NOVEMBER","FMS",,,"50","GOB 2009 CLEAN WATER CLEANUP","VC0000014741","90071-2005","CHECK","PAID","PRC502016T500008",,,"2019-10-18T00:00:00.000","5","1","SC50CO19131878KO","OHL USA INC-CO#131878, ARGO","ARGO DRAIN, CO#131878 16T/50LWAF","0",,"0","0","0","0",,"2019-12-04T00:00:00.000","1",,,,,"CITY",,,,"USD",,"VC0000014741-OHL USA INC"
"6265789","2020","NON_DEPARTMENTAL","ECOLOGY CONTROL INDUSTRIES INC","2019-11-13T00:00:00.000","46939.71",,"361776","GENERAL GOVERNMENT","GOVERNMENTAL","CAPITAL PROJECTS","GOB 2011A CLEAN WATER CLEANUP","16V","CATCH BASIN INSERTS / OPENINGS PH IV","50KZAA","AD26200000035733","IMPROVEMENTS OTHER THAN BUILDINGS",,"5","2020-05 (NOV)","2020-02","11","NOVEMBER,2019","NOVEMBER","FMS",,,"50","GOB 2011A CLEAN WATER CLEANUP","VC0000029149","90248","CHECK","PAID","PRC502016V500020",,,"2019-10-30T00:00:00.000","1","1","SC50CO18129927MO","SC-ECOLOGY CONTROL INDUSTRIES, CO#129927,CATCH BASIN IV","ECI CO-129927 EW40065F CATCH BASIN","0",,"0","0","0","0",,"2017-12-11T00:00:00.000","1",,,,,"CITY",,,,"USD",,"VC0000029149-ECOLOGY CONTROL INDUSTRIES INC"
"6311130","2020","NON_DEPARTMENTAL","ECOLOGY CONTROL INDUSTRIES INC","2019-11-13T00:00:00.000","46939.71",,"361776","GENERAL GOVERNMENT","GOVERNMENTAL","CAPITAL PROJECTS","GOB 2011A CLEAN WATER CLEANUP","16V","CATCH BASIN INSERTS / OPENINGS PH IV","50KZAA","AD26200000035733","IMPROVEMENTS OTHER THAN BUILDINGS",,"5","2020-05 (NOV)","2020-02","11","NOVEMBER,2019","NOVEMBER","FMS",,,"50","GOB 2011A CLEAN WATER CLEANUP","VC0000029149","90248","CHECK","PAID","PRC502016V500020",,,"2019-10-30T00:00:00.000","1","1","SC50CO18129927MO","SC-ECOLOGY CONTROL INDUSTRIES, CO#129927,CATCH BASIN IV","ECI CO-129927 EW40065F CATCH BASIN","0",,"0","0","0","0",,"2017-12-11T00:00:00.000","1",,,,,"CITY",,,,"USD",,"VC0000029149-ECOLOGY CONTROL INDUSTRIES INC"
"6216739","2020","NON_DEPARTMENTAL","GEOSYNTEC CONSULTANTS/C","2019-10-25T00:00:00.000","59280.55",,"882142","GENERAL GOVERNMENT","GOVERNMENTAL","CAPITAL PROJECTS","GOB 2009 CLEAN WATER CLEANUP","16T","PROP O OPTIMIZATION","50MYAF","AD26200000030259","SUPPLIES & OTHER SERVICES",,"4","2020-04 (OCT)","2020-02","10","OCTOBER,2019","OCTOBER","FMS",,,"50","GOB 2009 CLEAN WATER CLEANUP","100001208","33487","CHECK","PAID","PRC502016T500006",,,"2019-06-11T00:00:00.000","1","1","SC50CO18124345MO","SC-GEOSYNTEC CONSULTANTS, INC.


C#124345,TOS SN-73","GEOSYNTEC CONSULTANTS, INC.","0",,"0","0","0","0",,"2018-05-22T00:00:00.000","1",,,,,"CITY",,,,"USD",,"100001208-GEOSYNTEC CONSULTANTS/C"
"6216738","2020","NON_DEPARTMENTAL","GEOSYNTEC CONSULTANTS/C","2019-10-16T00:00:00.000","34553.81",,"882142","GENERAL GOVERNMENT","GOVERNMENTAL","CAPITAL PROJECTS","GOB 2009 CLEAN WATER CLEANUP","16T","PROP O OPTIMIZATION","50MYAF","AD26200000027899","SUPPLIES & OTHER SERVICES",,"4","2020-04 (OCT)","2020-02","10","OCTOBER,2019","OCTOBER","FMS",,,"50","GOB 2009 CLEAN WATER CLEANUP","100001208","33487","CHECK","PAID","PRC502016T500005",,,"2019-09-20T00:00:00.000","1","1","SC50CO18124345MO","SC-GEOSYNTEC CONSULTANTS, INC.


C#124345,TOS SN-73","GEOSYNTEC CONSULTANTS, INC.","0",,"0","0","0","0",,"2018-05-22T00:00:00.000","1",,,,,"CITY",,,,"USD",,"100001208-GEOSYNTEC CONSULTANTS/C"
"6218240","2020","NON_DEPARTMENTAL","ECOLOGY CONTROL INDUSTRIES INC","2019-10-25T00:00:00.000","14240.69",,"361776","GENERAL GOVERNMENT","GOVERNMENTAL","CAPITAL PROJECTS","GOB 2011A CLEAN WATER CLEANUP","16V","CATCH BASIN INSERTS / OPENINGS PH IV","50KZAA","AD26200000030321","IMPROVEMENTS OTHER THAN BUILDINGS",,"4","2020-04 (OCT)","2020-02","10","OCTOBER,2019","OCTOBER","FMS",,,"50","GOB 2011A CLEAN WATER CLEANUP","VC0000029149","90248","CHECK","PAID","PRC502016V500018",,,"2019-10-10T00:00:00.000","1","2","SC50CO18129927MO","SC-ECOLOGY CONTROL INDUSTRIES, CO#129927,CATCH BASIN IV","CATCH BASIN IV INSERTS, C#129927,16V/50KZAA,EW40065F","0",,"0","0","0","0",,"2017-12-11T00:00:00.000","1",,,,,"CITY",,,,"USD",,"VC0000029149-ECOLOGY CONTROL INDUSTRIES INC"
"6218242","2020","NON_DEPARTMENTAL","ECOLOGY CONTROL INDUSTRIES INC","2019-10-16T00:00:00.000","11055",,"361776","GENERAL GOVERNMENT","GOVERNMENTAL","CAPITAL PROJECTS","GOB 2011A CLEAN WATER CLEANUP","16V","CATCH BASIN INSERTS / OPENINGS PH IV","50KZAA","AD26200000027935","IMPROVEMENTS OTHER THAN BUILDINGS",,"4","2020-04 (OCT)","2020-02","10","OCTOBER,2019","OCTOBER","FMS",,,"50","GOB 2011A CLEAN WATER CLEANUP","VC0000029149","90248","CHECK","PAID","PRC502016V500017",,,"2019-09-25T00:00:00.000","1","1","SC50CO18129927MO","SC-ECOLOGY CONTROL INDUSTRIES, CO#129927,CATCH BASIN IV","ECI CO#129927 EW40065F CATCH BASIN IV","0",,"0","0","0","0",,"2017-12-11T00:00:00.000","1",,,,,"CITY",,,,"USD",,"VC0000029149-ECOLOGY CONTROL INDUSTRIES INC"
"6218241","2020","NON_DEPARTMENTAL","ECOLOGY CONTROL INDUSTRIES INC","2019-10-25T00:00:00.000","2892",,"361776","GENERAL GOVERNMENT","GOVERNMENTAL","CAPITAL PROJECTS","GOB 2011A CLEAN WATER CLEANUP","16V","CATCH BASIN INSERTS / OPENINGS PH IV","50KZAA","AD26200000030321","IMPROVEMENTS OTHER THAN BUILDINGS",,"4","2020-04 (OCT)","2020-02","10","OCTOBER,2019","OCTOBER","FMS",,,"50","GOB 2011A CLEAN WATER CLEANUP","VC0000029149","90248","CHECK","PAID","PRC502016V500018",,,"2019-10-10T00:00:00.000","1","1","SC50CO18129927MO","SC-ECOLOGY CONTROL INDUSTRIES, CO#129927,CATCH BASIN IV","CATCH BASIN IV INSERTS, C#129927,16V/50KZAA,EW40065F","0",,"0","0","0","0",,"2017-12-11T00:00:00.000","1",,,,,"CITY",,,,"USD",,"VC0000029149-ECOLOGY CONTROL INDUSTRIES INC"
"6158358","2020","NON_DEPARTMENTAL","OHL USA INC","2019-09-23T00:00:00.000","1292242.94",,"2732354","GENERAL GOVERNMENT","GOVERNMENTAL","CAPITAL PROJECTS","GOB 2011A CLEAN WATER CLEANUP","16V","ARGO DRAIN SUB BASIN FACILITY","50RZAE","EFT26200000003033","IMPROVEMENTS OTHER THAN BUILDINGS",,"3","2020-03 (SEP)","2020-01","9","SEPTEMBER,2019","SEPTEMBER","FMS",,,"50","GOB 2011A CLEAN WATER CLEANUP","VC0000014741","92614-7279","EFT","PAID","PRC502016V500014",,,"2019-09-11T00:00:00.000","2","1","SC50CO19131878KO","OHL USA INC-CO#131878, ARGO


$7,965,269.00","ARGO DRAIN,CO#131878,16V/50RZAE,EW40067F,NTP DTD 9/10/2018","0",,"0","0","0","0",,"2018-10-15T00:00:00.000","1",,,,,"CITY",,,,"USD",,"VC0000014741-OHL USA INC"
"6158357","2020","NON_DEPARTMENTAL","OHL USA INC","2019-09-26T00:00:00.000","296071.2",,"2732354","GENERAL GOVERNMENT","GOVERNMENTAL","CAPITAL PROJECTS","GOB 2011A CLEAN WATER CLEANUP","16V","ARGO DRAIN SUB BASIN FACILITY","50RZAE","AD26200000023176","IMPROVEMENTS OTHER THAN BUILDINGS",,"3","2020-03 (SEP)","2020-01","9","SEPTEMBER,2019","SEPTEMBER","FMS",,,"50","GOB 2011A CLEAN WATER CLEANUP","VC0000014741","90071-2005","CHECK","PAID","PRC502016V500016",,,"2019-09-11T00:00:00.000","2","1","SC50CO19131878KO","OHL USA INC-CO#131878, ARGO


$7,965,269.00","OHL C-131878 EW40067F ARGO DRAIN ESCROW PPR11","0",,"0","0","0","0",,"2018-10-15T00:00:00.000","1",,,,,"CITY",,,,"USD",,"VC0000014741-OHL USA INC"
"6158305","2020","NON_DEPARTMENTAL","SULLY MILLER CONTRACTING CO","2019-09-24T00:00:00.000","277260.75",,"940327","GENERAL GOVERNMENT","GOVERNMENTAL","CAPITAL PROJECTS","GOB 2009 CLEAN WATER CLEANUP","16T","ALBION RIVERSIDE PARK IMPROVEMENTS","50KXAD","AD26200000022357","SUPPLIES & OTHER SERVICES",,"3","2020-03 (SEP)","2020-01","9","SEPTEMBER,2019","SEPTEMBER","FMS",,,"50","GOB 2009 CLEAN WATER CLEANUP","100011337","92821","CHECK","PAID","PRC502016T500004",,,"2019-09-12T00:00:00.000","1","1","SC50MSACO17129088KO","CO#73 -136,383","ALBION RIVERSIDE, EMERGENCY CHG ORDER#007=$1,251,539.00EW40060F,BR DTD 5/252018","0",,"0","0","0","0",,"2019-09-12T00:00:00.000","1",,,,,"CITY",,,,"USD",,"100011337-SULLY MILLER CONTRACTING CO"
"6158320","2020","NON_DEPARTMENTAL","CLARKE CONTRACTING CORP","2019-09-19T00:00:00.000","30757.2",,"332897","GENERAL GOVERNMENT","GOVERNMENTAL","CAPITAL PROJECTS","GOB 2011A CLEAN WATER CLEANUP","16V","VERMONT AVENUE STORMWATER CAPTURE AND GREEN STREET PROJECT","50PZAC","EFT26200000002972","SUPPLIES & OTHER SERVICES",,"3","2020-03 (SEP)","2020-01","9","SEPTEMBER,2019","SEPTEMBER","FMS",,,"50","GOB 2011A CLEAN WATER CLEANUP","100005114","90260","EFT","PAID","PRC502016V500013",,,"2019-09-09T00:00:00.000","1","1","SC50CO19130419KO","CO130419 CLARKE CONTRACTING CORP","CO130419 CLARKE EW40074F VERMONT STORMWATER CAPTURE GREEN ST","0",,"0","0","0","0",,"2019-08-12T00:00:00.000","3",,,,,"CITY",,,,"USD",,"100005114-CLARKE CONTRACTING CORP"
"6155240","2020","NON_DEPARTMENTAL","ECOLOGY CONTROL INDUSTRIES INC","2019-09-23T00:00:00.000","14219",,"361776","GENERAL GOVERNMENT","GOVERNMENTAL","CAPITAL PROJECTS","GOB 2011A CLEAN WATER CLEANUP","16V","CATCH BASIN INSERTS / OPENINGS PH IV","50KZAA","AD26200000021978","IMPROVEMENTS OTHER THAN BUILDINGS",,"3","2020-03 (SEP)","2020-01","9","SEPTEMBER,2019","SEPTEMBER","FMS",,,"50","GOB 2011A CLEAN WATER CLEANUP","VC0000029149","90248","CHECK","PAID","PRC502016V500015",,,"2019-08-28T00:00:00.000","1","1","SC50CO18129927MO","SC-ECOLOGY CONTROL INDUSTRIES, CO#129927,CATCH BASIN IV","CATCH BASIN IV INSERTS, C#129927,16V/50KZAA,EW40065F","0",,"0","0","0","0",,"2017-12-11T00:00:00.000","1",,,,,"CITY",,,,"USD",,"VC0000029149-ECOLOGY CONTROL INDUSTRIES INC"
"6155241","2020","NON_DEPARTMENTAL","ECOLOGY CONTROL INDUSTRIES INC","2019-09-03T00:00:00.000","6473",,"361776","GENERAL GOVERNMENT","GOVERNMENTAL","CAPITAL PROJECTS","GOB 2011A CLEAN WATER CLEANUP","16V","CATCH BASIN INSERTS / OPENINGS PH IV","50KZAA","AD26200000016458","IMPROVEMENTS OTHER THAN BUILDINGS",,"3","2020-03 (SEP)","2020-01","9","SEPTEMBER,2019","SEPTEMBER","FMS",,,"50","GOB 2011A CLEAN WATER CLEANUP","VC0000029149","90248","CHECK","PAID","PRC502016V500012",,,"2019-08-14T00:00:00.000","1","2","SC50CO18129927MO","SC-ECOLOGY CONTROL INDUSTRIES, CO#129927,CATCH BASIN IV","CATCH BASIN IV INSERTS, C#129927,16V/50KZAA,EW40065F","0",,"0","0","0","0",,"2017-12-11T00:00:00.000","1",,,,,"CITY",,,,"USD",,"VC0000029149-ECOLOGY CONTROL INDUSTRIES INC"
"6155242","2020","NON_DEPARTMENTAL","ECOLOGY CONTROL INDUSTRIES INC","2019-09-03T00:00:00.000","4804.8",,"361776","GENERAL GOVERNMENT","GOVERNMENTAL","CAPITAL PROJECTS","GOB 2011A CLEAN WATER CLEANUP","16V","CATCH BASIN INSERTS / OPENINGS PH IV","50KZAA","AD26200000016458","IMPROVEMENTS OTHER THAN BUILDINGS",,"3","2020-03 (SEP)","2020-01","9","SEPTEMBER,2019","SEPTEMBER","FMS",,,"50","GOB 2011A CLEAN WATER CLEANUP","VC0000029149","90248","CHECK","PAID","PRC502016V500012",,,"2019-08-21T00:00:00.000","1","1","SC50CO18129927MO","SC-ECOLOGY CONTROL INDUSTRIES, CO#129927,CATCH BASIN IV","CATCH BASIN IV INSERTS, C#129927,16V/50KZAA,EW40065F","0",,"0","0","0","0",,"2017-12-11T00:00:00.000","1",,,,,"CITY",,,,"USD",,"VC0000029149-ECOLOGY CONTROL INDUSTRIES INC"
"6111718","2020","NON_DEPARTMENTAL","OHL USA INC","2019-08-28T00:00:00.000","512528.73",,"2732354","GENERAL GOVERNMENT","GOVERNMENTAL","CAPITAL PROJECTS","GOB 2011A CLEAN WATER CLEANUP","16V","ARGO DRAIN SUB BASIN FACILITY","50RZAE","EFT26200000002244","IMPROVEMENTS OTHER THAN BUILDINGS",,"2","2020-02 (AUG)","2020-01","8","AUGUST,2019","AUGUST","FMS",,,"50","GOB 2011A CLEAN WATER CLEANUP","VC0000014741","92614-7279","EFT","PAID","PRC502016V500011",,,"2019-08-20T00:00:00.000","1","1","SC50CO19131878KO","OHL USA INC-CO#131878, ARGO


$7,965,269.00","OHL C-CO131878 EW40067F ARGO DRAIN","0",,"0","0","0","0",,"2018-10-15T00:00:00.000","1",,,,,"CITY",,,,"USD",,"VC0000014741-OHL USA INC"
"6107410","2020","NON_DEPARTMENTAL","ARCADIS U.S. INC","2019-08-05T00:00:00.000","243022.28",,"143256","GENERAL GOVERNMENT","GOVERNMENTAL","CAPITAL PROJECTS","GOB 2011A CLEAN WATER CLEANUP","16V","WESTWOOD NEIGHBORHOOD GREENWAY PROJECT","50PZAB","EFT26200000001225","SUPPLIES & OTHER SERVICES",,"2","2020-02 (AUG)","2020-01","8","AUGUST,2019","AUGUST","FMS",,,"50","GOB 2011A CLEAN WATER CLEANUP","100035931","60693-0626","EFT","PAID","PRC502016V500007",,,"2019-07-23T00:00:00.000","1","1","SC50CO18129644MO","SC-ARCADIS, CO129644,ALBION, NTP#13,14,16,19,20","ARCADIS, CO129644 EW40071A WESTWOOD","0",,"0","0","0","0",,"2019-06-03T00:00:00.000","22",,,,,"CITY",,,,"USD",,"100035931-ARCADIS U.S. INC"
"6107650","2020","NON_DEPARTMENTAL","ARCADIS U.S. INC","2019-08-13T00:00:00.000","55289.09",,"143256","GENERAL GOVERNMENT","GOVERNMENTAL","CAPITAL PROJECTS","GOB 2011A CLEAN WATER CLEANUP","16V","ALBION RIVERSIDE PARK IMPROVEMENTS","50KXAD","EFT26200000001591","SUPPLIES & OTHER SERVICES",,"2","2020-02 (AUG)","2020-01","8","AUGUST,2019","AUGUST","FMS",,,"50","GOB 2011A CLEAN WATER CLEANUP","100035931","60693-0626","EFT","PAID","PRC502016V500008",,,"2019-07-25T00:00:00.000","1","1","SC50CO18129644MO","SC-ARCADIS, CO129644,ALBION, NTP#13,14,16,19,20","ARCADIS CO129644 EW40060F  ALBION RIVERSIDE PARK 19060915","0",,"0","0","0","0",,"2019-06-03T00:00:00.000","17",,,,,"CITY",,,,"USD",,"100035931-ARCADIS U.S. INC"
"6107796","2020","NON_DEPARTMENTAL","ECOLOGY CONTROL INDUSTRIES INC","2019-08-15T00:00:00.000","10604",,"361776","GENERAL GOVERNMENT","GOVERNMENTAL","CAPITAL PROJECTS","GOB 2011A CLEAN WATER CLEANUP","16V","CATCH BASIN INSERTS / OPENINGS PH IV","50KZAA","AD26200000011620","IMPROVEMENTS OTHER THAN BUILDINGS",,"2","2020-02 (AUG)","2020-01","8","AUGUST,2019","AUGUST","FMS",,,"50","GOB 2011A CLEAN WATER CLEANUP","VC0000029149","90248","CHECK","PAID","PRC502016V500009",,,"2019-08-06T00:00:00.000","1","1","SC50CO18129927MO","SC-ECOLOGY CONTROL INDUSTRIES, CO#129927,CATCH BASIN IV","CATCH BASIN IV INSERTS, C#129927,16V/50KZAA,EW40065F","0",,"0","0","0","0",,"2017-12-11T00:00:00.000","1",,,,,"CITY",,,,"USD",,"VC0000029149-ECOLOGY CONTROL INDUSTRIES INC"
"6103886","2020","NON_DEPARTMENTAL","ARCADIS U.S. INC","2019-08-05T00:00:00.000","4470.74",,"143256","GENERAL GOVERNMENT","GOVERNMENTAL","CAPITAL PROJECTS","GOB 2009 CLEAN WATER CLEANUP","16T","MACHADO LAKE-PHASE I","50FC18","EFT26200000001224","SUPPLIES & OTHER SERVICES",,"2","2020-02 (AUG)","2020-01","8","AUGUST,2019","AUGUST","FMS",,,"50","GOB 2009 CLEAN WATER CLEANUP","100035931","60693-0626","EFT","PAID","PRC502016T500003",,,"2019-07-12T00:00:00.000","1","1","SC50CO18129644MO","SC-ARCADIS, CO129644,ALBION, NTP#13,14,16,19,20","ARCADIS CO129644 EW40072B WILMINTON DRAIN  HRMMP","0",,"0","0","0","0",,"2019-06-03T00:00:00.000","9",,,,,"CITY",,,,"USD",,"100035931-ARCADIS U.S. INC"
"6107409","2020","NON_DEPARTMENTAL","ARCADIS U.S. INC","2019-08-21T00:00:00.000","3400.03",,"143256","GENERAL GOVERNMENT","GOVERNMENTAL","CAPITAL PROJECTS","GOB 2011A CLEAN WATER CLEANUP","16V","WESTWOOD NEIGHBORHOOD GREENWAY PROJECT","50PZAB","EFT26200000001855","SUPPLIES & OTHER SERVICES",,"2","2020-02 (AUG)","2020-01","8","AUGUST,2019","AUGUST","FMS",,,"50","GOB 2011A CLEAN WATER CLEANUP","100035931","60693-0626","EFT","PAID","PRC502016V500010",,,"2019-08-13T00:00:00.000","1","1","SC50CO18129644MO","SC-ARCADIS, CO129644,ALBION, NTP#13,14,16,19,20","ARCADIS, CO129644 EW40071A WESTWOOD","0",,"0","0","0","0",,"2019-06-03T00:00:00.000","22",,,,,"CITY",,,,"USD",,"100035931-ARCADIS U.S. INC"
"6054317","2019","NON_DEPARTMENTAL","CLARKE CONTRACTING CORP","2019-06-11T00:00:00.000","189362.5",,"332897","GENERAL GOVERNMENT","GOVERNMENTAL","CAPITAL PROJECTS","GOB 2011A CLEAN WATER CLEANUP","16V","VERMONT AVENUE STORMWATER CAPTURE AND GREEN STREET PROJECT","50PZAC","EFT26190000011235","SUPPLIES & OTHER SERVICES",,"12","2019-12 (JUN)","2019-04","6","JUNE,2019","JUNE","FMS",,,"50","GOB 2011A CLEAN WATER CLEANUP","100005114","90260","EFT","PAID","PRC501916V500110",,,"2019-05-23T00:00:00.000","1","1","SC50CO19130419KO","CO130419 CLARKE CONTRACTING CORP","CO130419 CLARKE CONTRACTING CORP. VERMONT STORMWATER CAPTURE & GREEN ST. PH1-ESR PR#2","0",,"0","0","0","0",,"2019-06-14T00:00:00.000","2",,,,,"CITY",,,,"USD",,"100005114-CLARKE CONTRACTING CORP"
"6046502","2019","NON_DEPARTMENTAL","OHL USA INC","2019-06-20T00:00:00.000","75792.48",,"2732354","GENERAL GOVERNMENT","GOVERNMENTAL","CAPITAL PROJECTS","GOB 2011A CLEAN WATER CLEANUP","16V","ARGO DRAIN SUB BASIN FACILITY","50RZAE","EFT26190000011801","IMPROVEMENTS OTHER THAN BUILDINGS",,"12","2019-12 (JUN)","2019-04","6","JUNE,2019","JUNE","FMS",,,"50","GOB 2011A CLEAN WATER CLEANUP","VC0000014741","92614-7279","EFT","PAID","PRC501916V500112",,,"2019-06-18T00:00:00.000","1","1","SC50CO19131878KO","OHL USA INC-CO#131878, ARGO

$7,965,269.00","CO131878, OHL USA, INC. ARGO DRAIN ,PR#8","0",,"0","0","0","0",,"2018-10-15T00:00:00.000","1",,,,,"CITY",,,,"USD",,"VC0000014741-OHL USA INC"
"6045412","2019","NON_DEPARTMENTAL","ARCADIS U.S. INC","2019-06-19T00:00:00.000","56081.04",,"143256","GENERAL GOVERNMENT","GOVERNMENTAL","CAPITAL PROJECTS","GOB 2009 CLEAN WATER CLEANUP","16T","MACHADO LAKE ECOSYSTEM REHAB","50FC19","EFT26190000011710","SUPPLIES & OTHER SERVICES",,"12","2019-12 (JUN)","2019-04","6","JUNE,2019","JUNE","FMS",,,"50","GOB 2009 CLEAN WATER CLEANUP","100035931","60693-0626","EFT","PAID","PRC501916T500113",,,"2019-04-30T00:00:00.000","1","1","SC50CO18129644MO","SC-ARCADIS, CO129644,ALBION, NTP#13,14,16,19,20","ARCADIS, CO129644,ALBION, INV.#0969976","0",,"0","0","0","0",,"2019-06-03T00:00:00.000","2",,,,,"CITY",,,,"USD",,"100035931-ARCADIS U.S. INC"
"6042283","2019","NON_DEPARTMENTAL","GEOSYNTEC CONSULTANTS/C","2019-06-04T00:00:00.000","32456.72",,"882142","GENERAL GOVERNMENT","GOVERNMENTAL","CAPITAL PROJECTS","GOB 2009 CLEAN WATER CLEANUP","16T","PROP O OPTIMIZATION","50MYAF","AD26190000092996","SUPPLIES & OTHER SERVICES",,"12","2019-12 (JUN)","2019-04","6","JUNE,2019","JUNE","FMS",,,"50","GOB 2009 CLEAN WATER CLEANUP","100001208","33487","CHECK","PAID","PRC501916T500111",,,"2019-05-23T00:00:00.000","1","1","SC50CO18124345MO","SC-GEOSYNTEC CONSULTANTS, INC.

C#124345,TOS SN-73","CO124345 GEOSYNTEC CONSULTANTS, INC. INV.#369795","0",,"0","0","0","0",,"2018-05-22T00:00:00.000","1",,,,,"CITY",,,,"USD",,"100001208-GEOSYNTEC CONSULTANTS/C"
"6045490","2019","NON_DEPARTMENTAL","SWCA INCORPORATED","2019-06-18T00:00:00.000","1533.79",,"2466104","GENERAL GOVERNMENT","GOVERNMENTAL","CAPITAL PROJECTS","GOB 2009 CLEAN WATER CLEANUP","16T","PENMAR WATER QLTY PHASE II","50FZAA","AD26190000098408","SUPPLIES & OTHER SERVICES",,"12","2019-12 (JUN)","2019-04","6","JUNE,2019","JUNE","FMS",,,"50","GOB 2009 CLEAN WATER CLEANUP","100036600","60009","CHECK","PAID","PRC501916T500112",,,"2019-05-23T00:00:00.000","1","1","SC50MSACO15123103MO","SC-SWCA,PROP.O  TOS#EMGS-011,ENCUMBER $4,785.30","CO123103  SWCA TOS NO. EMGS-011 EW40028B INV.#91107","0",,"0","0","0","0",,"2019-01-31T00:00:00.000","1",,,,,"CITY",,,,"USD",,"100036600-SWCA INCORPORATED"
"6046501","2019","NON_DEPARTMENTAL","OHL USA INC","2019-06-19T00:00:00.000","767.93",,"2732354","GENERAL GOVERNMENT","GOVERNMENTAL","CAPITAL PROJECTS","GOB 2011A CLEAN WATER CLEANUP","16V","ARGO DRAIN SUB BASIN FACILITY","50RZAE","EFT26190000011715","IMPROVEMENTS OTHER THAN BUILDINGS",,"12","2019-12 (JUN)","2019-04","6","JUNE,2019","JUNE","FMS",,,"50","GOB 2011A CLEAN WATER CLEANUP","VC0000014741","92614-7279","EFT","PAID","PRC501916V500111",,,"2019-06-13T00:00:00.000","1","1","SC50CO19131878KO","OHL USA INC-CO#131878, ARGO

$7,965,269.00","CO131878, OHL USA, INC. ARGO DRAIN PR#7 PARTIAL","0",,"0","0","0","0",,"2018-10-15T00:00:00.000","1",,,,,"CITY",,,,"USD",,"VC0000014741-OHL USA INC"
"6046500","2019","NON_DEPARTMENTAL","OHL USA INC","2019-05-20T00:00:00.000","655169.59",,"2732354","GENERAL GOVERNMENT","GOVERNMENTAL","CAPITAL PROJECTS","GOB 2011A CLEAN WATER CLEANUP","16V","ARGO DRAIN SUB BASIN FACILITY","50RZAE","EFT26190000010358","IMPROVEMENTS OTHER THAN BUILDINGS",,"11","2019-11 (MAY)","2019-04","5","MAY,2019","MAY","FMS",,,"50","GOB 2011A CLEAN WATER CLEANUP","VC0000014741","92614-7279","EFT","PAID","PRC501916V500106",,,"2019-05-06T00:00:00.000","1","1","SC50CO19131878KO","OHL USA INC-CO#131878, ARGO

$7,965,269.00","CO131878, OHL USA, INC. ARGO DRAIN PR#6 PORTION","0",,"0","0","0","0",,"2018-10-15T00:00:00.000","1",,,,,"CITY",,,,"USD",,"VC0000014741-OHL USA INC"
"6051588","2019","NON_DEPARTMENTAL","ARCADIS U.S. INC","2019-05-21T00:00:00.000","145372.6",,"143256","GENERAL GOVERNMENT","GOVERNMENTAL","CAPITAL PROJECTS","GOB 2011A CLEAN WATER CLEANUP","16V","ALBION RIVERSIDE PARK IMPROVEMENTS","50KXAD","EFT26190000010544","SUPPLIES & OTHER SERVICES",,"11","2019-11 (MAY)","2019-04","5","MAY,2019","MAY","FMS",,,"50","GOB 2011A CLEAN WATER CLEANUP","100035931","60693-0626","EFT","PAID","PRC501916V500107",,,"2019-05-02T00:00:00.000","1","1","SC50CO18129644MO","SC-ARCADIS, CO129644,ALBION, NTP#13,14,16,19,20","CO129644,ARCADIS, ALBION, INV.#0969973","0",,"0","0","0","0",,"2019-06-03T00:00:00.000","17",,,,,"CITY",,,,"USD",,"100035931-ARCADIS U.S. INC"
"6044673","2019","NON_DEPARTMENTAL","ARCADIS U.S. INC","2019-05-20T00:00:00.000","89137.53",,"143256","GENERAL GOVERNMENT","GOVERNMENTAL","CAPITAL PROJECTS","GOB 2009 CLEAN WATER CLEANUP","16T","ARGO DRAIN SUB BASIN FACILITY.1","50LWAF","EFT26190000010355","SUPPLIES & OTHER SERVICES",,"11","2019-11 (MAY)","2019-04","5","MAY,2019","MAY","FMS",,,"50","GOB 2009 CLEAN WATER CLEANUP","100035931","60693-0626","EFT","PAID","PRC501916T500109",,,"2019-05-03T00:00:00.000","1","3","SC50CO18129644MO","SC-ARCADIS, CO129644,ALBION, NTP#13,14,16,19,20","CO129644,ALBION, ARCADIS,INV.# 0970765","0",,"0","0","0","0",,"2019-06-03T00:00:00.000","15",,,,,"CITY",,,,"USD",,"100035931-ARCADIS U.S. INC"
"6045645","2019","NON_DEPARTMENTAL","ECOLOGY CONTROL INDUSTRIES INC","2019-05-24T00:00:00.000","76596.35",,"361776","GENERAL GOVERNMENT","GOVERNMENTAL","CAPITAL PROJECTS","GOB 2011A CLEAN WATER CLEANUP","16V","CATCH BASIN INSERTS / OPENINGS PH IV","50KZAA","AD26190000090217","IMPROVEMENTS OTHER THAN BUILDINGS",,"11","2019-11 (MAY)","2019-04","5","MAY,2019","MAY","FMS",,,"50","GOB 2011A CLEAN WATER CLEANUP","VC0000029149","90248","CHECK","PAID","PRC501916V500108",,,"2019-04-30T00:00:00.000","1","1","SC50CO18129927MO","SC-ECOLOGY CONTROL INDUSTRIES, CO#129927,CATCH BASIN IV","CO129927 ECI EW40065F INV.#SW10137B-IN","0",,"0","0","0","0",,"2017-12-11T00:00:00.000","1",,,,,"CITY",,,,"USD",,"VC0000029149-ECOLOGY CONTROL INDUSTRIES INC"
"6045640","2019","NON_DEPARTMENTAL","ECOLOGY CONTROL INDUSTRIES INC","2019-05-24T00:00:00.000","73477.6",,"361776","GENERAL GOVERNMENT","GOVERNMENTAL","CAPITAL PROJECTS","GOB 2011A CLEAN WATER CLEANUP","16V","CATCH BASIN INSERTS / OPENINGS PH IV","50KZAA","AD26190000090217","IMPROVEMENTS OTHER THAN BUILDINGS",,"11","2019-11 (MAY)","2019-04","5","MAY,2019","MAY","FMS",,,"50","GOB 2011A CLEAN WATER CLEANUP","VC0000029149","90248","CHECK","PAID","PRC501916V500109",,,"2019-05-09T00:00:00.000","1","5","SC50CO18129927MO","SC-ECOLOGY CONTROL INDUSTRIES, CO#129927,CATCH BASIN IV","CO129927 ECI EW40065F INV.#SW10137-C","0",,"0","0","0","0",,"2017-12-11T00:00:00.000","1",,,,,"CITY",,,,"USD",,"VC0000029149-ECOLOGY CONTROL INDUSTRIES INC"
"6052240","2019","NON_DEPARTMENTAL","ARCADIS U.S. INC","2019-05-20T00:00:00.000","63242.55",,"143256","GENERAL GOVERNMENT","GOVERNMENTAL","CAPITAL PROJECTS","GOB 2009 CLEAN WATER CLEANUP","16T","VERMONT AVENUE STORMWATER CAPTURE AND GREEN STREET PROJECT","50PZAC","EFT26190000010355","SUPPLIES & OTHER SERVICES",,"11","2019-11 (MAY)","2019-04","5","MAY,2019","MAY","FMS",,,"50","GOB 2009 CLEAN WATER CLEANUP","100035931","60693-0626","EFT","PAID","PRC501916T500109",,,"2019-02-28T00:00:00.000","1","2","SC50CO18129644MO","SC-ARCADIS, CO129644,ALBION, NTP#13,14,16,19,20","CO129644,ALBION, ARCADIS,INV.# 0959385","0",,"0","0","0","0",,"2019-06-03T00:00:00.000","11",,,,,"CITY",,,,"USD",,"100035931-ARCADIS U.S. INC"
"6042281","2019","NON_DEPARTMENTAL","GEOSYNTEC CONSULTANTS/C","2019-05-16T00:00:00.000","47534.82",,"882142","GENERAL GOVERNMENT","GOVERNMENTAL","CAPITAL PROJECTS","GOB 2009 CLEAN WATER CLEANUP","16T","PROP O OPTIMIZATION","50MYAF","AD26190000087654","SUPPLIES & OTHER SERVICES",,"11","2019-11 (MAY)","2019-04","5","MAY,2019","MAY","FMS",,,"50","GOB 2009 CLEAN WATER CLEANUP","100001208","33487","CHECK","PAID","PRC501916T500108",,,"2019-05-02T00:00:00.000","1","1","SC50CO18124345MO","SC-GEOSYNTEC CONSULTANTS, INC.

C#124345,TOS SN-73","CO124345,TOS SN-73GEOSYNTEC CONSULTANTS, INC. INV.#365420","0",,"0","0","0","0",,"2018-05-22T00:00:00.000","1",,,,,"CITY",,,,"USD",,"100001208-GEOSYNTEC CONSULTANTS/C"
"6052242","2019","NON_DEPARTMENTAL","ARCADIS U.S. INC","2019-05-14T00:00:00.000","44269.79",,"143256","GENERAL GOVERNMENT","GOVERNMENTAL","CAPITAL PROJECTS","GOB 2009 CLEAN WATER CLEANUP","16T","VERMONT AVENUE STORMWATER CAPTURE AND GREEN STREET PROJECT","50PZAC","EFT26190000010224","SUPPLIES & OTHER SERVICES",,"11","2019-11 (MAY)","2019-04","5","MAY,2019","MAY","FMS",,,"50","GOB 2009 CLEAN WATER CLEANUP","100035931","60693-0626","EFT","PAID","PRC501916T500105",,,"2019-04-30T00:00:00.000","1","3","SC50CO18129644MO","SC-ARCADIS, CO129644,ALBION, NTP#13,14,16,19,20","CO129644 ARCADIS, ALBION, INV.#0969971","0",,"0","0","0","0",,"2019-06-03T00:00:00.000","11",,,,,"CITY",,,,"USD",,"100035931-ARCADIS U.S. INC"
"6042280","2019","NON_DEPARTMENTAL","GEOSYNTEC CONSULTANTS/C","2019-05-09T00:00:00.000","34907.53",,"882142","GENERAL GOVERNMENT","GOVERNMENTAL","CAPITAL PROJECTS","GOB 2009 CLEAN WATER CLEANUP","16T","PROP O OPTIMIZATION","50MYAF","AD26190000085797","SUPPLIES & OTHER SERVICES",,"11","2019-11 (MAY)","2019-04","5","MAY,2019","MAY","FMS",,,"50","GOB 2009 CLEAN WATER CLEANUP","100001208","33487","CHECK","PAID","PRC501916T500103",,,"2019-04-11T00:00:00.000","1","1","SC50CO18124345MO","SC-GEOSYNTEC CONSULTANTS, INC.

C#124345,TOS SN-73","C#124345,TOS SN-73 GEOSYNTEC INV.#363337","0",,"0","0","0","0",,"2018-05-22T00:00:00.000","1",,,,,"CITY",,,,"USD",,"100001208-GEOSYNTEC CONSULTANTS/C"
"6055978","2019","NON_DEPARTMENTAL","TETRA TECH INC","2019-05-29T00:00:00.000","32321.6",,"697684","GENERAL GOVERNMENT","GOVERNMENTAL","CAPITAL PROJECTS","GOB 2008A CLEAN WATER CLEANUP","16Q","ALISO CREEK-LIMEKILN CREEK RESTORATION","50KYAG","EFT26190000010737","SUPPLIES & OTHER SERVICES",,"11","2019-11 (MAY)","2019-04","5","MAY,2019","MAY","FMS",,,"50","GOB 2008A CLEAN WATER CLEANUP","100001158","80291-1967","EFT","PAID","PRC501916Q500015",,,"2019-05-14T00:00:00.000","1","1","SC50CO18129660M","SC-TETRA TECH, CO#129660

TOS#11,NTP#3","16Q/50KYAG/C#129660,TOS#11NTP#3/EW40062D","0",,"0","0","0","0",,"2019-05-20T00:00:00.000","7",,,,,"CITY",,,,"USD",,"100001158-TETRA TECH INC"
"6042282","2019","NON_DEPARTMENTAL","GEOSYNTEC CONSULTANTS/C","2019-05-24T00:00:00.000","22074.56",,"882142","GENERAL GOVERNMENT","GOVERNMENTAL","CAPITAL PROJECTS","GOB 2009 CLEAN WATER CLEANUP","16T","PROP O OPTIMIZATION","50MYAF","AD26190000090193","SUPPLIES & OTHER SERVICES",,"11","2019-11 (MAY)","2019-04","5","MAY,2019","MAY","FMS",,,"50","GOB 2009 CLEAN WATER CLEANUP","100001208","33487","CHECK","PAID","PRC501916T500110",,,"2019-05-15T00:00:00.000","1","1","SC50CO18124345MO","SC-GEOSYNTEC CONSULTANTS, INC.

C#124345,TOS SN-73","CO124345 GEOSYNTEC CONSULTANTS, INC.TOS SN-73 INV.#367580","0",,"0","0","0","0",,"2018-05-22T00:00:00.000","1",,,,,"CITY",,,,"USD",,"100001208-GEOSYNTEC CONSULTANTS/C"
"6045075","2019","NON_DEPARTMENTAL","ARCADIS U.S. INC","2019-05-14T00:00:00.000","14901.62",,"143256","GENERAL GOVERNMENT","GOVERNMENTAL","CAPITAL PROJECTS","GOB 2009 CLEAN WATER CLEANUP","16T","MACHADO LAKE-PHASE I","50FC18","EFT26190000010224","SUPPLIES & OTHER SERVICES",,"11","2019-11 (MAY)","2019-04","5","MAY,2019","MAY","FMS",,,"50","GOB 2009 CLEAN WATER CLEANUP","100035931","60693-0626","EFT","PAID","PRC501916T500105",,,"2019-04-30T00:00:00.000","2","2","SC50CO18129644MO","SC-ARCADIS, CO129644,ALBION, NTP#13,14,16,19,20","CO129644 ARCADIS, ALBION, INV.#0969969","0",,"0","0","0","0",,"2019-06-03T00:00:00.000","9",,,,,"CITY",,,,"USD",,"100035931-ARCADIS U.S. INC"
"6052905","2019","NON_DEPARTMENTAL","ARCADIS U.S. INC","2019-05-20T00:00:00.000","11782.4",,"143256","GENERAL GOVERNMENT","GOVERNMENTAL","CAPITAL PROJECTS","GOB 2009 CLEAN WATER CLEANUP","16T","VERMONT AVENUE STORMWATER CAPTURE AND GREEN STREET PROJECT","50PZAC","EFT26190000010355","SUPPLIES & OTHER SERVICES",,"11","2019-11 (MAY)","2019-04","5","MAY,2019","MAY","FMS",,,"50","GOB 2009 CLEAN WATER CLEANUP","100035931","60693-0626","EFT","PAID","PRC501916T500109",,,"2019-05-08T00:00:00.000","1","4","SC50CO18129644MO","SC-ARCADIS, CO129644,ALBION, NTP#13,14,16,19,20","CO129644,ALBION, ARCADIS,INV.# 0970701","0",,"0","0","0","0",,"2019-06-03T00:00:00.000","23",,,,,"CITY",,,,"USD",,"100035931-ARCADIS U.S. INC"
"6051586","2019","NON_DEPARTMENTAL","ARCADIS U.S. INC","2019-05-14T00:00:00.000","8911.65",,"143256","GENERAL GOVERNMENT","GOVERNMENTAL","CAPITAL PROJECTS","GOB 2009 CLEAN WATER CLEANUP","16T","MACHADO LAKE-PHASE I","50FC18","EFT26190000010224","SUPPLIES & OTHER SERVICES",,"11","2019-11 (MAY)","2019-04","5","MAY,2019","MAY","FMS",,,"50","GOB 2009 CLEAN WATER CLEANUP","100035931","60693-0626","EFT","PAID","PRC501916T500105",,,"2019-04-30T00:00:00.000","1","1","SC50CO18129644MO","SC-ARCADIS, CO129644,ALBION, NTP#13,14,16,19,20","CO129644 ARCADIS, ALBION, INV.#0969969","0",,"0","0","0","0",,"2019-06-03T00:00:00.000","7",,,,,"CITY",,,,"USD",,"100035931-ARCADIS U.S. INC"
"6055979","2019","NON_DEPARTMENTAL","TETRA TECH INC","2019-05-29T00:00:00.000","8080.4",,"697684","GENERAL GOVERNMENT","GOVERNMENTAL","CAPITAL PROJECTS","GOB 2008A CLEAN WATER CLEANUP","16Q","ALISO CREEK-LIMEKILN CREEK RESTORATION","50KYAG","EFT26190000010737","SUPPLIES & OTHER SERVICES",,"11","2019-11 (MAY)","2019-04","5","MAY,2019","MAY","FMS",,,"50","GOB 2008A CLEAN WATER CLEANUP","100001158","80291-1967","EFT","PAID","PRC501916Q500015",,,"2019-05-14T00:00:00.000","1","2","SC50CO18129660M","SC-TETRA TECH, CO#129660

TOS#11,NTP#3","16Q/50KYAG/C#129660,TOS#11NTP#3/EW40062D","0",,"0","0","0","0",,"2019-05-20T00:00:00.000","7",,,,,"CITY",,,,"USD",,"100001158-TETRA TECH INC"
"6052906","2019","NON_DEPARTMENTAL","ARCADIS U.S. INC","2019-05-20T00:00:00.000","8059.23",,"143256","GENERAL GOVERNMENT","GOVERNMENTAL","CAPITAL PROJECTS","GOB 2009 CLEAN WATER CLEANUP","16T","VERMONT AVENUE STORMWATER CAPTURE AND GREEN STREET PROJECT","50PZAC","EFT26190000010355","SUPPLIES & OTHER SERVICES",,"11","2019-11 (MAY)","2019-04","5","MAY,2019","MAY","FMS",,,"50","GOB 2009 CLEAN WATER CLEANUP","100035931","60693-0626","EFT","PAID","PRC501916T500107",,,"2019-02-28T00:00:00.000","1","1","SC50CO18129644MO","SC-ARCADIS, CO129644,ALBION, NTP#13,14,16,19,20","ARCADIS, CO129644,ALBION, INV.#0959402","0",,"0","0","0","0",,"2019-06-03T00:00:00.000","23",,,,,"CITY",,,,"USD",,"100035931-ARCADIS U.S. INC"
"6045642","2019","NON_DEPARTMENTAL","ECOLOGY CONTROL INDUSTRIES INC","2019-05-09T00:00:00.000","5500",,"361776","GENERAL GOVERNMENT","GOVERNMENTAL","CAPITAL PROJECTS","GOB 2011A CLEAN WATER CLEANUP","16V","CATCH BASIN INSERTS / OPENINGS PH IV","50KZAA","AD26190000085844","IMPROVEMENTS OTHER THAN BUILDINGS",,"11","2019-11 (MAY)","2019-04","5","MAY,2019","MAY","FMS",,,"50","GOB 2011A CLEAN WATER CLEANUP","VC0000029149","90248","CHECK","PAID","PRC501916V500105",,,"2019-03-08T00:00:00.000","1","1","SC50CO18129927MO","SC-ECOLOGY CONTROL INDUSTRIES, CO#129927,CATCH BASIN IV","CO#129927 ECI CATCH BASIN IV INV.#SW10142-IN","0",,"0","0","0","0",,"2017-12-11T00:00:00.000","1",,,,,"CITY",,,,"USD",,"VC0000029149-ECOLOGY CONTROL INDUSTRIES INC"
"6053502","2019","NON_DEPARTMENTAL","SULLY MILLER CONTRACTING CO","2019-05-09T00:00:00.000","5412.15",,"940327","GENERAL GOVERNMENT","GOVERNMENTAL","CAPITAL PROJECTS","GOB 2009 CLEAN WATER CLEANUP","16T","ALBION RIVERSIDE PARK IMPROVEMENTS","50KXAD","AD26190000085814","SUPPLIES & OTHER SERVICES",,"11","2019-11 (MAY)","2019-04","5","MAY,2019","MAY","FMS",,,"50","GOB 2009 CLEAN WATER CLEANUP","100011337","92821","CHECK","PAID","PRC501916T500104",,,"2019-05-06T00:00:00.000","1","1","SC50MSACO17129088KO","SC-SULLY-MILLER, C#129088, ALBION, CO#049,050,060,061,066","SULLY-MILLER, C#129088, ALBION, PR#21","0",,"0","0","0","0",,"2019-06-17T00:00:00.000","1",,,,,"CITY",,,,"USD",,"100011337-SULLY MILLER CONTRACTING CO"
"6045643","2019","NON_DEPARTMENTAL","ECOLOGY CONTROL INDUSTRIES INC","2019-05-24T00:00:00.000","4835.48",,"361776","GENERAL GOVERNMENT","GOVERNMENTAL","CAPITAL PROJECTS","GOB 2011A CLEAN WATER CLEANUP","16V","CATCH BASIN INSERTS / OPENINGS PH IV","50KZAA","AD26190000090217","IMPROVEMENTS OTHER THAN BUILDINGS",,"11","2019-11 (MAY)","2019-04","5","MAY,2019","MAY","FMS",,,"50","GOB 2011A CLEAN WATER CLEANUP","VC0000029149","90248","CHECK","PAID","PRC501916V500108",,,"2019-05-03T00:00:00.000","1","3","SC50CO18129927MO","SC-ECOLOGY CONTROL INDUSTRIES, CO#129927,CATCH BASIN IV","CO129927 ECI EW40065F INV.#SW10146-IN","0",,"0","0","0","0",,"2017-12-11T00:00:00.000","1",,,,,"CITY",,,,"USD",,"VC0000029149-ECOLOGY CONTROL INDUSTRIES INC"
"6052241","2019","NON_DEPARTMENTAL","ARCADIS U.S. INC","2019-05-17T00:00:00.000","4413.97",,"143256","GENERAL GOVERNMENT","GOVERNMENTAL","CAPITAL PROJECTS","GOB 2009 CLEAN WATER CLEANUP","16T","VERMONT AVENUE STORMWATER CAPTURE AND GREEN STREET PROJECT","50PZAC","EFT26190000010311","SUPPLIES & OTHER SERVICES",,"11","2019-11 (MAY)","2019-04","5","MAY,2019","MAY","FMS",,,"50","GOB 2009 CLEAN WATER CLEANUP","100035931","60693-0626","EFT","PAID","PRC501916T500106",,,"2019-04-30T00:00:00.000","1","1","SC50CO18129644MO","SC-ARCADIS, CO129644,ALBION, NTP#13,14,16,19,20","CO129644 ARCADIS EW40074F INV.# 0969970","0",,"0","0","0","0",,"2019-06-03T00:00:00.000","11",,,,,"CITY",,,,"USD",,"100035931-ARCADIS U.S. INC"
"6045641","2019","NON_DEPARTMENTAL","ECOLOGY CONTROL INDUSTRIES INC","2019-05-24T00:00:00.000","1989.31",,"361776","GENERAL GOVERNMENT","GOVERNMENTAL","CAPITAL PROJECTS","GOB 2011A CLEAN WATER CLEANUP","16V","CATCH BASIN INSERTS / OPENINGS PH IV","50KZAA","AD26190000090217","IMPROVEMENTS OTHER THAN BUILDINGS",,"11","2019-11 (MAY)","2019-04","5","MAY,2019","MAY","FMS",,,"50","GOB 2011A CLEAN WATER CLEANUP","VC0000029149","90248","CHECK","PAID","PRC501916V500109",,,"2019-05-09T00:00:00.000","1","4","SC50CO18129927MO","SC-ECOLOGY CONTROL INDUSTRIES, CO#129927,CATCH BASIN IV","CO129927 ECI EW40065F INV.#SW10147-IN","0",,"0","0","0","0",,"2017-12-11T00:00:00.000","1",,,,,"CITY",,,,"USD",,"VC0000029149-ECOLOGY CONTROL INDUSTRIES INC"
"6045644","2019","NON_DEPARTMENTAL","ECOLOGY CONTROL INDUSTRIES INC","2019-05-24T00:00:00.000","1496.86",,"361776","GENERAL GOVERNMENT","GOVERNMENTAL","CAPITAL PROJECTS","GOB 2011A CLEAN WATER CLEANUP","16V","CATCH BASIN INSERTS / OPENINGS PH IV","50KZAA","AD26190000090217","IMPROVEMENTS OTHER THAN BUILDINGS",,"11","2019-11 (MAY)","2019-04","5","MAY,2019","MAY","FMS",,,"50","GOB 2011A CLEAN WATER CLEANUP","VC0000029149","90248","CHECK","PAID","PRC501916V500108",,,"2019-04-30T00:00:00.000","1","2","SC50CO18129927MO","SC-ECOLOGY CONTROL INDUSTRIES, CO#129927,CATCH BASIN IV","CO129927 ECI EW40065F INV.#SW10145-IN","0",,"0","0","0","0",,"2017-12-11T00:00:00.000","1",,,,,"CITY",,,,"USD",,"VC0000029149-ECOLOGY CONTROL INDUSTRIES INC"
"5894825","2019","NON_DEPARTMENTAL","OHL USA INC","2019-04-11T00:00:00.000","676431.04",,"2732354","GENERAL GOVERNMENT","GOVERNMENTAL","CAPITAL PROJECTS","GOB 2011A CLEAN WATER CLEANUP","16V","ARGO DRAIN SUB BASIN FACILITY","50RZAE","EFT26190000009126","IMPROVEMENTS OTHER THAN BUILDINGS",,"10","2019-10 (APR)","2019-04","4","APRIL,2019","APRIL","FMS",,,"50","GOB 2011A CLEAN WATER CLEANUP","VC0000014741","92614-7279","EFT","PAID","PRC501916V500102",,,"2019-04-03T00:00:00.000","1","1","SC50CO19131878KO","OHL USA INC-CO#131878, ARGO


$7,965,269.00","CO131878, OHL USA, INC. ARGO DRAIN EW40067F PR#5","0",,"0","0","0","0",,"2018-10-15T00:00:00.000","1",,,,,"CITY",,,,"USD",,"VC0000014741-OHL USA INC"
"5894487","2019","NON_DEPARTMENTAL","CLARKE CONTRACTING CORP","2019-04-18T00:00:00.000","358137.5",,"332897","GENERAL GOVERNMENT","GOVERNMENTAL","CAPITAL PROJECTS","GOB 2011A CLEAN WATER CLEANUP","16V","VERMONT AVENUE STORMWATER CAPTURE AND GREEN STREET PROJECT","50PZAC","EFT26190000009246","SUPPLIES & OTHER SERVICES",,"10","2019-10 (APR)","2019-04","4","APRIL,2019","APRIL","FMS",,,"50","GOB 2011A CLEAN WATER CLEANUP","100005114","90260","EFT","PAID","PRC501916V500103",,,"2019-04-05T00:00:00.000","1","1","SC50CO19130419KO","CO130419 CLARKE CONTRACTING CORP","CO130419 CLARKE CONTRACTING CORP. EW40074F PR#1","0",,"0","0","0","0",,"2019-04-12T00:00:00.000","1",,,,,"CITY",,,,"USD",,"100005114-CLARKE CONTRACTING CORP"
"5894574","2019","NON_DEPARTMENTAL","SULLY MILLER CONTRACTING CO","2019-04-11T00:00:00.000","137230.28",,"940327","GENERAL GOVERNMENT","GOVERNMENTAL","CAPITAL PROJECTS","GOB 2009 CLEAN WATER CLEANUP","16T","ALBION RIVERSIDE PARK IMPROVEMENTS","50KXAD","AD26190000078042","SUPPLIES & OTHER SERVICES",,"10","2019-10 (APR)","2019-04","4","APRIL,2019","APRIL","FMS",,,"50","GOB 2009 CLEAN WATER CLEANUP","100011337","92821","CHECK","PAID","PRC501916T500100",,,"2019-04-03T00:00:00.000","1","1","SC50MSACO17129088KO","SC-SULLY-MILLER,C#129088


ENC $9,705","CO129088 SULLY-MILLER EW40060F PR#20","0",,"0","0","0","0",,"2019-02-25T00:00:00.000","1",,,,,"CITY",,,,"USD",,"100011337-SULLY MILLER CONTRACTING CO"
"5890966","2019","NON_DEPARTMENTAL","ECOLOGY CONTROL INDUSTRIES INC","2019-04-26T00:00:00.000","68737.05",,"361776","GENERAL GOVERNMENT","GOVERNMENTAL","CAPITAL PROJECTS","GOB 2011A CLEAN WATER CLEANUP","16V","CATCH BASIN INSERTS / OPENINGS PH IV","50KZAA","AD26190000082364","IMPROVEMENTS OTHER THAN BUILDINGS",,"10","2019-10 (APR)","2019-04","4","APRIL,2019","APRIL","FMS",,,"50","GOB 2011A CLEAN WATER CLEANUP","VC0000029149","90248","CHECK","PAID","PRC501916V500104",,,"2019-03-14T00:00:00.000","1","2","SC50CO18129927MO","SC-ECOLOGY CONTROL INDUSTRIES, CO#129927,CATCH BASIN IV","CO129927 ECOLOGY CONTROL INDUSTRIES CATCH BASIN IV EW40065F INV.#SW10137A","0",,"0","0","0","0",,"2017-12-11T00:00:00.000","1",,,,,"CITY",,,,"USD",,"VC0000029149-ECOLOGY CONTROL INDUSTRIES INC"
"5886604","2019","NON_DEPARTMENTAL","TETRA TECH INC","2019-04-23T00:00:00.000","50000",,"697684","GENERAL GOVERNMENT","GOVERNMENTAL","CAPITAL PROJECTS","GOB 2009 CLEAN WATER CLEANUP","16T","PENMAR WATER QLTY PHASE II","50FZAA","EFT26190000009476","SUPPLIES & OTHER SERVICES",,"10","2019-10 (APR)","2019-04","4","APRIL,2019","APRIL","FMS",,,"50","GOB 2009 CLEAN WATER CLEANUP","100001158","80291-1967","EFT","PAID","PRC501916T500102",,,"2018-11-26T00:00:00.000","1","1","SC50CO19124331M","TOS SN-85, ADD $250K CL4","CO124331 TETRA TECH TOS#SN-96 INV.#51358652","0",,"0","0","0","0",,"2019-04-15T00:00:00.000","6",,,,,"CITY",,,,"USD",,"100001158-TETRA TECH INC"
"5891029","2019","NON_DEPARTMENTAL","ARCADIS U.S. INC","2019-04-05T00:00:00.000","5810.3",,"143256","GENERAL GOVERNMENT","GOVERNMENTAL","CAPITAL PROJECTS","GOB 2009 CLEAN WATER CLEANUP","16T","MACHADO LAKE ECOSYSTEM REHAB","50FC19","EFT26190000008795","SUPPLIES & OTHER SERVICES",,"10","2019-10 (APR)","2019-04","4","APRIL,2019","APRIL","FMS",,,"50","GOB 2009 CLEAN WATER CLEANUP","100035931","60693-0626","EFT","PAID","PRC501916T500099",,,"2019-02-28T00:00:00.000","1","1","SC50CO18129644MO","SC-ARCADIS, CO129644,ALBION, NTP#13,14,16,19","CO129644 ARCADIS NTP#2 EW40073B INV.#0959374","0",,"0","0","0","0",,"2019-04-22T00:00:00.000","2",,,,,"CITY",,,,"USD",,"100035931-ARCADIS U.S. INC"
"5890965","2019","NON_DEPARTMENTAL","ECOLOGY CONTROL INDUSTRIES INC","2019-04-26T00:00:00.000","5457.45",,"361776","GENERAL GOVERNMENT","GOVERNMENTAL","CAPITAL PROJECTS","GOB 2011A CLEAN WATER CLEANUP","16V","CATCH BASIN INSERTS / OPENINGS PH IV","50KZAA","AD26190000082364","IMPROVEMENTS OTHER THAN BUILDINGS",,"10","2019-10 (APR)","2019-04","4","APRIL,2019","APRIL","FMS",,,"50","GOB 2011A CLEAN WATER CLEANUP","VC0000029149","90248","CHECK","PAID","PRC501916V500104",,,"2019-04-04T00:00:00.000","1","3","SC50CO18129927MO","SC-ECOLOGY CONTROL INDUSTRIES, CO#129927,CATCH BASIN IV","CO129927 ECOLOGY CONTROL INDUSTRIES CATCH BASIN IV EW40065F INV.#SW10144-IN","0",,"0","0","0","0",,"2017-12-11T00:00:00.000","1",,,,,"CITY",,,,"USD",,"VC0000029149-ECOLOGY CONTROL INDUSTRIES INC"
"5890967","2019","NON_DEPARTMENTAL","ECOLOGY CONTROL INDUSTRIES INC","2019-04-26T00:00:00.000","2938.7",,"361776","GENERAL GOVERNMENT","GOVERNMENTAL","CAPITAL PROJECTS","GOB 2011A CLEAN WATER CLEANUP","16V","CATCH BASIN INSERTS / OPENINGS PH IV","50KZAA","AD26190000082364","IMPROVEMENTS OTHER THAN BUILDINGS",,"10","2019-10 (APR)","2019-04","4","APRIL,2019","APRIL","FMS",,,"50","GOB 2011A CLEAN WATER CLEANUP","VC0000029149","90248","CHECK","PAID","PRC501916V500104",,,"2019-03-26T00:00:00.000","1","1","SC50CO18129927MO","SC-ECOLOGY CONTROL INDUSTRIES, CO#129927,CATCH BASIN IV","CO129927 ECOLOGY CONTROL INDUSTRIES CATCH BASIN IV EW40065F INV.#SW10143-IN","0",,"0","0","0","0",,"2017-12-11T00:00:00.000","1",,,,,"CITY",,,,"USD",,"VC0000029149-ECOLOGY CONTROL INDUSTRIES INC"
"5888078","2019","NON_DEPARTMENTAL","SWCA INCORPORATED","2019-04-12T00:00:00.000","293.82",,"2466104","GENERAL GOVERNMENT","GOVERNMENTAL","CAPITAL PROJECTS","GOB 2009 CLEAN WATER CLEANUP","16T","PENMAR WATER QLTY PHASE II","50FZAA","AD26190000078369","SUPPLIES & OTHER SERVICES",,"10","2019-10 (APR)","2019-04","4","APRIL,2019","APRIL","FMS",,,"50","GOB 2009 CLEAN WATER CLEANUP","100036600","60009","CHECK","PAID","PRC501916T500101",,,"2019-03-13T00:00:00.000","1","1","SC50MSACO15123103MO","SC-SWCA,PROP.O  TOS#EMGS-011,ENCUMBER $4,785.30","CO123103 SWCA TOS#EMGS-011 INV.#89938","0",,"0","0","0","0",,"2019-01-31T00:00:00.000","2",,,,,"CITY",,,,"USD",,"100036600-SWCA INCORPORATED"
"5811470","2019","NON_DEPARTMENTAL","OHL USA INC","2019-03-04T00:00:00.000","785919.33",,"2732354","GENERAL GOVERNMENT","GOVERNMENTAL","CAPITAL PROJECTS","GOB 2011A CLEAN WATER CLEANUP","16V","ARGO DRAIN SUB BASIN FACILITY","50RZAE","AD26190000065111","IMPROVEMENTS OTHER THAN BUILDINGS",,"9","2019-09 (MAR)","2019-03","3","MARCH,2019","MARCH","FMS",,,"50","GOB 2011A CLEAN WATER CLEANUP","VC0000014741","92614-7279","CHECK","PAID","PRC501916T500094",,,"2019-02-21T00:00:00.000","1","1","SC50CO19131878KO","OHL USA INC-CO#131878, ARGO


$7,965,269.00","CO131878, OHL USA, INC. ARGO DRAIN EW40067F PR#3","0",,"0","0","0","0",,"2018-10-15T00:00:00.000","1",,,,,"CITY",,,,"USD",,"VC0000014741-OHL USA INC"
"5811469","2019","NON_DEPARTMENTAL","OHL USA INC","2019-03-15T00:00:00.000","522414.29",,"2732354","GENERAL GOVERNMENT","GOVERNMENTAL","CAPITAL PROJECTS","GOB 2011A CLEAN WATER CLEANUP","16V","ARGO DRAIN SUB BASIN FACILITY","50RZAE","EFT26190000008201","IMPROVEMENTS OTHER THAN BUILDINGS",,"9","2019-09 (MAR)","2019-03","3","MARCH,2019","MARCH","FMS",,,"50","GOB 2011A CLEAN WATER CLEANUP","VC0000014741","92614-7279","EFT","PAID","PRC501916V500100",,,"2019-03-07T00:00:00.000","1","1","SC50CO19131878KO","OHL USA INC-CO#131878, ARGO


$7,965,269.00","CO131878, OHL USA, INC. ARGO DRAIN EW40067F PR#4","0",,"0","0","0","0",,"2018-10-15T00:00:00.000","1",,,,,"CITY",,,,"USD",,"VC0000014741-OHL USA INC"
"5807546","2019","NON_DEPARTMENTAL","ARCADIS U.S. INC","2019-03-14T00:00:00.000","105925.66",,"143256","GENERAL GOVERNMENT","GOVERNMENTAL","CAPITAL PROJECTS","GOB 2011A CLEAN WATER CLEANUP","16V","ALBION RIVERSIDE PARK IMPROVEMENTS","50KXAD","EFT26190000008169","SUPPLIES & OTHER SERVICES",,"9","2019-09 (MAR)","2019-03","3","MARCH,2019","MARCH","FMS",,,"50","GOB 2011A CLEAN WATER CLEANUP","100035931","60693-0626","EFT","PAID","PRC501916V500099",,,"2019-02-26T00:00:00.000","1","4","SC50CO18129644MO","SC-ARCADIS, CO129644,ALBION, NTP#18,STO#09-10,16V/50PZAB","CO129644 ARCADIS EW40060F INV.#0953976-REVISED","0",,"0","0","0","0",,"2019-03-20T00:00:00.000","17",,,,,"CITY",,,,"USD",,"100035931-ARCADIS U.S. INC"
"5803954","2019","NON_DEPARTMENTAL","ARCADIS U.S. INC","2019-03-04T00:00:00.000","93358.54",,"143256","GENERAL GOVERNMENT","GOVERNMENTAL","CAPITAL PROJECTS","GOB 2009 CLEAN WATER CLEANUP","16T","ARGO DRAIN SUB BASIN FACILITY.1","50LWAF","EFT26190000007681","SUPPLIES & OTHER SERVICES",,"9","2019-09 (MAR)","2019-03","3","MARCH,2019","MARCH","FMS",,,"50","GOB 2009 CLEAN WATER CLEANUP","100035931","90071-1640","EFT","PAID","PRC501916T500093",,,"2019-01-31T00:00:00.000","1","4","SC50CO18129644MO","SC-ARCADIS, CO129644,ALBION, NTP#18,STO#09-10,16V/50PZAB","ARCADIS, CO129644, TOS09-07 ALBION, EW40067F ARGO-DRAIN INV.#0953971","0",,"0","0","0","0",,"2019-03-20T00:00:00.000","15",,,,,"CITY",,,,"USD",,"100035931-ARCADIS U.S. INC"
"5805337","2019","NON_DEPARTMENTAL","ARCADIS U.S. INC","2019-03-22T00:00:00.000","73573.25",,"143256","GENERAL GOVERNMENT","GOVERNMENTAL","CAPITAL PROJECTS","GOB 2009 CLEAN WATER CLEANUP","16T","ALBION RIVERSIDE PARK IMPROVEMENTS","50KXAD","EFT26190000008370","SUPPLIES & OTHER SERVICES",,"9","2019-09 (MAR)","2019-03","3","MARCH,2019","MARCH","FMS",,,"50","GOB 2009 CLEAN WATER CLEANUP","100035931","60693-0626","EFT","PAID","PRC501916T500098",,,"2018-11-11T00:00:00.000","3","2","SC50CO18129644MO","SC-ARCADIS, CO129644,ALBION, NTP#18,STO#09-10,16V/50PZAB","CO129644 EW40060F/ TOS9NTP4 INV.#0936224","0",,"0","0","0","0",,"2019-03-20T00:00:00.000","10",,,,,"CITY",,,,"USD",,"100035931-ARCADIS U.S. INC"
"5811428","2019","NON_DEPARTMENTAL","SULLY MILLER CONTRACTING CO","2019-03-08T00:00:00.000","73168.27",,"940327","GENERAL GOVERNMENT","GOVERNMENTAL","CAPITAL PROJECTS","GOB 2009 CLEAN WATER CLEANUP","16T","ALBION RIVERSIDE PARK IMPROVEMENTS","50KXAD","AD26190000066985","SUPPLIES & OTHER SERVICES",,"9","2019-09 (MAR)","2019-03","3","MARCH,2019","MARCH","FMS",,,"50","GOB 2009 CLEAN WATER CLEANUP","100011337","92821","CHECK","PAID","PRC501916T500095",,,"2019-03-04T00:00:00.000","1","1","SC50MSACO17129088KO","SC-SULLY-MILLER,C#129088


ENC $9,705","CO129088 SULLY-MILLER ALBION EW40060F PR#19","0",,"0","0","0","0",,"2019-02-25T00:00:00.000","1",,,,,"CITY",,,,"USD",,"100011337-SULLY MILLER CONTRACTING CO"
"5804010","2019","NON_DEPARTMENTAL","ARCADIS U.S. INC","2019-03-22T00:00:00.000","66877.94",,"143256","GENERAL GOVERNMENT","GOVERNMENTAL","CAPITAL PROJECTS","GOB 2009 CLEAN WATER CLEANUP","16T","TEMESCAL CANYON PRK PHASE II","50FD17","EFT26190000008370","SUPPLIES & OTHER SERVICES",,"9","2019-09 (MAR)","2019-03","3","MARCH,2019","MARCH","FMS",,,"50","GOB 2009 CLEAN WATER CLEANUP","100035931","60693-0626","EFT","PAID","PRC501916T500098",,,"2019-01-11T00:00:00.000","2","6","SC50CO18129644MO","SC-ARCADIS, CO129644,ALBION, NTP#18,STO#09-10,16V/50PZAB","CO129644 EW400028F/NTP#17 STO#09-16 INV.#0940915 REVISED","0",,"0","0","0","0",,"2019-03-20T00:00:00.000","21",,,,,"CITY",,,,"USD",,"100035931-ARCADIS U.S. INC"
"5807545","2019","NON_DEPARTMENTAL","ARCADIS U.S. INC","2019-03-22T00:00:00.000","60551.72",,"143256","GENERAL GOVERNMENT","GOVERNMENTAL","CAPITAL PROJECTS","GOB 2011A CLEAN WATER CLEANUP","16V","ALBION RIVERSIDE PARK IMPROVEMENTS","50KXAD","EFT26190000008370","SUPPLIES & OTHER SERVICES",,"9","2019-09 (MAR)","2019-03","3","MARCH,2019","MARCH","FMS",,,"50","GOB 2011A CLEAN WATER CLEANUP","100035931","60693-0626","EFT","PAID","PRC501916V500101",,,"2019-02-28T00:00:00.000","1","7","SC50CO18129644MO","SC-ARCADIS, CO129644,ALBION, NTP#18,STO#09-10,16V/50PZAB","CO129644,ALBION, NTP#15,STO#09-15, INV.#0959399","0",,"0","0","0","0",,"2019-03-20T00:00:00.000","17",,,,,"CITY",,,,"USD",,"100035931-ARCADIS U.S. INC"
"5803953","2019","NON_DEPARTMENTAL","ARCADIS U.S. INC","2019-03-14T00:00:00.000","58520.93",,"143256","GENERAL GOVERNMENT","GOVERNMENTAL","CAPITAL PROJECTS","GOB 2009 CLEAN WATER CLEANUP","16T","ARGO DRAIN SUB BASIN FACILITY.1","50LWAF","EFT26190000008169","SUPPLIES & OTHER SERVICES",,"9","2019-09 (MAR)","2019-03","3","MARCH,2019","MARCH","FMS",,,"50","GOB 2009 CLEAN WATER CLEANUP","100035931","60693-0626","EFT","PAID","PRC501916T500096",,,"2019-02-28T00:00:00.000","1","3","SC50CO18129644MO","SC-ARCADIS, CO129644,ALBION, NTP#18,STO#09-10,16V/50PZAB","CO129644 ARCADIS EW40067F INV.#0959377","0",,"0","0","0","0",,"2019-03-20T00:00:00.000","15",,,,,"CITY",,,,"USD",,"100035931-ARCADIS U.S. INC"
"5807682","2019","NON_DEPARTMENTAL","ECOLOGY CONTROL INDUSTRIES INC","2019-03-13T00:00:00.000","52397.5",,"361776","GENERAL GOVERNMENT","GOVERNMENTAL","CAPITAL PROJECTS","GOB 2011A CLEAN WATER CLEANUP","16V","CATCH BASIN INSERTS / OPENINGS PH IV","50KZAA","AD26190000068209","IMPROVEMENTS OTHER THAN BUILDINGS",,"9","2019-09 (MAR)","2019-03","3","MARCH,2019","MARCH","FMS",,,"50","GOB 2011A CLEAN WATER CLEANUP","VC0000029149","90248","CHECK","PAID","PRC501916V500098",,,"2019-02-13T00:00:00.000","1","1","SC50CO18129927MO","SC-ECOLOGY CONTROL INDUSTRIES, CO#129927,CATCH BASIN IV","CO129927 ECOLOGY CONTROL INDUSTRIES CATCH BASIN IV EW40065F INV.#SW10138-IN","0",,"0","0","0","0",,"2017-12-11T00:00:00.000","1",,,,,"CITY",,,,"USD",,"VC0000029149-ECOLOGY CONTROL INDUSTRIES INC"
"5806984","2019","NON_DEPARTMENTAL","ARCADIS U.S. INC","2019-03-22T00:00:00.000","51970.46",,"143256","GENERAL GOVERNMENT","GOVERNMENTAL","CAPITAL PROJECTS","GOB 2009 CLEAN WATER CLEANUP","16T","PENMAR WATER QLTY PHASE II","50FZAA","EFT26190000008370","SUPPLIES & OTHER SERVICES",,"9","2019-09 (MAR)","2019-03","3","MARCH,2019","MARCH","FMS",,,"50","GOB 2009 CLEAN WATER CLEANUP","100035931","60693-0626","EFT","PAID","PRC501916T500098",,,"2019-01-11T00:00:00.000","1","5","SC50CO18129644MO","SC-ARCADIS, CO129644,ALBION, NTP#18,STO#09-10,16V/50PZAB","CO129644 EW400028F/NTP#17 STO#09-16 INV.#0940915 REVISED","0",,"0","0","0","0",,"2019-03-20T00:00:00.000","20",,,,,"CITY",,,,"USD",,"100035931-ARCADIS U.S. INC"
"5807779","2019","NON_DEPARTMENTAL","ARCADIS U.S. INC","2019-03-14T00:00:00.000","32893.17",,"143256","GENERAL GOVERNMENT","GOVERNMENTAL","CAPITAL PROJECTS","GOB 2009 CLEAN WATER CLEANUP","16T","MACHADO LAKE ECOSYSTEM REHAB","50FC19","EFT26190000008169","SUPPLIES & OTHER SERVICES",,"9","2019-09 (MAR)","2019-03","3","MARCH,2019","MARCH","FMS",,,"50","GOB 2009 CLEAN WATER CLEANUP","100035931","60693-0626","EFT","PAID","PRC501916T500096",,,"2019-01-31T00:00:00.000","1","1","SC50CO18129644MO","SC-ARCADIS, CO129644,ALBION, NTP#18,STO#09-10,16V/50PZAB","CO129644 ARCADIS EW40073B INV.#0953967","0",,"0","0","0","0",,"2019-03-20T00:00:00.000","2",,,,,"CITY",,,,"USD",,"100035931-ARCADIS U.S. INC"
"5806993","2019","NON_DEPARTMENTAL","ARCADIS U.S. INC","2019-03-04T00:00:00.000","28083.15",,"143256","GENERAL GOVERNMENT","GOVERNMENTAL","CAPITAL PROJECTS","GOB 2009 CLEAN WATER CLEANUP","16T","VERMONT AVENUE STORMWATER CAPTURE AND GREEN STREET PROJECT","50PZAC","EFT26190000007681","SUPPLIES & OTHER SERVICES",,"9","2019-09 (MAR)","2019-03","3","MARCH,2019","MARCH","FMS",,,"50","GOB 2009 CLEAN WATER CLEANUP","100035931","90071-1640","EFT","PAID","PRC501916T500092",,,"2019-01-31T00:00:00.000","1","2","SC50CO18129644MO","SC-ARCADIS, CO129644,ALBION, NTP#18,STO#09-10,16V/50PZAB","ARCADIS, CO129644, TOS09-09 ALBION, EW40075A.VERMONT STORMWATER INV.#0953972","0",,"0","0","0","0",,"2019-03-20T00:00:00.000","11",,,,,"CITY",,,,"USD",,"100035931-ARCADIS U.S. INC"
"5806072","2019","NON_DEPARTMENTAL","GEOSYNTEC CONSULTANTS/C","2019-03-20T00:00:00.000","24570.37",,"882142","GENERAL GOVERNMENT","GOVERNMENTAL","CAPITAL PROJECTS","GOB 2009 CLEAN WATER CLEANUP","16T","PROP O OPTIMIZATION","50MYAF","AD26190000070279","SUPPLIES & OTHER SERVICES",,"9","2019-09 (MAR)","2019-03","3","MARCH,2019","MARCH","FMS",,,"50","GOB 2009 CLEAN WATER CLEANUP","100001208","33487","CHECK","PAID","PRC501916T500097",,,"2019-03-08T00:00:00.000","1","1","SC50CO18124345MO","SC-GEOSYNTEC CONSULTANTS, INC.


C#124345,TOS SN-73","CO124345 GEOSYNTEC CONSULTANTS, INC. TOS SN-73 INV.#361465","0",,"0","0","0","0",,"2018-05-22T00:00:00.000","1",,,,,"CITY",,,,"USD",,"100001208-GEOSYNTEC CONSULTANTS/C"
"5807559","2019","NON_DEPARTMENTAL","ARCADIS U.S. INC","2019-03-04T00:00:00.000","23567.2",,"143256","GENERAL GOVERNMENT","GOVERNMENTAL","CAPITAL PROJECTS","GOB 2009 CLEAN WATER CLEANUP","16T","MACHADO LAKE-PHASE I","50FC18","EFT26190000007681","SUPPLIES & OTHER SERVICES",,"9","2019-09 (MAR)","2019-03","3","MARCH,2019","MARCH","FMS",,,"50","GOB 2009 CLEAN WATER CLEANUP","100035931","90071-1640","EFT","PAID","PRC501916T500092",,,"2019-01-31T00:00:00.000","1","1","SC50CO18129644MO","SC-ARCADIS, CO129644,ALBION, NTP#18,STO#09-10,16V/50PZAB","ARCADIS, CO129644, TOS09-05 ALBION, EW40072B.WILMINGTON DRAIN HRMMP INV.#0953970","0",,"0","0","0","0",,"2019-03-20T00:00:00.000","7",,,,,"CITY",,,,"USD",,"100035931-ARCADIS U.S. INC"
"5803686","2019","NON_DEPARTMENTAL","ARCADIS U.S. INC","2019-03-22T00:00:00.000","20202",,"143256","GENERAL GOVERNMENT","GOVERNMENTAL","CAPITAL PROJECTS","GOB 2009 CLEAN WATER CLEANUP","16T","PENMAR WATER QLTY PHASE II","50FZAA","EFT26190000008370","SUPPLIES & OTHER SERVICES",,"9","2019-09 (MAR)","2019-03","3","MARCH,2019","MARCH","FMS",,,"50","GOB 2009 CLEAN WATER CLEANUP","100035931","60693-0626","EFT","PAID","PRC501916T500098",,,"2019-01-11T00:00:00.000","1","1","SC50CO18129644MO","SC-ARCADIS, CO129644,ALBION, NTP#18,STO#09-10,16V/50PZAB","CO129644 EW40028F/TOS9 NTP3-PENMAR INV.#0940783 REVISED","0",,"0","0","0","0",,"2019-03-20T00:00:00.000","3",,,,,"CITY",,,,"USD",,"100035931-ARCADIS U.S. INC"
"5807681","2019","NON_DEPARTMENTAL","ECOLOGY CONTROL INDUSTRIES INC","2019-03-13T00:00:00.000","9490.74",,"361776","GENERAL GOVERNMENT","GOVERNMENTAL","CAPITAL PROJECTS","GOB 2011A CLEAN WATER CLEANUP","16V","CATCH BASIN INSERTS / OPENINGS PH IV","50KZAA","AD26190000068209","IMPROVEMENTS OTHER THAN BUILDINGS",,"9","2019-09 (MAR)","2019-03","3","MARCH,2019","MARCH","FMS",,,"50","GOB 2011A CLEAN WATER CLEANUP","VC0000029149","90248","CHECK","PAID","PRC501916V500098",,,"2019-02-13T00:00:00.000","1","2","SC50CO18129927MO","SC-ECOLOGY CONTROL INDUSTRIES, CO#129927,CATCH BASIN IV","CO129927 ECOLOGY CONTROL INDUSTRIES CATCH BASIN IV EW40065F INV.#SW10141-IN","0",,"0","0","0","0",,"2017-12-11T00:00:00.000","1",,,,,"CITY",,,,"USD",,"VC0000029149-ECOLOGY CONTROL INDUSTRIES INC"
"5806992","2019","NON_DEPARTMENTAL","ARCADIS U.S. INC","2019-03-04T00:00:00.000","5103",,"143256","GENERAL GOVERNMENT","GOVERNMENTAL","CAPITAL PROJECTS","GOB 2009 CLEAN WATER CLEANUP","16T","VERMONT AVENUE STORMWATER CAPTURE AND GREEN STREET PROJECT","50PZAC","EFT26190000007681","SUPPLIES & OTHER SERVICES",,"9","2019-09 (MAR)","2019-03","3","MARCH,2019","MARCH","FMS",,,"50","GOB 2009 CLEAN WATER CLEANUP","100035931","90071-1640","EFT","PAID","PRC501916T500092",,,"2019-01-31T00:00:00.000","1","3","SC50CO18129644MO","SC-ARCADIS, CO129644,ALBION, NTP#18,STO#09-10,16V/50PZAB","ARCADIS, CO129644, TOS09-09 ALBION, EW40075A.VERMONT STORMWATER INV.#0953974","0",,"0","0","0","0",,"2019-03-20T00:00:00.000","11",,,,,"CITY",,,,"USD",,"100035931-ARCADIS U.S. INC"
"5807679","2019","NON_DEPARTMENTAL","ECOLOGY CONTROL INDUSTRIES INC","2019-03-13T00:00:00.000","4512.21",,"361776","GENERAL GOVERNMENT","GOVERNMENTAL","CAPITAL PROJECTS","GOB 2011A CLEAN WATER CLEANUP","16V","CATCH BASIN INSERTS / OPENINGS PH IV","50KZAA","AD26190000068209","IMPROVEMENTS OTHER THAN BUILDINGS",,"9","2019-09 (MAR)","2019-03","3","MARCH,2019","MARCH","FMS",,,"50","GOB 2011A CLEAN WATER CLEANUP","VC0000029149","90248","CHECK","PAID","PRC501916V500098",,,"2019-02-13T00:00:00.000","1","4","SC50CO18129927MO","SC-ECOLOGY CONTROL INDUSTRIES, CO#129927,CATCH BASIN IV","CO129927 ECOLOGY CONTROL INDUSTRIES CATCH BASIN IV EW40065F INV.#SW10139-IN","0",,"0","0","0","0",,"2017-12-11T00:00:00.000","1",,,,,"CITY",,,,"USD",,"VC0000029149-ECOLOGY CONTROL INDUSTRIES INC"
"5807680","2019","NON_DEPARTMENTAL","ECOLOGY CONTROL INDUSTRIES INC","2019-03-13T00:00:00.000","1404",,"361776","GENERAL GOVERNMENT","GOVERNMENTAL","CAPITAL PROJECTS","GOB 2011A CLEAN WATER CLEANUP","16V","CATCH BASIN INSERTS / OPENINGS PH IV","50KZAA","AD26190000068209","IMPROVEMENTS OTHER THAN BUILDINGS",,"9","2019-09 (MAR)","2019-03","3","MARCH,2019","MARCH","FMS",,,"50","GOB 2011A CLEAN WATER CLEANUP","VC0000029149","90248","CHECK","PAID","PRC501916V500098",,,"2019-02-13T00:00:00.000","1","3","SC50CO18129927MO","SC-ECOLOGY CONTROL INDUSTRIES, CO#129927,CATCH BASIN IV","CO129927 ECOLOGY CONTROL INDUSTRIES CATCH BASIN IV EW40065F INV.#SW10140-IN","0",,"0","0","0","0",,"2017-12-11T00:00:00.000","1",,,,,"CITY",,,,"USD",,"VC0000029149-ECOLOGY CONTROL INDUSTRIES INC"
"5804009","2019","NON_DEPARTMENTAL","ARCADIS U.S. INC","2019-03-22T00:00:00.000","1008",,"143256","GENERAL GOVERNMENT","GOVERNMENTAL","CAPITAL PROJECTS","GOB 2009 CLEAN WATER CLEANUP","16T","TEMESCAL CANYON PRK PHASE II","50FD17","EFT26190000008370","SUPPLIES & OTHER SERVICES",,"9","2019-09 (MAR)","2019-03","3","MARCH,2019","MARCH","FMS",,,"50","GOB 2009 CLEAN WATER CLEANUP","100035931","60693-0626","EFT","PAID","PRC501916T500098",,,"2019-01-31T00:00:00.000","2","4","SC50CO18129644MO","SC-ARCADIS, CO129644,ALBION, NTP#18,STO#09-10,16V/50PZAB","CO129644 EW400028F/NTP#17 STO#09-16 INV.#0953978","0",,"0","0","0","0",,"2019-03-20T00:00:00.000","21",,,,,"CITY",,,,"USD",,"100035931-ARCADIS U.S. INC"
"5806985","2019","NON_DEPARTMENTAL","ARCADIS U.S. INC","2019-03-22T00:00:00.000","1008",,"143256","GENERAL GOVERNMENT","GOVERNMENTAL","CAPITAL PROJECTS","GOB 2009 CLEAN WATER CLEANUP","16T","PENMAR WATER QLTY PHASE II","50FZAA","EFT26190000008370","SUPPLIES & OTHER SERVICES",,"9","2019-09 (MAR)","2019-03","3","MARCH,2019","MARCH","FMS",,,"50","GOB 2009 CLEAN WATER CLEANUP","100035931","60693-0626","EFT","PAID","PRC501916T500098",,,"2019-01-31T00:00:00.000","1","3","SC50CO18129644MO","SC-ARCADIS, CO129644,ALBION, NTP#18,STO#09-10,16V/50PZAB","CO129644 EW400028F/NTP#17 STO#09-16 INV.#0953978","0",,"0","0","0","0",,"2019-03-20T00:00:00.000","20",,,,,"CITY",,,,"USD",,"100035931-ARCADIS U.S. INC"
"5789523","2019","NON_DEPARTMENTAL","STATE WATER RESOURCES CONTROL BOARD","2019-03-14T00:00:00.000","638",,"6666666666","GENERAL GOVERNMENT","GOVERNMENTAL","CAPITAL PROJECTS","GOB 2008A CLEAN WATER CLEANUP","16Q","ALISO CREEK-LIMEKILN CREEK RESTORATION","50KYAG","AD26190000068385","SUPPLIES & OTHER SERVICES",,"9","2019-09 (MAR)","2019-03","3","MARCH,2019","MARCH","FMS",,,"50","GOB 2008A CLEAN WATER CLEANUP","100002610","95812-1888","CHECK","PAID","GAX501916Q500001",,,"2019-02-14T00:00:00.000","1","1","GAEAE50AE1916Q001M","ALISO LIMEKILN CREEK EW40062A","STATE WATER RESOURCES CONTROL BOARD --PERMIT FEE -- ALISO LIMEKILN CREEK EW40062A INV.#WD-0150777",,,,,,"0",,"2019-03-05T00:00:00.000","0",,,,,"CITY",,,,"USD",,"100002610-STATE WATER RESOURCES CONTROL BOARD"
"5803747","2019","NON_DEPARTMENTAL","ARCADIS U.S. INC","2019-03-14T00:00:00.000","384.42",,"143256","GENERAL GOVERNMENT","GOVERNMENTAL","CAPITAL PROJECTS","GOB 2009 CLEAN WATER CLEANUP","16T","MACHADO LAKE-PHASE I","50FC18","EFT26190000008169","SUPPLIES & OTHER SERVICES",,"9","2019-09 (MAR)","2019-03","3","MARCH,2019","MARCH","FMS",,,"50","GOB 2009 CLEAN WATER CLEANUP","100035931","60693-0626","EFT","PAID","PRC501916T500096",,,"2019-02-28T00:00:00.000","1","2","SC50CO18129644MO","SC-ARCADIS, CO129644,ALBION, NTP#18,STO#09-10,16V/50PZAB","CO129644 ARCADIS EW40072B INV.#0959375","0",,"0","0","0","0",,"2019-03-20T00:00:00.000","9",,,,,"CITY",,,,"USD",,"100035931-ARCADIS U.S. INC"
"5778370","2019","NON_DEPARTMENTAL","OHL USA INC","2019-02-22T00:00:00.000","563033.2",,"2732354","GENERAL GOVERNMENT","GOVERNMENTAL","CAPITAL PROJECTS","GOB 2011A CLEAN WATER CLEANUP","16V","ARGO DRAIN SUB BASIN FACILITY","50RZAE","AD26190000062307","IMPROVEMENTS OTHER THAN BUILDINGS",,"8","2019-08 (FEB)","2019-03","2","FEBRUARY,2019","FEBRUARY","FMS",,,"50","GOB 2011A CLEAN WATER CLEANUP","VC0000014741","92614-7279","CHECK","PAID","PRC501916V500097",,,"2019-01-12T00:00:00.000","1","1","SC50CO19131878KO","OHL USA INC-CO#131878, ARGO

$7,965,269.00","CO131878 OHL USA INC. EW40067F PR#2","0",,"0","0","0","0",,"2018-10-15T00:00:00.000","1",,,,,"CITY",,,,"USD",,"VC0000014741-OHL USA INC"
"5780501","2019","NON_DEPARTMENTAL","SULLY MILLER CONTRACTING CO","2019-02-21T00:00:00.000","313438.83",,"940327","GENERAL GOVERNMENT","GOVERNMENTAL","CAPITAL PROJECTS","GOB 2009 CLEAN WATER CLEANUP","16T","ALBION RIVERSIDE PARK IMPROVEMENTS","50KXAD","AD26190000062082","SUPPLIES & OTHER SERVICES",,"8","2019-08 (FEB)","2019-03","2","FEBRUARY,2019","FEBRUARY","FMS",,,"50","GOB 2009 CLEAN WATER CLEANUP","100011337","92821","CHECK","PAID","PRC501916T500088",,,"2018-11-25T00:00:00.000","1","1","SC50MSACO17129088KO","SC-SULLY-MILLER,C#129088

ENC $9,705","CO129088 WO#EW40060F ALBION RIVERSIDE PARK PROJECT PR#16","0",,"0","0","0","0",,"2019-02-25T00:00:00.000","1",,,,,"CITY",,,,"USD",,"100011337-SULLY MILLER CONTRACTING CO"
"5780500","2019","NON_DEPARTMENTAL","SULLY MILLER CONTRACTING CO","2019-02-21T00:00:00.000","276608.25",,"940327","GENERAL GOVERNMENT","GOVERNMENTAL","CAPITAL PROJECTS","GOB 2009 CLEAN WATER CLEANUP","16T","ALBION RIVERSIDE PARK IMPROVEMENTS","50KXAD","AD26190000062082","SUPPLIES & OTHER SERVICES",,"8","2019-08 (FEB)","2019-03","2","FEBRUARY,2019","FEBRUARY","FMS",,,"50","GOB 2009 CLEAN WATER CLEANUP","100011337","92821","CHECK","PAID","PRC501916T500088",,,"2018-12-25T00:00:00.000","1","2","SC50MSACO17129088KO","SC-SULLY-MILLER,C#129088

ENC $9,705","CO129088 WO#EW40060F ALBION RIVERSIDE PARK PROJECT PR#17","0",,"0","0","0","0",,"2019-02-25T00:00:00.000","1",,,,,"CITY",,,,"USD",,"100011337-SULLY MILLER CONTRACTING CO"
"5778369","2019","NON_DEPARTMENTAL","OHL USA INC","2019-02-22T00:00:00.000","157521.44",,"2732354","GENERAL GOVERNMENT","GOVERNMENTAL","CAPITAL PROJECTS","GOB 2011A CLEAN WATER CLEANUP","16V","ARGO DRAIN SUB BASIN FACILITY","50RZAE","AD26190000062307","IMPROVEMENTS OTHER THAN BUILDINGS",,"8","2019-08 (FEB)","2019-03","2","FEBRUARY,2019","FEBRUARY","FMS",,,"50","GOB 2011A CLEAN WATER CLEANUP","VC0000014741","92614-7279","CHECK","PAID","PRC501916V500097",,,"2018-12-02T00:00:00.000","1","2","SC50CO19131878KO","OHL USA INC-CO#131878, ARGO

$7,965,269.00","CO131878 OHL USA INC. EW40067F PR#1","0",,"0","0","0","0",,"2018-10-15T00:00:00.000","1",,,,,"CITY",,,,"USD",,"VC0000014741-OHL USA INC"
"5780511","2019","NON_DEPARTMENTAL","GEOSYNTEC CONSULTANTS/C","2019-02-20T00:00:00.000","102959.37",,"882142","GENERAL GOVERNMENT","GOVERNMENTAL","CAPITAL PROJECTS","GOB 2009 CLEAN WATER CLEANUP","16T","PROP O OPTIMIZATION","50MYAF","AD26190000061649","SUPPLIES & OTHER SERVICES",,"8","2019-08 (FEB)","2019-03","2","FEBRUARY,2019","FEBRUARY","FMS",,,"50","GOB 2009 CLEAN WATER CLEANUP","100001208","33487","CHECK","PAID","PRC501916T500089",,,"2018-12-02T00:00:00.000","1","1","SC50CO18124345MO","SC-GEOSYNTEC CONSULTANTS, INC.

C#124345,TOS SN-73","CO124345 GEOSYNTEC CONSULTANTS, INC.","0",,"0","0","0","0",,"2018-05-22T00:00:00.000","1",,,,,"CITY",,,,"USD",,"100001208-GEOSYNTEC CONSULTANTS/C"
"5777002","2019","NON_DEPARTMENTAL","ECOLOGY CONTROL INDUSTRIES INC","2019-02-04T00:00:00.000","94149.78",,"361776","GENERAL GOVERNMENT","GOVERNMENTAL","CAPITAL PROJECTS","GOB 2011A CLEAN WATER CLEANUP","16V","CATCH BASIN INSERTS / OPENINGS PH IV","50KZAA","AD26190000057826","IMPROVEMENTS OTHER THAN BUILDINGS",,"8","2019-08 (FEB)","2019-03","2","FEBRUARY,2019","FEBRUARY","FMS",,,"50","GOB 2011A CLEAN WATER CLEANUP","VC0000029149","90248","CHECK","PAID","PRC501916V500088",,,"2018-11-26T00:00:00.000","1","1","SC50CO18129927MO","SC-ECOLOGY CONTROL INDUSTRIES, CO#129927,CATCH BASIN IV","CATCH BASIN IV INSERTS, C#129927,16V/50KZAA,EW40065F","0",,"0","0","0","0",,"2017-12-11T00:00:00.000","1",,,,,"CITY",,,,"USD",,"VC0000029149-ECOLOGY CONTROL INDUSTRIES INC"
"5777358","2019","NON_DEPARTMENTAL","ARCADIS U.S. INC","2019-02-06T00:00:00.000","80066.1",,"143256","GENERAL GOVERNMENT","GOVERNMENTAL","CAPITAL PROJECTS","GOB 2011A CLEAN WATER CLEANUP","16V","ALBION RIVERSIDE PARK IMPROVEMENTS","50KXAD","EFT26190000006796","SUPPLIES & OTHER SERVICES",,"8","2019-08 (FEB)","2019-03","2","FEBRUARY,2019","FEBRUARY","FMS",,,"50","GOB 2011A CLEAN WATER CLEANUP","100035931","60693-0626","EFT","PAID","PRC501916V500089",,,"2018-10-30T00:00:00.000","1","1","SC50CO18129644MO","SC-ARCADIS, CO129644,ALBION, NTP#18,STO#09-10,16V/50PZAB","16V/50KXAD,EW40060F,NTP#15,STO#09-15=ALBION","0",,"0","0","0","0",,"2019-03-20T00:00:00.000","17",,,,,"CITY",,,,"USD",,"100035931-ARCADIS U.S. INC"
"5780499","2019","NON_DEPARTMENTAL","SULLY MILLER CONTRACTING CO","2019-02-21T00:00:00.000","76955.4",,"940327","GENERAL GOVERNMENT","GOVERNMENTAL","CAPITAL PROJECTS","GOB 2009 CLEAN WATER CLEANUP","16T","ALBION RIVERSIDE PARK IMPROVEMENTS","50KXAD","AD26190000062082","SUPPLIES & OTHER SERVICES",,"8","2019-08 (FEB)","2019-03","2","FEBRUARY,2019","FEBRUARY","FMS",,,"50","GOB 2009 CLEAN WATER CLEANUP","100011337","92821","CHECK","PAID","PRC501916T500088",,,"2019-01-29T00:00:00.000","1","3","SC50MSACO17129088KO","SC-SULLY-MILLER,C#129088

ENC $9,705","CO129088 WO#EW40060F ALBION RIVERSIDE PARK PROJECT PR#18","0",,"0","0","0","0",,"2019-02-25T00:00:00.000","1",,,,,"CITY",,,,"USD",,"100011337-SULLY MILLER CONTRACTING CO"
"5777001","2019","NON_DEPARTMENTAL","ECOLOGY CONTROL INDUSTRIES INC","2019-02-11T00:00:00.000","45600.01",,"361776","GENERAL GOVERNMENT","GOVERNMENTAL","CAPITAL PROJECTS","GOB 2011A CLEAN WATER CLEANUP","16V","CATCH BASIN INSERTS / OPENINGS PH IV","50KZAA","AD26190000059568","IMPROVEMENTS OTHER THAN BUILDINGS",,"8","2019-08 (FEB)","2019-03","2","FEBRUARY,2019","FEBRUARY","FMS",,,"50","GOB 2011A CLEAN WATER CLEANUP","VC0000029149","90248","CHECK","PAID","PRC501916V500092",,,"2018-11-06T00:00:00.000","1","1","SC50CO18129927MO","SC-ECOLOGY CONTROL INDUSTRIES, CO#129927,CATCH BASIN IV","CATCH BASIN IV INSERTS, C#129927,16V/50KZAA,EW40065F","0",,"0","0","0","0",,"2017-12-11T00:00:00.000","1",,,,,"CITY",,,,"USD",,"VC0000029149-ECOLOGY CONTROL INDUSTRIES INC"
"5780510","2019","NON_DEPARTMENTAL","GEOSYNTEC CONSULTANTS/C","2019-02-20T00:00:00.000","23418.84",,"882142","GENERAL GOVERNMENT","GOVERNMENTAL","CAPITAL PROJECTS","GOB 2009 CLEAN WATER CLEANUP","16T","PROP O OPTIMIZATION","50MYAF","AD26190000061648","SUPPLIES & OTHER SERVICES",,"8","2019-08 (FEB)","2019-03","2","FEBRUARY,2019","FEBRUARY","FMS",,,"50","GOB 2009 CLEAN WATER CLEANUP","100001208","92648-0820","CHECK","PAID","PRC501916T500090",,,"2019-01-21T00:00:00.000","1","1","SC50CO18124345MO","SC-GEOSYNTEC CONSULTANTS, INC.

C#124345,TOS SN-73","CO124345 GEOSYNTEC CONSULTANTS, INC. INV.#357349","0",,"0","0","0","0",,"2018-05-22T00:00:00.000","1",,,,,"CITY",,,,"USD",,"100001208-GEOSYNTEC CONSULTANTS/C"
"5780509","2019","NON_DEPARTMENTAL","GEOSYNTEC CONSULTANTS/C","2019-02-27T00:00:00.000","20607.19",,"882142","GENERAL GOVERNMENT","GOVERNMENTAL","CAPITAL PROJECTS","GOB 2009 CLEAN WATER CLEANUP","16T","PROP O OPTIMIZATION","50MYAF","AD26190000063900","SUPPLIES & OTHER SERVICES",,"8","2019-08 (FEB)","2019-03","2","FEBRUARY,2019","FEBRUARY","FMS",,,"50","GOB 2009 CLEAN WATER CLEANUP","100001208","33487","CHECK","PAID","PRC501916T500091",,,"2019-02-10T00:00:00.000","1","1","SC50CO18124345MO","SC-GEOSYNTEC CONSULTANTS, INC.

C#124345,TOS SN-73","CO124345 GEOSYNTEC CONSULTANTS, INC. TOS SN-73 INV.#359209","0",,"0","0","0","0",,"2018-05-22T00:00:00.000","1",,,,,"CITY",,,,"USD",,"100001208-GEOSYNTEC CONSULTANTS/C"
"5777000","2019","NON_DEPARTMENTAL","ECOLOGY CONTROL INDUSTRIES INC","2019-02-15T00:00:00.000","18798",,"361776","GENERAL GOVERNMENT","GOVERNMENTAL","CAPITAL PROJECTS","GOB 2011A CLEAN WATER CLEANUP","16V","CATCH BASIN INSERTS / OPENINGS PH IV","50KZAA","AD26190000061132","IMPROVEMENTS OTHER THAN BUILDINGS",,"8","2019-08 (FEB)","2019-03","2","FEBRUARY,2019","FEBRUARY","FMS",,,"50","GOB 2011A CLEAN WATER CLEANUP","VC0000029149","90248","CHECK","PAID","PRC501916V500096",,,"2019-01-05T00:00:00.000","1","1","SC50CO18129927MO","SC-ECOLOGY CONTROL INDUSTRIES, CO#129927,CATCH BASIN IV","CATCH BASIN IV INSERTS, C#129927,16V/50KZAA,EW40065F","0",,"0","0","0","0",,"2017-12-11T00:00:00.000","1",,,,,"CITY",,,,"USD",,"VC0000029149-ECOLOGY CONTROL INDUSTRIES INC"
"5776999","2019","NON_DEPARTMENTAL","ECOLOGY CONTROL INDUSTRIES INC","2019-02-07T00:00:00.000","8800",,"361776","GENERAL GOVERNMENT","GOVERNMENTAL","CAPITAL PROJECTS","GOB 2011A CLEAN WATER CLEANUP","16V","CATCH BASIN INSERTS / OPENINGS PH IV","50KZAA","AD26190000058900","IMPROVEMENTS OTHER THAN BUILDINGS",,"8","2019-08 (FEB)","2019-03","2","FEBRUARY,2019","FEBRUARY","FMS",,,"50","GOB 2011A CLEAN WATER CLEANUP","VC0000029149","90248","CHECK","PAID","PRC501916V500090",,,"2018-11-06T00:00:00.000","1","1","SC50CO18129927MO","SC-ECOLOGY CONTROL INDUSTRIES, CO#129927,CATCH BASIN IV","CATCH BASIN IV INSERTS, C#129927,16V/50KZAA,EW40065F","0",,"0","0","0","0",,"2017-12-11T00:00:00.000","1",,,,,"CITY",,,,"USD",,"VC0000029149-ECOLOGY CONTROL INDUSTRIES INC"
"5779641","2019","NON_DEPARTMENTAL","ARCADIS U.S. INC","2019-02-13T00:00:00.000","5830.24",,"143256","GENERAL GOVERNMENT","GOVERNMENTAL","CAPITAL PROJECTS","GOB 2011A CLEAN WATER CLEANUP","16V","ALBION RIVERSIDE PARK IMPROVEMENTS","50KXAD","EFT26190000007146","SUPPLIES & OTHER SERVICES",,"8","2019-08 (FEB)","2019-03","2","FEBRUARY,2019","FEBRUARY","FMS",,,"50","GOB 2011A CLEAN WATER CLEANUP","100035931","60693-0626","EFT","PAID","PRC501916V500093",,,"2018-11-07T00:00:00.000","2","1","SC50CO18129644MO","SC-ARCADIS, CO129644,ALBION, NTP#18,STO#09-10,16V/50PZAB","16V/50KXAD,EW40060F,NTP#4,STO#09-04=ALBION","0",,"0","0","0","0",,"2019-03-20T00:00:00.000","16",,,,,"CITY",,,,"USD",,"100035931-ARCADIS U.S. INC"
"5777003","2019","NON_DEPARTMENTAL","ECOLOGY CONTROL INDUSTRIES INC","2019-02-13T00:00:00.000","5401.18",,"361776","GENERAL GOVERNMENT","GOVERNMENTAL","CAPITAL PROJECTS","GOB 2011A CLEAN WATER CLEANUP","16V","CATCH BASIN INSERTS / OPENINGS PH IV","50KZAA","AD26190000060354","IMPROVEMENTS OTHER THAN BUILDINGS",,"8","2019-08 (FEB)","2019-03","2","FEBRUARY,2019","FEBRUARY","FMS",,,"50","GOB 2011A CLEAN WATER CLEANUP","VC0000029149","90248","CHECK","PAID","PRC501916V500095",,,"2018-12-02T00:00:00.000","1","1","SC50CO18129927MO","SC-ECOLOGY CONTROL INDUSTRIES, CO#129927,CATCH BASIN IV","CATCH BASIN IV INSERTS, C#129927,16V/50KZAA,EW40065F","0",,"0","0","0","0",,"2017-12-11T00:00:00.000","1",,,,,"CITY",,,,"USD",,"VC0000029149-ECOLOGY CONTROL INDUSTRIES INC"
"5780446","2019","NON_DEPARTMENTAL","SWCA INCORPORATED","2019-02-05T00:00:00.000","706.58",,"2466104","GENERAL GOVERNMENT","GOVERNMENTAL","CAPITAL PROJECTS","GOB 2009 CLEAN WATER CLEANUP","16T","PENMAR WATER QLTY PHASE II","50FZAA","AD26190000058169","SUPPLIES & OTHER SERVICES",,"8","2019-08 (FEB)","2019-03","2","FEBRUARY,2019","FEBRUARY","FMS",,,"50","GOB 2009 CLEAN WATER CLEANUP","100036600","60009","CHECK","PAID","PRC501916T500087",,,"2018-11-12T00:00:00.000","1","1","SC50MSACO15123103MO","SC-SWCA,PROP.O  TOS#EMGS-011,ENCUMBER $4,785.30","SRPT:16T/50/50FZAA/EW40028B/TOS-EMGS011/NTP2","0",,"0","0","0","0",,"2019-01-31T00:00:00.000","2",,,,,"CITY",,,,"USD",,"100036600-SWCA INCORPORATED"
"5711286","2019","NON_DEPARTMENTAL","ECOLOGY CONTROL INDUSTRIES INC","2019-01-28T00:00:00.000","21208",,"361776","GENERAL GOVERNMENT","GOVERNMENTAL","CAPITAL PROJECTS","GOB 2011A CLEAN WATER CLEANUP","16V","CATCH BASIN INSERTS / OPENINGS PH IV","50KZAA","AD26190000055740","IMPROVEMENTS OTHER THAN BUILDINGS",,"7","2019-07 (JAN)","2019-03","1","JANUARY,2019","JANUARY","FMS",,,"50","GOB 2011A CLEAN WATER CLEANUP","VC0000029149","90248","CHECK","PAID","PRC501916V500085",,,"2018-11-10T00:00:00.000","1","1","SC50CO18129927MO","SC-ECOLOGY CONTROL INDUSTRIES, CO#129927,CATCH BASIN IV","CATCH BASIN IV INSERTS, C#129927,16V/50KZAA,EW40065F","0",,"0","0","0","0",,"2017-12-11T00:00:00.000","1",,,,,"CITY",,,,"USD",,"VC0000029149-ECOLOGY CONTROL INDUSTRIES INC"
"5711287","2019","NON_DEPARTMENTAL","ECOLOGY CONTROL INDUSTRIES INC","2019-01-31T00:00:00.000","11335",,"361776","GENERAL GOVERNMENT","GOVERNMENTAL","CAPITAL PROJECTS","GOB 2011A CLEAN WATER CLEANUP","16V","CATCH BASIN INSERTS / OPENINGS PH IV","50KZAA","AD26190000057106","IMPROVEMENTS OTHER THAN BUILDINGS",,"7","2019-07 (JAN)","2019-03","1","JANUARY,2019","JANUARY","FMS",,,"50","GOB 2011A CLEAN WATER CLEANUP","VC0000029149","90248","CHECK","PAID","PRC501916V500086",,,"2018-11-12T00:00:00.000","1","1","SC50CO18129927MO","SC-ECOLOGY CONTROL INDUSTRIES, CO#129927,CATCH BASIN IV","CATCH BASIN IV INSERTS, C#129927,16V/50KZAA,EW40065F","0",,"0","0","0","0",,"2017-12-11T00:00:00.000","1",,,,,"CITY",,,,"USD",,"VC0000029149-ECOLOGY CONTROL INDUSTRIES INC"
"5516186","2019","NON_DEPARTMENTAL","ARCADIS U.S. INC","2018-12-28T00:00:00.000","54445.93",,"0000143256","GENERAL GOVERNMENT","GOVERNMENTAL","CAPITAL PROJECTS","GOB 2009 CLEAN WATER CLEANUP","16T","MACHADO LAKE ECOSYSTEM REHAB","50FC19","EFT26190000005658","SUPPLIES & OTHER SERVICES",,"6","2019-06 (DEC)","2019-02","12","DECEMBER,2018","DECEMBER","FMS",,,"50","GOB 2009 CLEAN WATER CLEANUP","100035931","60693-0626","EFT","PAID","PRC501916T500084",,,"2018-11-20T00:00:00.000","1","1","SC50CO18129644MO","SC-ARCADIS, C#129644,ALBION, NTP#15,STO#09-15, ENC $498,084","NTP#2, STO#09--02, MACHADO LAKE ECOSYSTEM REHABILITATION,16T/50FC19","0",,"0","0","0","0",,"2018-11-26T00:00:00.000","2",,,,,"CITY",,,,"USD",,"100035931-ARCADIS U.S. INC"
"5515941","2019","NON_DEPARTMENTAL","ARCADIS U.S. INC","2018-12-28T00:00:00.000","50841.42",,"0000143256","GENERAL GOVERNMENT","GOVERNMENTAL","CAPITAL PROJECTS","GOB 2011A CLEAN WATER CLEANUP","16V","ALBION RIVERSIDE PARK IMPROVEMENTS","50KXAD","EFT26190000005658","SUPPLIES & OTHER SERVICES",,"6","2019-06 (DEC)","2019-02","12","DECEMBER,2018","DECEMBER","FMS",,,"50","GOB 2011A CLEAN WATER CLEANUP","100035931","60693-0626","EFT","PAID","PRC501916V500083",,,"2018-11-20T00:00:00.000","1","2","SC50CO18129644MO","SC-ARCADIS, C#129644,ALBION, NTP#15,STO#09-15, ENC $498,084","16V/50KXAD,EW40060F,NTP#15,STO#09-15=ALBION","0",,"0","0","0","0",,"2018-11-26T00:00:00.000","17",,,,,"CITY",,,,"USD",,"100035931-ARCADIS U.S. INC"
"5511485","2019","NON_DEPARTMENTAL","ARCADIS U.S. INC","2018-12-26T00:00:00.000","25693.72",,"0000143256","GENERAL GOVERNMENT","GOVERNMENTAL","CAPITAL PROJECTS","GOB 2009 CLEAN WATER CLEANUP","16T","ARGO DRAIN SUB BASIN FACILITY.1","50LWAF","EFT26190000005615","SUPPLIES & OTHER SERVICES",,"6","2019-06 (DEC)","2019-02","12","DECEMBER,2018","DECEMBER","FMS",,,"50","GOB 2009 CLEAN WATER CLEANUP","100035931","60693-0626","EFT","PAID","PRC501916T500082",,,"2018-11-20T00:00:00.000","1","1","SC50CO18129644MO","SC-ARCADIS, C#129644,ALBION, NTP#15,STO#09-15, ENC $498,084","16T/50LWAF/EW40067F,NTP#7STO#09-07- ARGO DRAIN SUB-BASINENC=$1,266,328.00","0",,"0","0","0","0",,"2018-11-26T00:00:00.000","15",,,,,"CITY",,,,"USD",,"100035931-ARCADIS U.S. INC"
"5515948","2019","NON_DEPARTMENTAL","ARCADIS U.S. INC","2018-12-12T00:00:00.000","10676.9",,"0000143256","GENERAL GOVERNMENT","GOVERNMENTAL","CAPITAL PROJECTS","GOB 2009 CLEAN WATER CLEANUP","16T","MACHADO LAKE-PHASE I","50FC18","EFT26190000005135","SUPPLIES & OTHER SERVICES",,"6","2019-06 (DEC)","2019-02","12","DECEMBER,2018","DECEMBER","FMS",,,"50","GOB 2009 CLEAN WATER CLEANUP","100035931","60693-0626","EFT","PAID","PRC501916T500079",,,"2018-11-20T00:00:00.000","1","1","SC50CO18129644MO","SC-ARCADIS, C#129644,ALBION, NTP#15,STO#09-15, ENC $498,084","NTP#5,STO#09-5,MACHADO(WILMINGTON)","0",,"0","0","0","0",,"2018-11-26T00:00:00.000","7",,,,,"CITY",,,,"USD",,"100035931-ARCADIS U.S. INC"
"5511486","2019","NON_DEPARTMENTAL","ARCADIS U.S. INC","2018-12-06T00:00:00.000","8859.41",,"0000143256","GENERAL GOVERNMENT","GOVERNMENTAL","CAPITAL PROJECTS","GOB 2009 CLEAN WATER CLEANUP","16T","ARGO DRAIN SUB BASIN FACILITY.1","50LWAF","EFT26190000005028","SUPPLIES & OTHER SERVICES",,"6","2019-06 (DEC)","2019-02","12","DECEMBER,2018","DECEMBER","FMS",,,"50","GOB 2009 CLEAN WATER CLEANUP","100035931","60693-0626","EFT","PAID","PRC501916T500078",,,"2018-11-01T00:00:00.000","1","1","SC50CO18129644MO","SC-ARCADIS, C#129644,ALBION, NTP#15,STO#09-15, ENC $498,084","16T/50LWAF/EW40067F,NTP#7STO#09-07- ARGO DRAIN SUB-BASINENC=$1,266,328.00","0",,"0","0","0","0",,"2018-11-26T00:00:00.000","15",,,,,"CITY",,,,"USD",,"100035931-ARCADIS U.S. INC"
"5515722","2019","NON_DEPARTMENTAL","ARCADIS U.S. INC","2018-12-24T00:00:00.000","6064.28",,"0000143256","GENERAL GOVERNMENT","GOVERNMENTAL","CAPITAL PROJECTS","GOB 2009 CLEAN WATER CLEANUP","16T","VERMONT AVENUE STORMWATER CAPTURE AND GREEN STREET PROJECT","50PZAC","EFT26190000005596","SUPPLIES & OTHER SERVICES",,"6","2019-06 (DEC)","2019-02","12","DECEMBER,2018","DECEMBER","FMS",,,"50","GOB 2009 CLEAN WATER CLEANUP","100035931","60693-0626","EFT","PAID","PRC501916T500081",,,"2018-11-20T00:00:00.000","1","1","SC50CO18129644MO","SC-ARCADIS, C#129644,ALBION, NTP#15,STO#09-15, ENC $498,084","16T/50PZAC/EW40075A,NTP#11,STO#09-09- VERMONT STORMWATER ENC=$249,381.30","0",,"0","0","0","0",,"2018-11-26T00:00:00.000","11",,,,,"CITY",,,,"USD",,"100035931-ARCADIS U.S. INC"
"5514078","2019","NON_DEPARTMENTAL","ARCADIS U.S. INC","2018-12-21T00:00:00.000","319.84",,"0000143256","GENERAL GOVERNMENT","GOVERNMENTAL","CAPITAL PROJECTS","GOB 2009 CLEAN WATER CLEANUP","16T","MACHADO LAKE ECOSYSTEM REHAB","50FC19","EFT26190000005569","SUPPLIES & OTHER SERVICES",,"6","2019-06 (DEC)","2019-02","12","DECEMBER,2018","DECEMBER","FMS",,,"50","GOB 2009 CLEAN WATER CLEANUP","100035931","60693-0626","EFT","PAID","PRC501916T500080",,,"2018-11-20T00:00:00.000","1","1","SC50CO18129644MO","SC-ARCADIS, C#129644,ALBION, NTP#15,STO#09-15, ENC $498,084","NTP#1, STO#09-01, MACHADO LAKE ECOSYSTEM REHABILITATION,16T/50FC19","0",,"0","0","0","0",,"2018-11-26T00:00:00.000","1",,,,,"CITY",,,,"USD",,"100035931-ARCADIS U.S. INC"
"5431776","2019","NON_DEPARTMENTAL","SULLY MILLER CONTRACTING CO","2018-11-28T00:00:00.000","86254.48",,"0000940327","GENERAL GOVERNMENT","GOVERNMENTAL","CAPITAL PROJECTS","GOB 2009 CLEAN WATER CLEANUP","16T","ALBION RIVERSIDE PARK IMPROVEMENTS","50KXAD","AD26190000041347","SUPPLIES & OTHER SERVICES",,"5","2019-05 (NOV)","2019-02","11","NOVEMBER,2018","NOVEMBER","FMS",,,"50","GOB 2009 CLEAN WATER CLEANUP","100011337","92821","CHECK","PAID","PRC501916T500076",,,"2018-10-31T00:00:00.000","1","1","SC50MSACO17129088KO","SC-SULLY-MILLER,C#129088

ENC $57,948.25","PR#15 ALBION RIVERSIDE, EMERGENCY CHG ORDER#007=$1,251,539.00EW40060F,BR DTD 5/252018","0",,"0","0","0","0",,"2018-11-27T00:00:00.000","1",,,,,"CITY",,,,"USD",,"100011337-SULLY MILLER CONTRACTING CO"
"5491865","2019","NON_DEPARTMENTAL","SULLY MILLER CONTRACTING CO","2018-11-28T00:00:00.000","86254.48",,"0000940327","GENERAL GOVERNMENT","GOVERNMENTAL","CAPITAL PROJECTS","GOB 2009 CLEAN WATER CLEANUP","16T","ALBION RIVERSIDE PARK IMPROVEMENTS","50KXAD","AD26190000041347","SUPPLIES & OTHER SERVICES",,"5","2019-05 (NOV)","2019-02","11","NOVEMBER,2018","NOVEMBER","FMS",,,"50","GOB 2009 CLEAN WATER CLEANUP","100011337","92821","CHECK","PAID","PRC501916T500076",,,"2018-10-31T00:00:00.000","1","1","SC50MSACO17129088KO","SC-SULLY-MILLER,C#129088

ENC $57,948.25","PR#15 ALBION RIVERSIDE, EMERGENCY CHG ORDER#007=$1,251,539.00EW40060F,BR DTD 5/252018","0",,"0","0","0","0",,"2018-11-27T00:00:00.000","1",,,,,"CITY",,,,"USD",,"100011337-SULLY MILLER CONTRACTING CO"
"5482459","2019","NON_DEPARTMENTAL","ARCADIS U.S. INC","2018-11-06T00:00:00.000","61825.12",,"0000143256","GENERAL GOVERNMENT","GOVERNMENTAL","CAPITAL PROJECTS","GOB 2009 CLEAN WATER CLEANUP","16T","MACHADO LAKE ECOSYSTEM REHAB","50FC19","EFT26190000004003","SUPPLIES & OTHER SERVICES",,"5","2019-05 (NOV)","2019-02","11","NOVEMBER,2018","NOVEMBER","FMS",,,"50","GOB 2009 CLEAN WATER CLEANUP","100035931","60693-0626","EFT","PAID","PRC501916T500066",,,"2018-10-02T00:00:00.000","1","1","SC50CO18129644MO","SC-ARCADIS, C#129644,ALBION, NTP#15,STO#09-15, ENC $498,084","NTP#2, STO#09--02, MACHADO LAKE ECOSYSTEM REHABILITATION,16T/50FC19","0",,"0","0","0","0",,"2018-11-26T00:00:00.000","2",,,,,"CITY",,,,"USD",,"100035931-ARCADIS U.S. INC"
"5422370","2019","NON_DEPARTMENTAL","ARCADIS U.S. INC","2018-11-06T00:00:00.000","61825.12",,"0000143256","GENERAL GOVERNMENT","GOVERNMENTAL","CAPITAL PROJECTS","GOB 2009 CLEAN WATER CLEANUP","16T","MACHADO LAKE ECOSYSTEM REHAB","50FC19","EFT26190000004003","SUPPLIES & OTHER SERVICES",,"5","2019-05 (NOV)","2019-02","11","NOVEMBER,2018","NOVEMBER","FMS",,,"50","GOB 2009 CLEAN WATER CLEANUP","100035931","60693-0626","EFT","PAID","PRC501916T500066",,,"2018-10-02T00:00:00.000","1","1","SC50CO18129644MO","SC-ARCADIS, C#129644,ALBION, NTP#15,STO#09-15, ENC $498,084","NTP#2, STO#09--02, MACHADO LAKE ECOSYSTEM REHABILITATION,16T/50FC19","0",,"0","0","0","0",,"2018-11-26T00:00:00.000","2",,,,,"CITY",,,,"USD",,"100035931-ARCADIS U.S. INC"
"5482600","2019","NON_DEPARTMENTAL","ECOLOGY CONTROL INDUSTRIES INC","2018-11-14T00:00:00.000","48780",,"0000361776","GENERAL GOVERNMENT","GOVERNMENTAL","CAPITAL PROJECTS","GOB 2011A CLEAN WATER CLEANUP","16V","CATCH BASIN INSERTS / OPENINGS PH IV","50KZAA","AD26190000037976","IMPROVEMENTS OTHER THAN BUILDINGS",,"5","2019-05 (NOV)","2019-02","11","NOVEMBER,2018","NOVEMBER","FMS",,,"50","GOB 2011A CLEAN WATER CLEANUP","VC0000029149","90248","CHECK","PAID","PRC501916V500072",,,"2018-10-16T00:00:00.000","1","1","SC50CO18129927MO","SC-ECOLOGY CONTROL INDUSTRIES, CO#129927,CATCH BASIN IV","CATCH BASIN IV INSERTS, C#129927,16V/50KZAA,EW40065F","0",,"0","0","0","0",,"2017-12-11T00:00:00.000","1",,,,,"CITY",,,,"USD",,"VC0000029149-ECOLOGY CONTROL INDUSTRIES INC"
"5422511","2019","NON_DEPARTMENTAL","ECOLOGY CONTROL INDUSTRIES INC","2018-11-14T00:00:00.000","48780",,"0000361776","GENERAL GOVERNMENT","GOVERNMENTAL","CAPITAL PROJECTS","GOB 2011A CLEAN WATER CLEANUP","16V","CATCH BASIN INSERTS / OPENINGS PH IV","50KZAA","AD26190000037976","IMPROVEMENTS OTHER THAN BUILDINGS",,"5","2019-05 (NOV)","2019-02","11","NOVEMBER,2018","NOVEMBER","FMS",,,"50","GOB 2011A CLEAN WATER CLEANUP","VC0000029149","90248","CHECK","PAID","PRC501916V500072",,,"2018-10-16T00:00:00.000","1","1","SC50CO18129927MO","SC-ECOLOGY CONTROL INDUSTRIES, CO#129927,CATCH BASIN IV","CATCH BASIN IV INSERTS, C#129927,16V/50KZAA,EW40065F","0",,"0","0","0","0",,"2017-12-11T00:00:00.000","1",,,,,"CITY",,,,"USD",,"VC0000029149-ECOLOGY CONTROL INDUSTRIES INC"
"5422512","2019","NON_DEPARTMENTAL","ECOLOGY CONTROL INDUSTRIES INC","2018-11-14T00:00:00.000","32520",,"0000361776","GENERAL GOVERNMENT","GOVERNMENTAL","CAPITAL PROJECTS","GOB 2011A CLEAN WATER CLEANUP","16V","CATCH BASIN INSERTS / OPENINGS PH IV","50KZAA","AD26190000037974","IMPROVEMENTS OTHER THAN BUILDINGS",,"5","2019-05 (NOV)","2019-02","11","NOVEMBER,2018","NOVEMBER","FMS",,,"50","GOB 2011A CLEAN WATER CLEANUP","VC0000029149","90248","CHECK","PAID","PRC501916V500070",,,"2018-10-16T00:00:00.000","1","1","SC50CO18129927MO","SC-ECOLOGY CONTROL INDUSTRIES, CO#129927,CATCH BASIN IV","CATCH BASIN IV INSERTS, C#129927,16V/50KZAA,EW40065F","0",,"0","0","0","0",,"2017-12-11T00:00:00.000","1",,,,,"CITY",,,,"USD",,"VC0000029149-ECOLOGY CONTROL INDUSTRIES INC"
"5482601","2019","NON_DEPARTMENTAL","ECOLOGY CONTROL INDUSTRIES INC","2018-11-14T00:00:00.000","32520",,"0000361776","GENERAL GOVERNMENT","GOVERNMENTAL","CAPITAL PROJECTS","GOB 2011A CLEAN WATER CLEANUP","16V","CATCH BASIN INSERTS / OPENINGS PH IV","50KZAA","AD26190000037974","IMPROVEMENTS OTHER THAN BUILDINGS",,"5","2019-05 (NOV)","2019-02","11","NOVEMBER,2018","NOVEMBER","FMS",,,"50","GOB 2011A CLEAN WATER CLEANUP","VC0000029149","90248","CHECK","PAID","PRC501916V500070",,,"2018-10-16T00:00:00.000","1","1","SC50CO18129927MO","SC-ECOLOGY CONTROL INDUSTRIES, CO#129927,CATCH BASIN IV","CATCH BASIN IV INSERTS, C#129927,16V/50KZAA,EW40065F","0",,"0","0","0","0",,"2017-12-11T00:00:00.000","1",,,,,"CITY",,,,"USD",,"VC0000029149-ECOLOGY CONTROL INDUSTRIES INC"
"5431781","2019","NON_DEPARTMENTAL","GEOSYNTEC CONSULTANTS/C","2018-11-13T00:00:00.000","31319.77",,"0000882142","GENERAL GOVERNMENT","GOVERNMENTAL","CAPITAL PROJECTS","GOB 2009 CLEAN WATER CLEANUP","16T","PROP O OPTIMIZATION","50MYAF","AD26190000037754","SUPPLIES & OTHER SERVICES",,"5","2019-05 (NOV)","2019-02","11","NOVEMBER,2018","NOVEMBER","FMS",,,"50","GOB 2009 CLEAN WATER CLEANUP","100001208","33487","CHECK","PAID","PRC501916T500067",,,"2018-09-28T00:00:00.000","1","1","SC50CO18124345MO","SC-GEOSYNTEC CONSULTANTS, INC.

C#124345,TOS SN-73","16T/50MYAF,TOS SN-73,EWOPTCO8,PROP.O OPTIMIZATION,INV#353159","0",,"0","0","0","0",,"2018-05-22T00:00:00.000","1",,,,,"CITY",,,,"USD",,"100001208-GEOSYNTEC CONSULTANTS/C"
"5491870","2019","NON_DEPARTMENTAL","GEOSYNTEC CONSULTANTS/C","2018-11-13T00:00:00.000","31319.77",,"0000882142","GENERAL GOVERNMENT","GOVERNMENTAL","CAPITAL PROJECTS","GOB 2009 CLEAN WATER CLEANUP","16T","PROP O OPTIMIZATION","50MYAF","AD26190000037754","SUPPLIES & OTHER SERVICES",,"5","2019-05 (NOV)","2019-02","11","NOVEMBER,2018","NOVEMBER","FMS",,,"50","GOB 2009 CLEAN WATER CLEANUP","100001208","33487","CHECK","PAID","PRC501916T500067",,,"2018-09-28T00:00:00.000","1","1","SC50CO18124345MO","SC-GEOSYNTEC CONSULTANTS, INC.

C#124345,TOS SN-73","16T/50MYAF,TOS SN-73,EWOPTCO8,PROP.O OPTIMIZATION,INV#353159","0",,"0","0","0","0",,"2018-05-22T00:00:00.000","1",,,,,"CITY",,,,"USD",,"100001208-GEOSYNTEC CONSULTANTS/C"
"5491869","2019","NON_DEPARTMENTAL","GEOSYNTEC CONSULTANTS/C","2018-11-01T00:00:00.000","20671.69",,"0000882142","GENERAL GOVERNMENT","GOVERNMENTAL","CAPITAL PROJECTS","GOB 2009 CLEAN WATER CLEANUP","16T","PROP O OPTIMIZATION","50MYAF","AD26190000034812","SUPPLIES & OTHER SERVICES",,"5","2019-05 (NOV)","2019-02","11","NOVEMBER,2018","NOVEMBER","FMS",,,"50","GOB 2009 CLEAN WATER CLEANUP","100001208","33487","CHECK","PAID","PRC501916T500065",,,"2018-09-27T00:00:00.000","1","1","SC50CO18124345MO","SC-GEOSYNTEC CONSULTANTS, INC.

C#124345,TOS SN-73","16T/50MYAF,TOS SN-73,EWOPTCO8,PROP.O OPTIMIZATION","0",,"0","0","0","0",,"2018-05-22T00:00:00.000","1",,,,,"CITY",,,,"USD",,"100001208-GEOSYNTEC CONSULTANTS/C"
"5431780","2019","NON_DEPARTMENTAL","GEOSYNTEC CONSULTANTS/C","2018-11-01T00:00:00.000","20671.69",,"0000882142","GENERAL GOVERNMENT","GOVERNMENTAL","CAPITAL PROJECTS","GOB 2009 CLEAN WATER CLEANUP","16T","PROP O OPTIMIZATION","50MYAF","AD26190000034812","SUPPLIES & OTHER SERVICES",,"5","2019-05 (NOV)","2019-02","11","NOVEMBER,2018","NOVEMBER","FMS",,,"50","GOB 2009 CLEAN WATER CLEANUP","100001208","33487","CHECK","PAID","PRC501916T500065",,,"2018-09-27T00:00:00.000","1","1","SC50CO18124345MO","SC-GEOSYNTEC CONSULTANTS, INC.

C#124345,TOS SN-73","16T/50MYAF,TOS SN-73,EWOPTCO8,PROP.O OPTIMIZATION","0",,"0","0","0","0",,"2018-05-22T00:00:00.000","1",,,,,"CITY",,,,"USD",,"100001208-GEOSYNTEC CONSULTANTS/C"
"5482599","2019","NON_DEPARTMENTAL","ECOLOGY CONTROL INDUSTRIES INC","2018-11-13T00:00:00.000","15424",,"0000361776","GENERAL GOVERNMENT","GOVERNMENTAL","CAPITAL PROJECTS","GOB 2011A CLEAN WATER CLEANUP","16V","CATCH BASIN INSERTS / OPENINGS PH IV","50KZAA","AD26190000037621","IMPROVEMENTS OTHER THAN BUILDINGS",,"5","2019-05 (NOV)","2019-02","11","NOVEMBER,2018","NOVEMBER","FMS",,,"50","GOB 2011A CLEAN WATER CLEANUP","VC0000029149","90248","CHECK","PAID","PRC501916V500068",,,"2018-10-16T00:00:00.000","1","1","SC50CO18129927MO","SC-ECOLOGY CONTROL INDUSTRIES, CO#129927,CATCH BASIN IV","CATCH BASIN IV INSERTS,C#129927,16V/50KZAA,EW40065F","0",,"0","0","0","0",,"2017-12-11T00:00:00.000","1",,,,,"CITY",,,,"USD",,"VC0000029149-ECOLOGY CONTROL INDUSTRIES INC"
"5422510","2019","NON_DEPARTMENTAL","ECOLOGY CONTROL INDUSTRIES INC","2018-11-13T00:00:00.000","15424",,"0000361776","GENERAL GOVERNMENT","GOVERNMENTAL","CAPITAL PROJECTS","GOB 2011A CLEAN WATER CLEANUP","16V","CATCH BASIN INSERTS / OPENINGS PH IV","50KZAA","AD26190000037621","IMPROVEMENTS OTHER THAN BUILDINGS",,"5","2019-05 (NOV)","2019-02","11","NOVEMBER,2018","NOVEMBER","FMS",,,"50","GOB 2011A CLEAN WATER CLEANUP","VC0000029149","90248","CHECK","PAID","PRC501916V500068",,,"2018-10-16T00:00:00.000","1","1","SC50CO18129927MO","SC-ECOLOGY CONTROL INDUSTRIES, CO#129927,CATCH BASIN IV","CATCH BASIN IV INSERTS,C#129927,16V/50KZAA,EW40065F","0",,"0","0","0","0",,"2017-12-11T00:00:00.000","1",,,,,"CITY",,,,"USD",,"VC0000029149-ECOLOGY CONTROL INDUSTRIES INC"
"5434587","2019","NON_DEPARTMENTAL","TETRA TECH INC","2018-11-28T00:00:00.000","5007.18",,"0000697684","GENERAL GOVERNMENT","GOVERNMENTAL","CAPITAL PROJECTS","GOB 2009 CLEAN WATER CLEANUP","16T","ALBION RIVERSIDE PARK IMPROVEMENTS","50KXAD","EFT26190000004637","SUPPLIES & OTHER SERVICES",,"5","2019-05 (NOV)","2019-02","11","NOVEMBER,2018","NOVEMBER","FMS",,,"50","GOB 2009 CLEAN WATER CLEANUP","100001158","80291-1967","EFT","PAID","PRC501916T500075",,,"2018-11-07T00:00:00.000","1","1","SC50CO18129660M","SC-TETRA TECH, CO#129660

TOS#8,NTP#5,ALBION","INV#51369737,ALBION RIVERSIDE, C#129660, TOS#8, NTP#5, EW40060F, $5,007.18 PROP O PORTION","0",,"0","0","0","0",,"2018-05-14T00:00:00.000","4",,,,,"CITY",,,,"USD",,"100001158-TETRA TECH INC"
"5494676","2019","NON_DEPARTMENTAL","TETRA TECH INC","2018-11-28T00:00:00.000","5007.18",,"0000697684","GENERAL GOVERNMENT","GOVERNMENTAL","CAPITAL PROJECTS","GOB 2009 CLEAN WATER CLEANUP","16T","ALBION RIVERSIDE PARK IMPROVEMENTS","50KXAD","EFT26190000004637","SUPPLIES & OTHER SERVICES",,"5","2019-05 (NOV)","2019-02","11","NOVEMBER,2018","NOVEMBER","FMS",,,"50","GOB 2009 CLEAN WATER CLEANUP","100001158","80291-1967","EFT","PAID","PRC501916T500075",,,"2018-11-07T00:00:00.000","1","1","SC50CO18129660M","SC-TETRA TECH, CO#129660

TOS#8,NTP#5,ALBION","INV#51369737,ALBION RIVERSIDE, C#129660, TOS#8, NTP#5, EW40060F, $5,007.18 PROP O PORTION","0",,"0","0","0","0",,"2018-05-14T00:00:00.000","4",,,,,"CITY",,,,"USD",,"100001158-TETRA TECH INC"
"5422508","2019","NON_DEPARTMENTAL","ECOLOGY CONTROL INDUSTRIES INC","2018-11-14T00:00:00.000","5000",,"0000361776","GENERAL GOVERNMENT","GOVERNMENTAL","CAPITAL PROJECTS","GOB 2011A CLEAN WATER CLEANUP","16V","CATCH BASIN INSERTS / OPENINGS PH IV","50KZAA","AD26190000037977","IMPROVEMENTS OTHER THAN BUILDINGS",,"5","2019-05 (NOV)","2019-02","11","NOVEMBER,2018","NOVEMBER","FMS",,,"50","GOB 2011A CLEAN WATER CLEANUP","VC0000029149","90248","CHECK","PAID","PRC501916V500073",,,"2018-10-16T00:00:00.000","1","1","SC50CO18129927MO","SC-ECOLOGY CONTROL INDUSTRIES, CO#129927,CATCH BASIN IV","CATCH BASIN IV INSERTS, C#129927,16V/50KZAA,EW40065F","0",,"0","0","0","0",,"2017-12-11T00:00:00.000","1",,,,,"CITY",,,,"USD",,"VC0000029149-ECOLOGY CONTROL INDUSTRIES INC"
"5482597","2019","NON_DEPARTMENTAL","ECOLOGY CONTROL INDUSTRIES INC","2018-11-14T00:00:00.000","5000",,"0000361776","GENERAL GOVERNMENT","GOVERNMENTAL","CAPITAL PROJECTS","GOB 2011A CLEAN WATER CLEANUP","16V","CATCH BASIN INSERTS / OPENINGS PH IV","50KZAA","AD26190000037977","IMPROVEMENTS OTHER THAN BUILDINGS",,"5","2019-05 (NOV)","2019-02","11","NOVEMBER,2018","NOVEMBER","FMS",,,"50","GOB 2011A CLEAN WATER CLEANUP","VC0000029149","90248","CHECK","PAID","PRC501916V500073",,,"2018-10-16T00:00:00.000","1","1","SC50CO18129927MO","SC-ECOLOGY CONTROL INDUSTRIES, CO#129927,CATCH BASIN IV","CATCH BASIN IV INSERTS, C#129927,16V/50KZAA,EW40065F","0",,"0","0","0","0",,"2017-12-11T00:00:00.000","1",,,,,"CITY",,,,"USD",,"VC0000029149-ECOLOGY CONTROL INDUSTRIES INC"
"5490221","2019","NON_DEPARTMENTAL","ARCADIS U.S. INC","2018-11-20T00:00:00.000","3719.21",,"0000143256","GENERAL GOVERNMENT","GOVERNMENTAL","CAPITAL PROJECTS","GOB 2009 CLEAN WATER CLEANUP","16T","MACHADO LAKE-PHASE I","50FC18","EFT26190000004530","SUPPLIES & OTHER SERVICES",,"5","2019-05 (NOV)","2019-02","11","NOVEMBER,2018","NOVEMBER","FMS",,,"50","GOB 2009 CLEAN WATER CLEANUP","100035931","60693-0626","EFT","PAID","PRC501916T500074",,,"2018-10-11T00:00:00.000","1","1","SC50CO18129644MO","SC-ARCADIS, C#129644,ALBION, NTP#15,STO#09-15, ENC $498,084","NTP#5,STO#09-5,MACHADO(WILMINGTON)","0",,"0","0","0","0",,"2018-11-26T00:00:00.000","7",,,,,"CITY",,,,"USD",,"100035931-ARCADIS U.S. INC"
"5430132","2019","NON_DEPARTMENTAL","ARCADIS U.S. INC","2018-11-20T00:00:00.000","3719.21",,"0000143256","GENERAL GOVERNMENT","GOVERNMENTAL","CAPITAL PROJECTS","GOB 2009 CLEAN WATER CLEANUP","16T","MACHADO LAKE-PHASE I","50FC18","EFT26190000004530","SUPPLIES & OTHER SERVICES",,"5","2019-05 (NOV)","2019-02","11","NOVEMBER,2018","NOVEMBER","FMS",,,"50","GOB 2009 CLEAN WATER CLEANUP","100035931","60693-0626","EFT","PAID","PRC501916T500074",,,"2018-10-11T00:00:00.000","1","1","SC50CO18129644MO","SC-ARCADIS, C#129644,ALBION, NTP#15,STO#09-15, ENC $498,084","NTP#5,STO#09-5,MACHADO(WILMINGTON)","0",,"0","0","0","0",,"2018-11-26T00:00:00.000","7",,,,,"CITY",,,,"USD",,"100035931-ARCADIS U.S. INC"
"5482598","2019","NON_DEPARTMENTAL","ECOLOGY CONTROL INDUSTRIES INC","2018-11-13T00:00:00.000","2970",,"0000361776","GENERAL GOVERNMENT","GOVERNMENTAL","CAPITAL PROJECTS","GOB 2011A CLEAN WATER CLEANUP","16V","CATCH BASIN INSERTS / OPENINGS PH IV","50KZAA","AD26190000037622","IMPROVEMENTS OTHER THAN BUILDINGS",,"5","2019-05 (NOV)","2019-02","11","NOVEMBER,2018","NOVEMBER","FMS",,,"50","GOB 2011A CLEAN WATER CLEANUP","VC0000029149","90248","CHECK","PAID","PRC501916V500069",,,"2018-10-16T00:00:00.000","1","1","SC50CO18129927MO","SC-ECOLOGY CONTROL INDUSTRIES, CO#129927,CATCH BASIN IV","CATCH BASIN IV INSERTS, C#129927,16V/50KZAA,EW40065F","0",,"0","0","0","0",,"2017-12-11T00:00:00.000","1",,,,,"CITY",,,,"USD",,"VC0000029149-ECOLOGY CONTROL INDUSTRIES INC"
"5422509","2019","NON_DEPARTMENTAL","ECOLOGY CONTROL INDUSTRIES INC","2018-11-13T00:00:00.000","2970",,"0000361776","GENERAL GOVERNMENT","GOVERNMENTAL","CAPITAL PROJECTS","GOB 2011A CLEAN WATER CLEANUP","16V","CATCH BASIN INSERTS / OPENINGS PH IV","50KZAA","AD26190000037622","IMPROVEMENTS OTHER THAN BUILDINGS",,"5","2019-05 (NOV)","2019-02","11","NOVEMBER,2018","NOVEMBER","FMS",,,"50","GOB 2011A CLEAN WATER CLEANUP","VC0000029149","90248","CHECK","PAID","PRC501916V500069",,,"2018-10-16T00:00:00.000","1","1","SC50CO18129927MO","SC-ECOLOGY CONTROL INDUSTRIES, CO#129927,CATCH BASIN IV","CATCH BASIN IV INSERTS, C#129927,16V/50KZAA,EW40065F","0",,"0","0","0","0",,"2017-12-11T00:00:00.000","1",,,,,"CITY",,,,"USD",,"VC0000029149-ECOLOGY CONTROL INDUSTRIES INC"
"5432669","2019","NON_DEPARTMENTAL","GREEN BUILDING CORPORATION","2018-11-29T00:00:00.000","2592.66",,"0002605248","GENERAL GOVERNMENT","GOVERNMENTAL","CAPITAL PROJECTS","GOB 2009 CLEAN WATER CLEANUP","16T","TEMESCAL CANYON PRK PHASE II","50FD17","AD26190000041868","SUPPLIES & OTHER SERVICES",,"5","2019-05 (NOV)","2019-02","11","NOVEMBER,2018","NOVEMBER","FMS",,,"50","GOB 2009 CLEAN WATER CLEANUP","VC0000014690","91406","CHECK","PAID","PRC501916T500077",,,"2018-10-17T00:00:00.000","1","1","SC50MSACO17127470KO","SC-GREEN BLDG CORP.

CO127470,CO#27=DISENCUMBER $50,231.84","PP#25 FINAL, TEMESCAL CANYON PARK, CH ORDER#24,25,26=$16,107.0016T/50FD17  WO#EW400029F","0",,"0","0","0","0",,"2018-11-29T00:00:00.000","1",,,,,"CITY",,,,"USD",,"VC0000014690-GREEN BUILDING CORPORATION"
"5492758","2019","NON_DEPARTMENTAL","GREEN BUILDING CORPORATION","2018-11-29T00:00:00.000","2592.66",,"0002605248","GENERAL GOVERNMENT","GOVERNMENTAL","CAPITAL PROJECTS","GOB 2009 CLEAN WATER CLEANUP","16T","TEMESCAL CANYON PRK PHASE II","50FD17","AD26190000041868","SUPPLIES & OTHER SERVICES",,"5","2019-05 (NOV)","2019-02","11","NOVEMBER,2018","NOVEMBER","FMS",,,"50","GOB 2009 CLEAN WATER CLEANUP","VC0000014690","91406","CHECK","PAID","PRC501916T500077",,,"2018-10-17T00:00:00.000","1","1","SC50MSACO17127470KO","SC-GREEN BLDG CORP.

CO127470,CO#27=DISENCUMBER $50,231.84","PP#25 FINAL, TEMESCAL CANYON PARK, CH ORDER#24,25,26=$16,107.0016T/50FD17  WO#EW400029F","0",,"0","0","0","0",,"2018-11-29T00:00:00.000","1",,,,,"CITY",,,,"USD",,"VC0000014690-GREEN BUILDING CORPORATION"
"5482602","2019","NON_DEPARTMENTAL","ECOLOGY CONTROL INDUSTRIES INC","2018-11-14T00:00:00.000","1500",,"0000361776","GENERAL GOVERNMENT","GOVERNMENTAL","CAPITAL PROJECTS","GOB 2011A CLEAN WATER CLEANUP","16V","CATCH BASIN INSERTS / OPENINGS PH IV","50KZAA","AD26190000037975","IMPROVEMENTS OTHER THAN BUILDINGS",,"5","2019-05 (NOV)","2019-02","11","NOVEMBER,2018","NOVEMBER","FMS",,,"50","GOB 2011A CLEAN WATER CLEANUP","VC0000029149","90248","CHECK","PAID","PRC501916V500071",,,"2018-10-16T00:00:00.000","1","1","SC50CO18129927MO","SC-ECOLOGY CONTROL INDUSTRIES, CO#129927,CATCH BASIN IV","CATCH BASIN IV INSERTS, C#129927,16V/50KZAA,EW40065F","0",,"0","0","0","0",,"2017-12-11T00:00:00.000","1",,,,,"CITY",,,,"USD",,"VC0000029149-ECOLOGY CONTROL INDUSTRIES INC"
"5422513","2019","NON_DEPARTMENTAL","ECOLOGY CONTROL INDUSTRIES INC","2018-11-14T00:00:00.000","1500",,"0000361776","GENERAL GOVERNMENT","GOVERNMENTAL","CAPITAL PROJECTS","GOB 2011A CLEAN WATER CLEANUP","16V","CATCH BASIN INSERTS / OPENINGS PH IV","50KZAA","AD26190000037975","IMPROVEMENTS OTHER THAN BUILDINGS",,"5","2019-05 (NOV)","2019-02","11","NOVEMBER,2018","NOVEMBER","FMS",,,"50","GOB 2011A CLEAN WATER CLEANUP","VC0000029149","90248","CHECK","PAID","PRC501916V500071",,,"2018-10-16T00:00:00.000","1","1","SC50CO18129927MO","SC-ECOLOGY CONTROL INDUSTRIES, CO#129927,CATCH BASIN IV","CATCH BASIN IV INSERTS, C#129927,16V/50KZAA,EW40065F","0",,"0","0","0","0",,"2017-12-11T00:00:00.000","1",,,,,"CITY",,,,"USD",,"VC0000029149-ECOLOGY CONTROL INDUSTRIES INC"
"5359754","2019","NON_DEPARTMENTAL","SULLY MILLER CONTRACTING CO","2018-10-04T00:00:00.000","376484.01",,"0000940327","GENERAL GOVERNMENT","GOVERNMENTAL","CAPITAL PROJECTS","GOB 2009 CLEAN WATER CLEANUP","16T","ALBION RIVERSIDE PARK IMPROVEMENTS","50KXAD","AD26190000027389","SUPPLIES & OTHER SERVICES",,"4","2019-04 (OCT)","2019-02","10","OCTOBER,2018","OCTOBER","FMS",,,"50","GOB 2009 CLEAN WATER CLEANUP","100011337","92821","CHECK","PAID","PRC501916T500049",,,"2018-09-28T00:00:00.000","1","1","SC50MSACO17129088KO","SC-SULLY-MILLER,C#129088

ENC $1,251,539.00","PP#14 ALBION RIVERSIDE, EMERGENCY CHG ORDER#007=$1,251,539.00EW40060F,BR DTD 5/252018","0",,"0","0","0","0",,"2018-06-06T00:00:00.000","1",,,,,"CITY",,,,"USD",,"100011337-SULLY MILLER CONTRACTING CO"
"5363427","2019","NON_DEPARTMENTAL","ARCADIS U.S. INC","2018-10-25T00:00:00.000","158199.01",,"0000143256","GENERAL GOVERNMENT","GOVERNMENTAL","CAPITAL PROJECTS","GOB 2011A CLEAN WATER CLEANUP","16V","WESTWOOD NEIGHBORHOOD GREENWAY PROJECT","50PZAB","AD26190000032760","SUPPLIES & OTHER SERVICES",,"4","2019-04 (OCT)","2019-02","10","OCTOBER,2018","OCTOBER","FMS",,,"50","GOB 2011A CLEAN WATER CLEANUP","100035931","60693-0626","CHECK","PAID","PRC501916V500063",,,"2018-10-02T00:00:00.000","1","1","SC50CO18129644MO","SC-ARCADIS, C#129644,ALBION, NTP#4,ENC $159,682.19","16T/50PZAB/EW40071A,NTP#09,STO#09-10- WESTWOOD NEIGHBOR ENC=$166,372.50","0",,"0","0","0","0",,"2018-08-06T00:00:00.000","12",,,,,"CITY",,,,"USD",,"100035931-ARCADIS U.S. INC"
"5363428","2019","NON_DEPARTMENTAL","ARCADIS U.S. INC","2018-10-17T00:00:00.000","63657.97",,"0000143256","GENERAL GOVERNMENT","GOVERNMENTAL","CAPITAL PROJECTS","GOB 2009 CLEAN WATER CLEANUP","16T","VERMONT AVENUE STORMWATER CAPTURE AND GREEN STREET PROJECT","50PZAC","AD26190000030315","SUPPLIES & OTHER SERVICES",,"4","2019-04 (OCT)","2019-02","10","OCTOBER,2018","OCTOBER","FMS",,,"50","GOB 2009 CLEAN WATER CLEANUP","100035931","60693-0626","CHECK","PAID","PRC501916T500062",,,"2018-10-02T00:00:00.000","1","4","SC50CO18129644MO","SC-ARCADIS, C#129644,ALBION, NTP#4,ENC $159,682.19","16T/50PZAC/EW40075A,NTP#11,STO#09-09- VERMONT STORMWATER ENC=$249,381.30","0",,"0","0","0","0",,"2018-08-06T00:00:00.000","11",,,,,"CITY",,,,"USD",,"100035931-ARCADIS U.S. INC"
"5359756","2019","NON_DEPARTMENTAL","ECOLOGY CONTROL INDUSTRIES INC","2018-10-11T00:00:00.000","49785.4",,"0000361776","GENERAL GOVERNMENT","GOVERNMENTAL","CAPITAL PROJECTS","GOB 2011A CLEAN WATER CLEANUP","16V","CATCH BASIN INSERTS / OPENINGS PH IV","50KZAA","AD26190000028996","IMPROVEMENTS OTHER THAN BUILDINGS",,"4","2019-04 (OCT)","2019-02","10","OCTOBER,2018","OCTOBER","FMS",,,"50","GOB 2011A CLEAN WATER CLEANUP","VC0000029149","90248","CHECK","PAID","PRC501916V500052",,,"2018-09-20T00:00:00.000","1","1","SC50CO18129927MO","SC-ECOLOGY CONTROL INDUSTRIES, CO#129927,CATCH BASIN IV","CATCH BASIN IV INSERTS, C#129927,16V/50KZAA,EW40065F","0",,"0","0","0","0",,"2017-12-11T00:00:00.000","1",,,,,"CITY",,,,"USD",,"VC0000029149-ECOLOGY CONTROL INDUSTRIES INC"
"5360145","2019","NON_DEPARTMENTAL","GEOSYNTEC CONSULTANTS/C","2018-10-05T00:00:00.000","34910.07",,"0000882142","GENERAL GOVERNMENT","GOVERNMENTAL","CAPITAL PROJECTS","GOB 2009 CLEAN WATER CLEANUP","16T","PROP O OPTIMIZATION","50MYAF","AD26190000027715","SUPPLIES & OTHER SERVICES",,"4","2019-04 (OCT)","2019-02","10","OCTOBER,2018","OCTOBER","FMS",,,"50","GOB 2009 CLEAN WATER CLEANUP","100001208","33487","CHECK","PAID","PRC501916T500051",,,"2018-10-02T00:00:00.000","1","1","SC50CO18124345MO","SC-GEOSYNTEC CONSULTANTS, INC.

C#124345,TOS SN-73","16T/50MYAF,TOS SN-73,EWOPTCO8,PROP.O OPTIMIZATION","0",,"0","0","0","0",,"2018-05-22T00:00:00.000","1",,,,,"CITY",,,,"USD",,"100001208-GEOSYNTEC CONSULTANTS/C"
"5359652","2019","NON_DEPARTMENTAL","ARCADIS U.S. INC","2018-10-17T00:00:00.000","29015.73",,"0000143256","GENERAL GOVERNMENT","GOVERNMENTAL","CAPITAL PROJECTS","GOB 2009 CLEAN WATER CLEANUP","16T","MACHADO LAKE-PHASE I","50FC18","AD26190000030315","SUPPLIES & OTHER SERVICES",,"4","2019-04 (OCT)","2019-02","10","OCTOBER,2018","OCTOBER","FMS",,,"50","GOB 2009 CLEAN WATER CLEANUP","100035931","60693-0626","CHECK","PAID","PRC501916T500060",,,"2018-10-02T00:00:00.000","1","2","SC50CO18129644MO","SC-ARCADIS, C#129644,ALBION, NTP#4,ENC $159,682.19","NTP#5,STO#09-5,MACHADO(WILMINGTON)","0",,"0","0","0","0",,"2018-08-06T00:00:00.000","9",,,,,"CITY",,,,"USD",,"100035931-ARCADIS U.S. INC"
"5359760","2019","NON_DEPARTMENTAL","ECOLOGY CONTROL INDUSTRIES INC","2018-10-11T00:00:00.000","15062.5",,"0000361776","GENERAL GOVERNMENT","GOVERNMENTAL","CAPITAL PROJECTS","GOB 2011A CLEAN WATER CLEANUP","16V","CATCH BASIN INSERTS / OPENINGS PH IV","50KZAA","AD26190000028997","IMPROVEMENTS OTHER THAN BUILDINGS",,"4","2019-04 (OCT)","2019-02","10","OCTOBER,2018","OCTOBER","FMS",,,"50","GOB 2011A CLEAN WATER CLEANUP","VC0000029149","90248","CHECK","PAID","PRC501916V500053",,,"2018-09-11T00:00:00.000","1","1","SC50CO18129927MO","SC-ECOLOGY CONTROL INDUSTRIES, CO#129927,CATCH BASIN IV","CATCH BASIN IV INSERTS, C#129927,16V/50KZAA,EW40065F","0",,"0","0","0","0",,"2017-12-11T00:00:00.000","1",,,,,"CITY",,,,"USD",,"VC0000029149-ECOLOGY CONTROL INDUSTRIES INC"
"5359654","2019","NON_DEPARTMENTAL","ARCADIS U.S. INC","2018-10-01T00:00:00.000","13819.15",,"0000143256","GENERAL GOVERNMENT","GOVERNMENTAL","CAPITAL PROJECTS","GOB 2009 CLEAN WATER CLEANUP","16T","MACHADO LAKE-PHASE I","50FC18","AD26190000026216","SUPPLIES & OTHER SERVICES",,"4","2019-04 (OCT)","2019-02","10","OCTOBER,2018","OCTOBER","FMS",,,"50","GOB 2009 CLEAN WATER CLEANUP","100035931","60693-0626","CHECK","PAID","PRC501916T500047",,,"2018-07-26T00:00:00.000","1","1","SC50CO18129644MO","SC-ARCADIS, C#129644,ALBION, NTP#4,ENC $159,682.19","NTP#5,STO#09-5,MACHADO(WILMINGTON),INV#0919990","0",,"0","0","0","0",,"2018-08-06T00:00:00.000","9",,,,,"CITY",,,,"USD",,"100035931-ARCADIS U.S. INC"
"5359759","2019","NON_DEPARTMENTAL","ECOLOGY CONTROL INDUSTRIES INC","2018-10-11T00:00:00.000","12055.84",,"0000361776","GENERAL GOVERNMENT","GOVERNMENTAL","CAPITAL PROJECTS","GOB 2011A CLEAN WATER CLEANUP","16V","CATCH BASIN INSERTS / OPENINGS PH IV","50KZAA","AD26190000028996","IMPROVEMENTS OTHER THAN BUILDINGS",,"4","2019-04 (OCT)","2019-02","10","OCTOBER,2018","OCTOBER","FMS",,,"50","GOB 2011A CLEAN WATER CLEANUP","VC0000029149","90248","CHECK","PAID","PRC501916V500055",,,"2018-09-20T00:00:00.000","1","3","SC50CO18129927MO","SC-ECOLOGY CONTROL INDUSTRIES, CO#129927,CATCH BASIN IV","CATCH BASIN IV INSERTS, C#129927,16V/50KZAA,EW40065F","0",,"0","0","0","0",,"2017-12-11T00:00:00.000","1",,,,,"CITY",,,,"USD",,"VC0000029149-ECOLOGY CONTROL INDUSTRIES INC"
"5359655","2019","NON_DEPARTMENTAL","ARCADIS U.S. INC","2018-10-17T00:00:00.000","11537.21",,"0000143256","GENERAL GOVERNMENT","GOVERNMENTAL","CAPITAL PROJECTS","GOB 2009 CLEAN WATER CLEANUP","16T","MACHADO LAKE ECOSYSTEM REHAB","50FC19","AD26190000030315","SUPPLIES & OTHER SERVICES",,"4","2019-04 (OCT)","2019-02","10","OCTOBER,2018","OCTOBER","FMS",,,"50","GOB 2009 CLEAN WATER CLEANUP","100035931","60693-0626","CHECK","PAID","PRC501916T500059",,,"2018-07-26T00:00:00.000","1","1","SC50CO18129644MO","SC-ARCADIS, C#129644,ALBION, NTP#4,ENC $159,682.19","NTP#2, STO#09--02, MACHADO LAKE ECOSYSTEM REHABILITATION,16T/50FC19","0",,"0","0","0","0",,"2018-08-06T00:00:00.000","2",,,,,"CITY",,,,"USD",,"100035931-ARCADIS U.S. INC"
"5359651","2019","NON_DEPARTMENTAL","CAROLLO ENGINEERS APC","2018-10-16T00:00:00.000","10892.91",,"0003012385","GENERAL GOVERNMENT","GOVERNMENTAL","CAPITAL PROJECTS","GOB 2009 CLEAN WATER CLEANUP","16T","PENMAR WATER QLTY PHASE II","50FZAA","AD26190000029902","SUPPLIES & OTHER SERVICES",,"4","2019-04 (OCT)","2019-02","10","OCTOBER,2018","OCTOBER","FMS",,,"50","GOB 2009 CLEAN WATER CLEANUP","100024382","84130-0835","CHECK","PAID","PRC501916T500058",,,"2018-09-25T00:00:00.000","1","1","SC50CO18129648M","NTP#3,TOS#12,PENMAR/TEMESCAL","INV#0170284,PENMAR,NTP#3, TOS#12, 16T/50FZAA,EW40028D,ENC $23,318.00","0",,"0","0","0","0",,"2018-05-22T00:00:00.000","1",,,,,"CITY",,,,"USD",,"100024382-CAROLLO ENGINEERS APC"
"5359677","2019","NON_DEPARTMENTAL","ARCADIS U.S. INC","2018-10-17T00:00:00.000","10636.29",,"0000143256","GENERAL GOVERNMENT","GOVERNMENTAL","CAPITAL PROJECTS","GOB 2009 CLEAN WATER CLEANUP","16T","ARGO DRAIN SUB BASIN FACILITY.1","50LWAF","AD26190000030315","SUPPLIES & OTHER SERVICES",,"4","2019-04 (OCT)","2019-02","10","OCTOBER,2018","OCTOBER","FMS",,,"50","GOB 2009 CLEAN WATER CLEANUP","100035931","60693-0626","CHECK","PAID","PRC501916T500061",,,"2018-10-02T00:00:00.000","1","3","SC50CO18129644MO","SC-ARCADIS, C#129644,ALBION, NTP#4,ENC $159,682.19","16T/50LWAF/EW40067F,NTP#7STO#09-07- ARGO DRAIN SUB-BASINENC=$1,266,328.00","0",,"0","0","0","0",,"2018-08-06T00:00:00.000","15",,,,,"CITY",,,,"USD",,"100035931-ARCADIS U.S. INC"
"5359656","2019","NON_DEPARTMENTAL","ARCADIS U.S. INC","2018-10-17T00:00:00.000","7970.26",,"0000143256","GENERAL GOVERNMENT","GOVERNMENTAL","CAPITAL PROJECTS","GOB 2009 CLEAN WATER CLEANUP","16T","MACHADO LAKE ECOSYSTEM REHAB","50FC19","AD26190000030315","SUPPLIES & OTHER SERVICES",,"4","2019-04 (OCT)","2019-02","10","OCTOBER,2018","OCTOBER","FMS",,,"50","GOB 2009 CLEAN WATER CLEANUP","100035931","60693-0626","CHECK","PAID","PRC501916T500064",,,"2018-09-10T00:00:00.000","1","5","SC50CO18129644MO","SC-ARCADIS, C#129644,ALBION, NTP#4,ENC $159,682.19","NTP#2, STO#09--02, MACHADO LAKE ECOSYSTEM REHABILITATION,16T/50FC19","0",,"0","0","0","0",,"2018-08-06T00:00:00.000","2",,,,,"CITY",,,,"USD",,"100035931-ARCADIS U.S. INC"
"5359755","2019","NON_DEPARTMENTAL","ECOLOGY CONTROL INDUSTRIES INC","2018-10-11T00:00:00.000","6632.11",,"0000361776","GENERAL GOVERNMENT","GOVERNMENTAL","CAPITAL PROJECTS","GOB 2011A CLEAN WATER CLEANUP","16V","CATCH BASIN INSERTS / OPENINGS PH IV","50KZAA","AD26190000028996","IMPROVEMENTS OTHER THAN BUILDINGS",,"4","2019-04 (OCT)","2019-02","10","OCTOBER,2018","OCTOBER","FMS",,,"50","GOB 2011A CLEAN WATER CLEANUP","VC0000029149","90248","CHECK","PAID","PRC501916V500054",,,"2018-09-11T00:00:00.000","1","2","SC50CO18129927MO","SC-ECOLOGY CONTROL INDUSTRIES, CO#129927,CATCH BASIN IV","CATCH BASIN IV INSERTS, C#129927,16V/50KZAA,EW40065F","0",,"0","0","0","0",,"2017-12-11T00:00:00.000","1",,,,,"CITY",,,,"USD",,"VC0000029149-ECOLOGY CONTROL INDUSTRIES INC"
"5359758","2019","NON_DEPARTMENTAL","ECOLOGY CONTROL INDUSTRIES INC","2018-10-11T00:00:00.000","6608.06",,"0000361776","GENERAL GOVERNMENT","GOVERNMENTAL","CAPITAL PROJECTS","GOB 2011A CLEAN WATER CLEANUP","16V","CATCH BASIN INSERTS / OPENINGS PH IV","50KZAA","AD26190000028996","IMPROVEMENTS OTHER THAN BUILDINGS",,"4","2019-04 (OCT)","2019-02","10","OCTOBER,2018","OCTOBER","FMS",,,"50","GOB 2011A CLEAN WATER CLEANUP","VC0000029149","90248","CHECK","PAID","PRC501916V500057",,,"2018-09-20T00:00:00.000","1","4","SC50CO18129927MO","SC-ECOLOGY CONTROL INDUSTRIES, CO#129927,CATCH BASIN IV","CATCH BASIN IV INSERTS, C#129927,16V/50KZAA,EW40065F","0",,"0","0","0","0",,"2017-12-11T00:00:00.000","1",,,,,"CITY",,,,"USD",,"VC0000029149-ECOLOGY CONTROL INDUSTRIES INC"
"5359653","2019","NON_DEPARTMENTAL","ARCADIS U.S. INC","2018-10-01T00:00:00.000","2785.87",,"0000143256","GENERAL GOVERNMENT","GOVERNMENTAL","CAPITAL PROJECTS","GOB 2009 CLEAN WATER CLEANUP","16T","MACHADO LAKE-PHASE I","50FC18","AD26190000026216","SUPPLIES & OTHER SERVICES",,"4","2019-04 (OCT)","2019-02","10","OCTOBER,2018","OCTOBER","FMS",,,"50","GOB 2009 CLEAN WATER CLEANUP","100035931","60693-0626","CHECK","PAID","PRC501916T500048",,,"2018-09-10T00:00:00.000","1","2","SC50CO18129644MO","SC-ARCADIS, C#129644,ALBION, NTP#4,ENC $159,682.19","INV#0927367,STO#09-5,MACHADO(WILMINGTON)","0",,"0","0","0","0",,"2018-08-06T00:00:00.000","9",,,,,"CITY",,,,"USD",,"100035931-ARCADIS U.S. INC"
"5359647","2019","NON_DEPARTMENTAL","GREEN BUILDING CORPORATION","2018-10-04T00:00:00.000","2241",,"0002605248","GENERAL GOVERNMENT","GOVERNMENTAL","CAPITAL PROJECTS","GOB 2009 CLEAN WATER CLEANUP","16T","TEMESCAL CANYON PRK PHASE II","50FD17","AD26190000027415","SUPPLIES & OTHER SERVICES",,"4","2019-04 (OCT)","2019-02","10","OCTOBER,2018","OCTOBER","FMS",,,"50","GOB 2009 CLEAN WATER CLEANUP","VC0000014690","91406","CHECK","PAID","PRC501916T500050",,,"2018-09-26T00:00:00.000","1","1","SC50MSACO17127470KO","SC-GREEN BUILDING CORPORATION, CO#127470,TEMESCAL","PP#24,TEMESCAL CANYON PARK, CH ORDER#24,25,26=$16,107.0016T/50FD17  WO#EW400029F","0",,"0","0","0","0",,"2018-08-30T00:00:00.000","1",,,,,"CITY",,,,"USD",,"VC0000014690-GREEN BUILDING CORPORATION"
"5359757","2019","NON_DEPARTMENTAL","ECOLOGY CONTROL INDUSTRIES INC","2018-10-10T00:00:00.000","1687",,"0000361776","GENERAL GOVERNMENT","GOVERNMENTAL","CAPITAL PROJECTS","GOB 2011A CLEAN WATER CLEANUP","16V","CATCH BASIN INSERTS / OPENINGS PH IV","50KZAA","AD26190000028594","IMPROVEMENTS OTHER THAN BUILDINGS",,"4","2019-04 (OCT)","2019-02","10","OCTOBER,2018","OCTOBER","FMS",,,"50","GOB 2011A CLEAN WATER CLEANUP","VC0000029149","90248","CHECK","PAID","PRC501916V500056",,,"2018-09-20T00:00:00.000","1","1","SC50CO18129927MO","SC-ECOLOGY CONTROL INDUSTRIES, CO#129927,CATCH BASIN IV","CATCH BASIN IV INSERTS, C#129927,16V/50KZAA,EW40065F","0",,"0","0","0","0",,"2017-12-11T00:00:00.000","1",,,,,"CITY",,,,"USD",,"VC0000029149-ECOLOGY CONTROL INDUSTRIES INC"
"5289092","2019","NON_DEPARTMENTAL","OHL USA INC","2018-09-19T00:00:00.000","2400143.49",,"0002732354","GENERAL GOVERNMENT","GOVERNMENTAL","CAPITAL PROJECTS","GOB 2011A CLEAN WATER CLEANUP","16V","MACHADO LAKE ECOSYSTEM REHAB","50HYAC","AD26190000022996","IMPROVEMENTS OTHER THAN BUILDINGS",,"3","2019-03 (SEP)","2019-01","9","SEPTEMBER,2018","SEPTEMBER","FMS",,,"50","GOB 2011A CLEAN WATER CLEANUP","VC0000014741","92614-7279","CHECK","PAID","PRC501916V500041",,,"2018-08-30T00:00:00.000","1","1","SC50MSACO14123672KO","SC-OHL USA-MACHADO LAKE -CH.ORD#49,BR DTD 8/15/18","MACHADO LAKE ECOSYSTEM REHABILITATION.-ENCUMBER,CH.ORD#46=$2,200,000.00","0",,"0","0","0","0",,"2018-09-21T00:00:00.000","1",,,,,"CITY",,,,"USD",,"VC0000014741-OHL USA INC"
"5289067","2019","NON_DEPARTMENTAL","SULLY MILLER CONTRACTING CO","2018-09-28T00:00:00.000","299467.33",,"0000940327","GENERAL GOVERNMENT","GOVERNMENTAL","CAPITAL PROJECTS","GOB 2009 CLEAN WATER CLEANUP","16T","ALBION RIVERSIDE PARK IMPROVEMENTS","50KXAD","AD26190000025761","SUPPLIES & OTHER SERVICES",,"3","2019-03 (SEP)","2019-01","9","SEPTEMBER,2018","SEPTEMBER","FMS",,,"50","GOB 2009 CLEAN WATER CLEANUP","100011337","92821","CHECK","PAID","PRC501916T500044",,,"2018-08-24T00:00:00.000","1","1","SC50MSACO17129088KO","SC-SULLY-MILLER,C#129088

ENC $1,251,539.00","PP#13,ALBION RIVERSIDE, EMERGENCY CHG ORDER#007=$1,251,539.00EW40060F,BR DTD 5/252018","0",,"0","0","0","0",,"2018-06-06T00:00:00.000","1",,,,,"CITY",,,,"USD",,"100011337-SULLY MILLER CONTRACTING CO"
"5289035","2019","NON_DEPARTMENTAL","GREEN BUILDING CORPORATION","2018-09-27T00:00:00.000","143045.82",,"0002605248","GENERAL GOVERNMENT","GOVERNMENTAL","CAPITAL PROJECTS","GOB 2009 CLEAN WATER CLEANUP","16T","TEMESCAL CANYON PRK PHASE II","50FD17","AD26190000025383","SUPPLIES & OTHER SERVICES",,"3","2019-03 (SEP)","2019-01","9","SEPTEMBER,2018","SEPTEMBER","FMS",,,"50","GOB 2009 CLEAN WATER CLEANUP","VC0000014690","91406","CHECK","PAID","PRC501916T500045",,,"2018-09-17T00:00:00.000","1","1","SC50MSACO17127470KO","SC-GREEN BUILDING CORPORATION, CO#127470,TEMESCAL","PP#23,TEMESCAL CANYON PARK, CH ORDER#24,25,26=$16,107.0016T/50FD17  WO#EW400029F","0",,"0","0","0","0",,"2018-08-30T00:00:00.000","1",,,,,"CITY",,,,"USD",,"VC0000014690-GREEN BUILDING CORPORATION"
"5289026","2019","NON_DEPARTMENTAL","GREEN BUILDING CORPORATION","2018-09-06T00:00:00.000","118710.47",,"0002605248","GENERAL GOVERNMENT","GOVERNMENTAL","CAPITAL PROJECTS","GOB 2009 CLEAN WATER CLEANUP","16T","PENMAR WATER QLTY PHASE II","50FZAA","AD26190000019457","SUPPLIES & OTHER SERVICES",,"3","2019-03 (SEP)","2019-01","9","SEPTEMBER,2018","SEPTEMBER","FMS",,,"50","GOB 2009 CLEAN WATER CLEANUP","VC0000014690","91406","CHECK","PAID","PRC501916T500036",,,"2018-08-23T00:00:00.000","1","1","SC50MSACO17127429KO","SC-GREEN BUILDING CORPORATION, CO#127429-PENMAR","PP#23,PENMAR WATER QUALITY PH 11,  WO#EW400028F,CHANGE ORDERS#22& 23=$27,509.00","0",,"0","0","0","0",,"2018-09-05T00:00:00.000","1",,,,,"CITY",,,,"USD",,"VC0000014690-GREEN BUILDING CORPORATION"
"5283745","2019","NON_DEPARTMENTAL","ARCADIS U.S. INC","2018-09-26T00:00:00.000","79778.93",,"0000143256","GENERAL GOVERNMENT","GOVERNMENTAL","CAPITAL PROJECTS","GOB 2009 CLEAN WATER CLEANUP","16T","ALBION RIVERSIDE PARK IMPROVEMENTS","50KXAD","AD26190000025062","SUPPLIES & OTHER SERVICES",,"3","2019-03 (SEP)","2019-01","9","SEPTEMBER,2018","SEPTEMBER","FMS",,,"50","GOB 2009 CLEAN WATER CLEANUP","100035931","60693-0626","CHECK","PAID","PRC501916T500046",,,"2018-09-10T00:00:00.000","1","1","SC50CO18129644MO","SC-ARCADIS, C#129644,ALBION, NTP#4,ENC $159,682.19","INV#0927358,STO#9-04,16T/50KXAD","0",,"0","0","0","0",,"2018-08-06T00:00:00.000","10",,,,,"CITY",,,,"USD",,"100035931-ARCADIS U.S. INC"
"5289025","2019","NON_DEPARTMENTAL","GREEN BUILDING CORPORATION","2018-09-07T00:00:00.000","65597.8",,"0002605248","GENERAL GOVERNMENT","GOVERNMENTAL","CAPITAL PROJECTS","GOB 2009 CLEAN WATER CLEANUP","16T","PENMAR WATER QLTY PHASE II","50FZAA","AD26190000019648","SUPPLIES & OTHER SERVICES",,"3","2019-03 (SEP)","2019-01","9","SEPTEMBER,2018","SEPTEMBER","FMS",,,"50","GOB 2009 CLEAN WATER CLEANUP","VC0000014690","91406","CHECK","PAID","PRC501916T500037",,,"2018-08-31T00:00:00.000","1","1","SC50MSACO17127429KO","SC-GREEN BUILDING CORPORATION, CO#127429-PENMAR","PP#24,PENMAR WATER QUALITY PH 11,  WO#EW400028F,CHANGE ORDERS#22& 23=$27,509.00","0",,"0","0","0","0",,"2018-09-05T00:00:00.000","1",,,,,"CITY",,,,"USD",,"VC0000014690-GREEN BUILDING CORPORATION"
"5282011","2019","NON_DEPARTMENTAL","TETRA TECH INC","2018-09-18T00:00:00.000","19980.2",,"0000697684","GENERAL GOVERNMENT","GOVERNMENTAL","CAPITAL PROJECTS","GOB 2009 CLEAN WATER CLEANUP","16T","ALBION RIVERSIDE PARK IMPROVEMENTS","50KXAD","AD26190000022463","SUPPLIES & OTHER SERVICES",,"3","2019-03 (SEP)","2019-01","9","SEPTEMBER,2018","SEPTEMBER","FMS",,,"50","GOB 2009 CLEAN WATER CLEANUP","100001158","80291-1967","CHECK","PAID","PRC501916T500042",,,"2018-08-22T00:00:00.000","1","1","SC50CO18129660M","SC-TETRA TECH, CO#129660

TOS#8,NTP#5,ALBION","ALBION RIVERSIDE, C#129660 TOS#8,NTP#5,EW40060F-ENCUMBER $4,241.50PROP.O PORTION","0",,"0","0","0","0",,"2018-05-14T00:00:00.000","4",,,,,"CITY",,,,"USD",,"100001158-TETRA TECH INC"
"5284493","2019","NON_DEPARTMENTAL","ARCADIS U.S. INC","2018-09-19T00:00:00.000","17165.47",,"0000143256","GENERAL GOVERNMENT","GOVERNMENTAL","CAPITAL PROJECTS","GOB 2009 CLEAN WATER CLEANUP","16T","TEMESCAL CANYON PRK PHASE II","50FD17","AD26190000022986","SUPPLIES & OTHER SERVICES",,"3","2019-03 (SEP)","2019-01","9","SEPTEMBER,2018","SEPTEMBER","FMS",,,"50","GOB 2009 CLEAN WATER CLEANUP","100035931","60693-0626","CHECK","PAID","PRC501916T500043",,,"2018-05-18T00:00:00.000","1","1","SC50CO18129644MO","SC-ARCADIS, C#129644,ALBION, NTP#4,ENC $159,682.19","NTP#3,STO#09-03, TEMESCAL","0",,"0","0","0","0",,"2018-08-06T00:00:00.000","4",,,,,"CITY",,,,"USD",,"100035931-ARCADIS U.S. INC"
"5283958","2019","NON_DEPARTMENTAL","CAROLLO ENGINEERS APC","2018-09-12T00:00:00.000","14200.17",,"0003012385","GENERAL GOVERNMENT","GOVERNMENTAL","CAPITAL PROJECTS","GOB 2009 CLEAN WATER CLEANUP","16T","PROP O OPTIMIZATION","50MYAF","AD26190000020955","SUPPLIES & OTHER SERVICES",,"3","2019-03 (SEP)","2019-01","9","SEPTEMBER,2018","SEPTEMBER","FMS",,,"50","GOB 2009 CLEAN WATER CLEANUP","100024382","84130-0835","CHECK","PAID","PRC501916T500039",,,"2018-08-28T00:00:00.000","1","2","SC50MSACO16124324MC","TOS SN#39, PROP O OPTIMIZATION, WO#EW40PCON","INV#0169758,TOS SN-39 ,PROP.O OPTIMIZATION, FUND 16T,","0",,"0","0","0","0",,"2017-07-01T00:00:00.000","1",,,,,"CITY",,,,"USD",,"100024382-CAROLLO ENGINEERS APC"
"5283112","2019","NON_DEPARTMENTAL","CAROLLO ENGINEERS APC","2018-09-12T00:00:00.000","8173.29",,"0003012385","GENERAL GOVERNMENT","GOVERNMENTAL","CAPITAL PROJECTS","GOB 2009 CLEAN WATER CLEANUP","16T","PENMAR WATER QLTY PHASE II","50FZAA","AD26190000020955","SUPPLIES & OTHER SERVICES",,"3","2019-03 (SEP)","2019-01","9","SEPTEMBER,2018","SEPTEMBER","FMS",,,"50","GOB 2009 CLEAN WATER CLEANUP","100024382","84130-0835","CHECK","PAID","PRC501916T500038",,,"2018-08-17T00:00:00.000","1","1","SC50CO18129648M","NTP#3,TOS#12,PENMAR/TEMESCAL","INV#0169756,PENMAR,NTP#3, TOS#12, 16T/50FZAA,EW40028D,ENC $23,318.00","0",,"0","0","0","0",,"2018-05-22T00:00:00.000","1",,,,,"CITY",,,,"USD",,"100024382-CAROLLO ENGINEERS APC"
"5284354","2019","NON_DEPARTMENTAL","SWCA INCORPORATED","2018-09-13T00:00:00.000","997.98",,"0002466104","GENERAL GOVERNMENT","GOVERNMENTAL","CAPITAL PROJECTS","GOB 2009 CLEAN WATER CLEANUP","16T","PENMAR WATER QLTY PHASE II","50FZAA","AD26190000021263","SUPPLIES & OTHER SERVICES",,"3","2019-03 (SEP)","2019-01","9","SEPTEMBER,2018","SEPTEMBER","FMS",,,"50","GOB 2009 CLEAN WATER CLEANUP","100036600","60009","CHECK","PAID","PRC501916T500040",,,"2018-08-10T00:00:00.000","1","1","SC50MSACO15123103MO","SC-SWCA,PROP.O  TOS#EMGS-011,ENCUMBER $4,785.30","INV#80572,SRPT:16T/50/50FZAA/EW40028B/TOS-EMGS011/NTP2","0",,"0","0","0","0",,"2018-04-19T00:00:00.000","2",,,,,"CITY",,,,"USD",,"100036600-SWCA INCORPORATED"
"5239537","2019","NON_DEPARTMENTAL","SULLY MILLER CONTRACTING CO","2018-08-10T00:00:00.000","303235.56",,"0000940327","GENERAL GOVERNMENT","GOVERNMENTAL","CAPITAL PROJECTS","GOB 2009 CLEAN WATER CLEANUP","16T","ALBION RIVERSIDE PARK IMPROVEMENTS","50KXAD","AD26190000011855","SUPPLIES & OTHER SERVICES",,"2","2019-02 (AUG)","2019-01","8","AUGUST,2018","AUGUST","FMS",,,"50","GOB 2009 CLEAN WATER CLEANUP","100011337","92821","CHECK","PAID","PRC501916T500017",,,"2018-07-30T00:00:00.000","1","1","SC50MSACO17129088KO","SC-SULLY-MILLER,C#129088

ENC $1,251,539.00","PP#12,ALBION RIVERSIDE,EW40060F","0",,"0","0","0","0",,"2018-06-06T00:00:00.000","1",,,,,"CITY",,,,"USD",,"100011337-SULLY MILLER CONTRACTING CO"
"5235260","2019","NON_DEPARTMENTAL","ARCADIS U.S. INC","2018-08-14T00:00:00.000","153851.95",,"0000143256","GENERAL GOVERNMENT","GOVERNMENTAL","CAPITAL PROJECTS","GOB 2011A CLEAN WATER CLEANUP","16V","ALBION RIVERSIDE PARK IMPROVEMENTS","50KXAD","AD26190000012598","SUPPLIES & OTHER SERVICES",,"2","2019-02 (AUG)","2019-01","8","AUGUST,2018","AUGUST","FMS",,,"50","GOB 2011A CLEAN WATER CLEANUP","100035931","60693-0626","CHECK","PAID","PRC501916V500016",,,"2018-07-20T00:00:00.000","1","1","SC50CO18129644MO","SC-ARCADIS, C#129644,ALBION, NTP#4,ENC $159,682.19","INV#0919979,16V/50KXAD,EW40060F,NTP#4,STO#09-04=ALBION","0",,"0","0","0","0",,"2018-08-06T00:00:00.000","16",,,,,"CITY",,,,"USD",,"100035931-ARCADIS U.S. INC"
"5233310","2019","NON_DEPARTMENTAL","ARCADIS U.S. INC","2018-08-13T00:00:00.000","54578.48",,"0000143256","GENERAL GOVERNMENT","GOVERNMENTAL","CAPITAL PROJECTS","GOB 2009 CLEAN WATER CLEANUP","16T","VERMONT AVENUE STORMWATER CAPTURE AND GREEN STREET PROJECT","50PZAC","AD26190000012203","SUPPLIES & OTHER SERVICES",,"2","2019-02 (AUG)","2019-01","8","AUGUST,2018","AUGUST","FMS",,,"50","GOB 2009 CLEAN WATER CLEANUP","100035931","60693-0626","CHECK","PAID","PRC501916T500028",,,"2018-07-26T00:00:00.000","1","1","SC50CO18129644MO","SC-ARCADIS, C#129644,ALBION, NTP#4,ENC $159,682.19","1NV#0919995,EW40074A,STO#09-08- VERMONT STORMWATER","0",,"0","0","0","0",,"2018-08-06T00:00:00.000","11",,,,,"CITY",,,,"USD",,"100035931-ARCADIS U.S. INC"
"5239514","2019","NON_DEPARTMENTAL","GREEN BUILDING CORPORATION","2018-08-01T00:00:00.000","52690.04",,"0002605248","GENERAL GOVERNMENT","GOVERNMENTAL","CAPITAL PROJECTS","GOB 2009 CLEAN WATER CLEANUP","16T","PENMAR WATER QLTY PHASE II","50FZAA","AD26190000008749","SUPPLIES & OTHER SERVICES",,"2","2019-02 (AUG)","2019-01","8","AUGUST,2018","AUGUST","FMS",,,"50","GOB 2009 CLEAN WATER CLEANUP","VC0000014690","91406","CHECK","PAID","PRC501916T500011",,,"2018-07-13T00:00:00.000","1","1","SC50MSACO17127429KO","SC-GREEN BUILDING CORPORATION, CO#127429-PENMAR","PP#21,PENMAR WATER QUALITY PH 11,  WO#EW400028F,CHANGE ORDERS#20& 21=$45,306.00","0",,"0","0","0","0",,"2018-07-31T00:00:00.000","1",,,,,"CITY",,,,"USD",,"VC0000014690-GREEN BUILDING CORPORATION"
"5235753","2019","NON_DEPARTMENTAL","ECOLOGY CONTROL INDUSTRIES INC","2018-08-10T00:00:00.000","49215.14",,"0000361776","GENERAL GOVERNMENT","GOVERNMENTAL","CAPITAL PROJECTS","GOB 2011A CLEAN WATER CLEANUP","16V","CATCH BASIN INSERTS / OPENINGS PH IV","50KZAA","AD26190000011877","IMPROVEMENTS OTHER THAN BUILDINGS",,"2","2019-02 (AUG)","2019-01","8","AUGUST,2018","AUGUST","FMS",,,"50","GOB 2011A CLEAN WATER CLEANUP","VC0000029149","90248","CHECK","PAID","PRC501916V500021",,,"2018-08-07T00:00:00.000","1","1","SC50CO18129927MO","SC-ECOLOGY CONTROL INDUSTRIES, CO#129927,CATCH BASIN IV","SW#10108,CATCH BASIN IV INSERTS, C#129927,16V/50KZAA,EW40065F","0",,"0","0","0","0",,"2017-12-11T00:00:00.000","1",,,,,"CITY",,,,"USD",,"VC0000029149-ECOLOGY CONTROL INDUSTRIES INC"
"5235755","2019","NON_DEPARTMENTAL","ECOLOGY CONTROL INDUSTRIES INC","2018-08-10T00:00:00.000","38421.11",,"0000361776","GENERAL GOVERNMENT","GOVERNMENTAL","CAPITAL PROJECTS","GOB 2011A CLEAN WATER CLEANUP","16V","CATCH BASIN INSERTS / OPENINGS PH IV","50KZAA","AD26190000011878","IMPROVEMENTS OTHER THAN BUILDINGS",,"2","2019-02 (AUG)","2019-01","8","AUGUST,2018","AUGUST","FMS",,,"50","GOB 2011A CLEAN WATER CLEANUP","VC0000029149","90248","CHECK","PAID","PRC501916V500023",,,"2018-08-01T00:00:00.000","1","1","SC50CO18129927MO","SC-ECOLOGY CONTROL INDUSTRIES, CO#129927,CATCH BASIN IV","INV#SW10114,CATCH BASIN IV INSERTS, C#129927,16V/50KZAA,EW40065F","0",,"0","0","0","0",,"2017-12-11T00:00:00.000","1",,,,,"CITY",,,,"USD",,"VC0000029149-ECOLOGY CONTROL INDUSTRIES INC"
"5235754","2019","NON_DEPARTMENTAL","ECOLOGY CONTROL INDUSTRIES INC","2018-08-10T00:00:00.000","28500.01",,"0000361776","GENERAL GOVERNMENT","GOVERNMENTAL","CAPITAL PROJECTS","GOB 2011A CLEAN WATER CLEANUP","16V","CATCH BASIN INSERTS / OPENINGS PH IV","50KZAA","AD26190000011876","IMPROVEMENTS OTHER THAN BUILDINGS",,"2","2019-02 (AUG)","2019-01","8","AUGUST,2018","AUGUST","FMS",,,"50","GOB 2011A CLEAN WATER CLEANUP","VC0000029149","90248","CHECK","PAID","PRC501916V500020",,,"2018-07-26T00:00:00.000","1","1","SC50CO18129927MO","SC-ECOLOGY CONTROL INDUSTRIES, CO#129927,CATCH BASIN IV","INV#SW10107-IN,CATCH BASIN IV INSERTS, C#129927,16V/50KZAA,EW40065F","0",,"0","0","0","0",,"2017-12-11T00:00:00.000","1",,,,,"CITY",,,,"USD",,"VC0000029149-ECOLOGY CONTROL INDUSTRIES INC"
"5235758","2019","NON_DEPARTMENTAL","ECOLOGY CONTROL INDUSTRIES INC","2018-08-10T00:00:00.000","24024.96",,"0000361776","GENERAL GOVERNMENT","GOVERNMENTAL","CAPITAL PROJECTS","GOB 2011A CLEAN WATER CLEANUP","16V","CATCH BASIN INSERTS / OPENINGS PH IV","50KZAA","AD26190000011874","IMPROVEMENTS OTHER THAN BUILDINGS",,"2","2019-02 (AUG)","2019-01","8","AUGUST,2018","AUGUST","FMS",,,"50","GOB 2011A CLEAN WATER CLEANUP","VC0000029149","90248","CHECK","PAID","PRC501916V500018",,,"2018-07-26T00:00:00.000","1","1","SC50CO18129927MO","SC-ECOLOGY CONTROL INDUSTRIES, CO#129927,CATCH BASIN IV","INV#SW10103-IN,CATCH BASIN IV INSERTS, C#129927,16V/50KZAA,EW40065F","0",,"0","0","0","0",,"2017-12-11T00:00:00.000","1",,,,,"CITY",,,,"USD",,"VC0000029149-ECOLOGY CONTROL INDUSTRIES INC"
"5239517","2019","NON_DEPARTMENTAL","GREEN BUILDING CORPORATION","2018-08-30T00:00:00.000","21721.28",,"0002605248","GENERAL GOVERNMENT","GOVERNMENTAL","CAPITAL PROJECTS","GOB 2009 CLEAN WATER CLEANUP","16T","TEMESCAL CANYON PRK PHASE II","50FD17","AD26190000017718","SUPPLIES & OTHER SERVICES",,"2","2019-02 (AUG)","2019-01","8","AUGUST,2018","AUGUST","FMS",,,"50","GOB 2009 CLEAN WATER CLEANUP","VC0000014690","91406","CHECK","PAID","PRC501916T500035",,,"2018-08-08T00:00:00.000","1","1","SC50MSACO17127470KO","SC-GREEN BUILDING CORPORATION, CO#127470,TEMESCAL","PP#22,TEMESCAL CANYON PARK, CH ORDER#23,25,26=$16,107.0016T/50FD17  WO#EW400029F","0",,"0","0","0","0",,"2018-08-30T00:00:00.000","1",,,,,"CITY",,,,"USD",,"VC0000014690-GREEN BUILDING CORPORATION"
"5235759","2019","NON_DEPARTMENTAL","ECOLOGY CONTROL INDUSTRIES INC","2018-08-10T00:00:00.000","12611.64",,"0000361776","GENERAL GOVERNMENT","GOVERNMENTAL","CAPITAL PROJECTS","GOB 2011A CLEAN WATER CLEANUP","16V","CATCH BASIN INSERTS / OPENINGS PH IV","50KZAA","AD26190000011879","IMPROVEMENTS OTHER THAN BUILDINGS",,"2","2019-02 (AUG)","2019-01","8","AUGUST,2018","AUGUST","FMS",,,"50","GOB 2011A CLEAN WATER CLEANUP","VC0000029149","90248","CHECK","PAID","PRC501916V500024",,,"2018-08-01T00:00:00.000","1","1","SC50CO18129927MO","SC-ECOLOGY CONTROL INDUSTRIES, CO#129927,CATCH BASIN IV","INV#SW10116-IN,CATCH BASIN IV INSERTS, C#129927,16V/50KZAA,EW40065F","0",,"0","0","0","0",,"2017-12-11T00:00:00.000","1",,,,,"CITY",,,,"USD",,"VC0000029149-ECOLOGY CONTROL INDUSTRIES INC"
"5234913","2019","NON_DEPARTMENTAL","CAROLLO ENGINEERS APC","2018-08-14T00:00:00.000","11719.28",,"0003012385","GENERAL GOVERNMENT","GOVERNMENTAL","CAPITAL PROJECTS","GOB 2009 CLEAN WATER CLEANUP","16T","PROP O OPTIMIZATION","50MYAF","AD26190000012594","SUPPLIES & OTHER SERVICES",,"2","2019-02 (AUG)","2019-01","8","AUGUST,2018","AUGUST","FMS",,,"50","GOB 2009 CLEAN WATER CLEANUP","100024382","84130-0835","CHECK","PAID","PRC501916T500030",,,"2018-08-01T00:00:00.000","1","1","SC50MSACO16124324MC","TOS SN#39, PROP O OPTIMIZATION, WO#EW40PCON","INV#0169115,TOS SN-39 ,PROP.O OPTIMIZATION, FUND 16T/50MYAF,","0",,"0","0","0","0",,"2017-07-01T00:00:00.000","1",,,,,"CITY",,,,"USD",,"100024382-CAROLLO ENGINEERS APC"
"5235756","2019","NON_DEPARTMENTAL","ECOLOGY CONTROL INDUSTRIES INC","2018-08-10T00:00:00.000","9900.65",,"0000361776","GENERAL GOVERNMENT","GOVERNMENTAL","CAPITAL PROJECTS","GOB 2011A CLEAN WATER CLEANUP","16V","CATCH BASIN INSERTS / OPENINGS PH IV","50KZAA","AD26190000012091","IMPROVEMENTS OTHER THAN BUILDINGS",,"2","2019-02 (AUG)","2019-01","8","AUGUST,2018","AUGUST","FMS",,,"50","GOB 2011A CLEAN WATER CLEANUP","VC0000029149","90248","CHECK","PAID","PRC501916V500022",,,"2018-06-11T00:00:00.000","1","1","SC50CO18129927MO","SC-ECOLOGY CONTROL INDUSTRIES, CO#129927,CATCH BASIN IV","SW#10113-IN,CATCH BASIN IV INSERTS, C#129927,16V/50KZAA,EW40065F","0",,"0","0","0","0",,"2017-12-11T00:00:00.000","1",,,,,"CITY",,,,"USD",,"VC0000029149-ECOLOGY CONTROL INDUSTRIES INC"
"5231878","2019","NON_DEPARTMENTAL","TETRA TECH INC","2018-08-07T00:00:00.000","9483.34",,"0000697684","GENERAL GOVERNMENT","GOVERNMENTAL","CAPITAL PROJECTS","GOB 2009 CLEAN WATER CLEANUP","16T","ALBION RIVERSIDE PARK IMPROVEMENTS","50KXAD","AD26190000010457","SUPPLIES & OTHER SERVICES",,"2","2019-02 (AUG)","2019-01","8","AUGUST,2018","AUGUST","FMS",,,"50","GOB 2009 CLEAN WATER CLEANUP","100001158","80291-1677","CHECK","PAID","PRC501916T500015",,,"2018-07-18T00:00:00.000","1","1","SC50CO18129660M","SC-TETRA TECH, CO#129660

TOS#8,NTP#5,ALBION","INV#51331550,ALBION RIVERSIDE, C#129660 TOS#8,NTP#5,EW40060F-ENCUMBER $4,241.50PROP.O PORTION","0",,"0","0","0","0",,"2018-05-14T00:00:00.000","4",,,,,"CITY",,,,"USD",,"100001158-TETRA TECH INC"
"5239518","2019","NON_DEPARTMENTAL","GREEN BUILDING CORPORATION","2018-08-16T00:00:00.000","8627.9",,"0002605248","GENERAL GOVERNMENT","GOVERNMENTAL","CAPITAL PROJECTS","GOB 2009 CLEAN WATER CLEANUP","16T","TEMESCAL CANYON PRK PHASE II","50FD17","AD26190000013494","SUPPLIES & OTHER SERVICES",,"2","2019-02 (AUG)","2019-01","8","AUGUST,2018","AUGUST","FMS",,,"50","GOB 2009 CLEAN WATER CLEANUP","VC0000014690","91406","CHECK","PAID","PRC501916T500031",,,"2018-08-07T00:00:00.000","1","1","SC50MSACO17127470KO","SC-GREEN BUILDING CORPORATION, CO#127470,TEMESCAL","PP#21,TEMESCAL CANYON PARK, CH ORDER#24=$4,118.0016T/50FD17  WO#EW400029F","0",,"0","0","0","0",,"2018-08-30T00:00:00.000","1",,,,,"CITY",,,,"USD",,"VC0000014690-GREEN BUILDING CORPORATION"
"5234912","2019","NON_DEPARTMENTAL","CAROLLO ENGINEERS APC","2018-08-14T00:00:00.000","7146.87",,"0003012385","GENERAL GOVERNMENT","GOVERNMENTAL","CAPITAL PROJECTS","GOB 2009 CLEAN WATER CLEANUP","16T","PROP O OPTIMIZATION","50MYAF","AD26190000012593","SUPPLIES & OTHER SERVICES",,"2","2019-02 (AUG)","2019-01","8","AUGUST,2018","AUGUST","FMS",,,"50","GOB 2009 CLEAN WATER CLEANUP","100024382","84130-0835","CHECK","PAID","PRC501916T500029",,,"2018-04-12T00:00:00.000","1","1","SC50MSACO16124324MC","TOS SN#39, PROP O OPTIMIZATION, WO#EW40PCON","INV#0166258,TOS SN-39 ,PROP.O OPTIMIZATION, FUND 16T/50MYAF","0",,"0","0","0","0",,"2017-07-01T00:00:00.000","1",,,,,"CITY",,,,"USD",,"100024382-CAROLLO ENGINEERS APC"
"5235752","2019","NON_DEPARTMENTAL","ECOLOGY CONTROL INDUSTRIES INC","2018-08-10T00:00:00.000","6040.82",,"0000361776","GENERAL GOVERNMENT","GOVERNMENTAL","CAPITAL PROJECTS","GOB 2011A CLEAN WATER CLEANUP","16V","CATCH BASIN INSERTS / OPENINGS PH IV","50KZAA","AD26190000011875","IMPROVEMENTS OTHER THAN BUILDINGS",,"2","2019-02 (AUG)","2019-01","8","AUGUST,2018","AUGUST","FMS",,,"50","GOB 2011A CLEAN WATER CLEANUP","VC0000029149","90248","CHECK","PAID","PRC501916V500019",,,"2018-07-26T00:00:00.000","1","1","SC50CO18129927MO","SC-ECOLOGY CONTROL INDUSTRIES, CO#129927,CATCH BASIN IV","INV#SW10106-IN,CATCH BASIN IV INSERTS, C#129927,16V/50KZAA,EW40065F","0",,"0","0","0","0",,"2017-12-11T00:00:00.000","1",,,,,"CITY",,,,"USD",,"VC0000029149-ECOLOGY CONTROL INDUSTRIES INC"
"5231958","2019","NON_DEPARTMENTAL","ARCADIS U.S. INC","2018-08-07T00:00:00.000","5197.5",,"0000143256","GENERAL GOVERNMENT","GOVERNMENTAL","CAPITAL PROJECTS","GOB 2008A CLEAN WATER CLEANUP","16Q","ALISO CREEK-LIMEKILN CREEK RESTORATION","50KYAG","AD26190000010495","SUPPLIES & OTHER SERVICES",,"2","2019-02 (AUG)","2019-01","8","AUGUST,2018","AUGUST","FMS",,,"50","GOB 2008A CLEAN WATER CLEANUP","100035931","60693-0626","CHECK","PAID","PRC501916Q500014",,,"2018-07-26T00:00:00.000","1","1","SC50CO18129644MO","SC-ARCADIS, C#129644,ALBION, NTP#4,ENC $159,682.19","INV#0919996,16Q/50KYAG/EW40062D,NTP#10STO#09-11- ALISO LIMEKILN CREEK ENC=$29295.00","0",,"0","0","0","0",,"2018-08-06T00:00:00.000","13",,,,,"CITY",,,,"USD",,"100035931-ARCADIS U.S. INC"
"5235751","2019","NON_DEPARTMENTAL","ECOLOGY CONTROL INDUSTRIES INC","2018-08-20T00:00:00.000","3679.75",,"0000361776","GENERAL GOVERNMENT","GOVERNMENTAL","CAPITAL PROJECTS","GOB 2011A CLEAN WATER CLEANUP","16V","CATCH BASIN INSERTS / OPENINGS PH IV","50KZAA","AD26190000014185","IMPROVEMENTS OTHER THAN BUILDINGS",,"2","2019-02 (AUG)","2019-01","8","AUGUST,2018","AUGUST","FMS",,,"50","GOB 2011A CLEAN WATER CLEANUP","VC0000029149","90248","CHECK","PAID","PRC501916V500033",,,"2018-07-31T00:00:00.000","1","1","SC50CO18129927MO","SC-ECOLOGY CONTROL INDUSTRIES, CO#129927,CATCH BASIN IV","INV#SW10118-IN,CATCH BASIN IV INSERTS, C#129927,16V/50KZAA,EW40065F","0",,"0","0","0","0",,"2017-12-11T00:00:00.000","1",,,,,"CITY",,,,"USD",,"VC0000029149-ECOLOGY CONTROL INDUSTRIES INC"
"5239513","2019","NON_DEPARTMENTAL","GREEN BUILDING CORPORATION","2018-08-01T00:00:00.000","3140.7",,"0002605248","GENERAL GOVERNMENT","GOVERNMENTAL","CAPITAL PROJECTS","GOB 2009 CLEAN WATER CLEANUP","16T","PENMAR WATER QLTY PHASE II","50FZAA","AD26190000008750","SUPPLIES & OTHER SERVICES",,"2","2019-02 (AUG)","2019-01","8","AUGUST,2018","AUGUST","FMS",,,"50","GOB 2009 CLEAN WATER CLEANUP","VC0000014690","91406","CHECK","PAID","PRC501916T500012",,,"2018-07-17T00:00:00.000","1","1","SC50MSACO17127429KO","SC-GREEN BUILDING CORPORATION, CO#127429-PENMAR","PP#22,PENMAR WATER QUALITY PH 11,  WO#EW400028F,CHANGE ORDERS#20& 21=$45,306.00","0",,"0","0","0","0",,"2018-07-31T00:00:00.000","1",,,,,"CITY",,,,"USD",,"VC0000014690-GREEN BUILDING CORPORATION"
"5234654","2019","NON_DEPARTMENTAL","AECOM TECHNICAL SERVICES INC","2018-08-01T00:00:00.000","2495.44",,"0000050695","GENERAL GOVERNMENT","GOVERNMENTAL","CAPITAL PROJECTS","GOB 2009 CLEAN WATER CLEANUP","16T","ARGO DRAIN SUB BASIN FACILITY.1","50LWAF","AD26190000008738","SUPPLIES & OTHER SERVICES",,"2","2019-02 (AUG)","2019-01","8","AUGUST,2018","AUGUST","FMS",,,"50","GOB 2009 CLEAN WATER CLEANUP","100032542","60674","CHECK","PAID","PRC501916T500013",,,"2018-07-17T00:00:00.000","1","1","SC50MSACO13120714M","SC - AECOM .C-120714, ENCUMBER $2,495.44","INV#2000078669,ENCUMBER BALANCE FOR TOS#13","0",,"0","0","0","0",,"2018-07-31T00:00:00.000","1",,,,,"CITY",,,,"USD",,"100032542-AECOM TECHNICAL SERVICES INC"
"5235757","2019","NON_DEPARTMENTAL","ECOLOGY CONTROL INDUSTRIES INC","2018-08-20T00:00:00.000","2357",,"0000361776","GENERAL GOVERNMENT","GOVERNMENTAL","CAPITAL PROJECTS","GOB 2011A CLEAN WATER CLEANUP","16V","CATCH BASIN INSERTS / OPENINGS PH IV","50KZAA","AD26190000014184","IMPROVEMENTS OTHER THAN BUILDINGS",,"2","2019-02 (AUG)","2019-01","8","AUGUST,2018","AUGUST","FMS",,,"50","GOB 2011A CLEAN WATER CLEANUP","VC0000029149","90248","CHECK","PAID","PRC501916V500032",,,"2018-07-31T00:00:00.000","1","1","SC50CO18129927MO","SC-ECOLOGY CONTROL INDUSTRIES, CO#129927,CATCH BASIN IV","INV#SW10117-IN,CATCH BASIN IV INSERTS, C#129927,16V/50KZAA,EW40065F","0",,"0","0","0","0",,"2017-12-11T00:00:00.000","1",,,,,"CITY",,,,"USD",,"VC0000029149-ECOLOGY CONTROL INDUSTRIES INC"
"5232879","2019","NON_DEPARTMENTAL","SWCA INCORPORATED","2018-08-13T00:00:00.000","2148.66",,"0002466104","GENERAL GOVERNMENT","GOVERNMENTAL","CAPITAL PROJECTS","GOB 2009 CLEAN WATER CLEANUP","16T","PENMAR WATER QLTY PHASE II","50FZAA","AD26190000012206","SUPPLIES & OTHER SERVICES",,"2","2019-02 (AUG)","2019-01","8","AUGUST,2018","AUGUST","FMS",,,"50","GOB 2009 CLEAN WATER CLEANUP","100036600","60009","CHECK","PAID","PRC501916T500026",,,"2018-07-13T00:00:00.000","1","1","SC50MSACO15123103MO","SC-SWCA,PROP.O  TOS#EMGS-011,ENCUMBER $4,785.30","INV#79515,SRPT:16T/50/50FZAA/EW40028B/TOS-EMGS011/NTP2","0",,"0","0","0","0",,"2018-04-19T00:00:00.000","2",,,,,"CITY",,,,"USD",,"100036600-SWCA INCORPORATED"
"5235680","2019","NON_DEPARTMENTAL","ICF JONES & STOKES, INC.","2018-08-13T00:00:00.000","1738.37",,"0000861804","GENERAL GOVERNMENT","GOVERNMENTAL","CAPITAL PROJECTS","GOB 2011A CLEAN WATER CLEANUP","16V","MACHADO LAKE ECOSYSTEM REHAB","50HWAA","AD26190000012195","SUPPLIES & OTHER SERVICES",,"2","2019-02 (AUG)","2019-01","8","AUGUST,2018","AUGUST","FMS",,,"50","GOB 2011A CLEAN WATER CLEANUP","100024616","60677-5367","CHECK","PAID","PRC501916V500027",,,"2018-07-18T00:00:00.000","1","1","SC50MSACO14123097M","SC-ICF JONES & STOKES, NTP#3

16V/50/50HWAA","INV#0131080,MACHADO LAKE ECOSYSTEM TOS #EMGD-003-T,NTP#3 ENCUMBER=$1,717.80","0",,"0","0","0","0",,"2018-06-11T00:00:00.000","1",,,,,"CITY",,,,"USD",,"100024616-ICF JONES & STOKES, INC."
"5213799","2019","NON_DEPARTMENTAL","COUNTY OF LOS ANGELES","2018-08-30T00:00:00.000","150",,"6666666666","GENERAL GOVERNMENT","GOVERNMENTAL","CAPITAL PROJECTS","GOB 2009 CLEAN WATER CLEANUP","16T","ARGO DRAIN SUB BASIN FACILITY.1","50LWAF","AD26190000017539","SUPPLIES & OTHER SERVICES",,"2","2019-02 (AUG)","2019-01","8","AUGUST,2018","AUGUST","FMS",,,"50","GOB 2009 CLEAN WATER CLEANUP","100000504","91803-1331","CHECK","PAID","GAX501916T500034",,,"2018-08-07T00:00:00.000","1","1","GAEAE50AE1916T001M","COUNTY OF LOS ANGELES DEPT OF PW- ARGO 16T/50LWAF","COUNTY OF LOS ANGELES DEPT OF PUBLIC WORKS LAND DEV.DIVISION  ARGO DRAIN PERMIT ,EW40067F",,,,,,"0",,"2018-08-29T00:00:00.000","0",,,,,"CITY",,,,"USD",,"100000504-COUNTY OF LOS ANGELES"
"5195047","2019","NON_DEPARTMENTAL","SULLY MILLER CONTRACTING CO","2018-07-23T00:00:00.000","181259.9",,"0000940327","GENERAL GOVERNMENT","GOVERNMENTAL","CAPITAL PROJECTS","GOB 2009 CLEAN WATER CLEANUP","16T","ALBION RIVERSIDE PARK IMPROVEMENTS","50KXAD","AD26190000005754","SUPPLIES & OTHER SERVICES",,"1","2019-01 (JUL)","2019-01","7","JULY,2018","JULY","FMS",,,"50","GOB 2009 CLEAN WATER CLEANUP","100011337","92821","CHECK","PAID","PRC501916T500008",,,"2018-07-12T00:00:00.000","1","1","SC50MSACO17129088KO","SC-SULLY-MILLER,C#129088

ENC $1,251,539.00","PP#11,ALBION RIVERSIDE,EW40060F,16T/50KXAD","0",,"0","0","0","0",,"2018-06-06T00:00:00.000","1",,,,,"CITY",,,,"USD",,"100011337-SULLY MILLER CONTRACTING CO"
"5195049","2019","NON_DEPARTMENTAL","TETRA TECH INC","2018-07-16T00:00:00.000","42945",,"0000697684","GENERAL GOVERNMENT","GOVERNMENTAL","CAPITAL PROJECTS","GOB 2008A CLEAN WATER CLEANUP","16Q","ALISO CREEK-LIMEKILN CREEK RESTORATION","50KYAG","AD26190000003698","SUPPLIES & OTHER SERVICES",,"1","2019-01 (JUL)","2019-01","7","JULY,2018","JULY","FMS",,,"50","GOB 2008A CLEAN WATER CLEANUP","100001158","80291-1677","CHECK","PAID","PRC501916Q500004",,,"2018-04-26T00:00:00.000","1","2","SC50CO18129660M","SC-TETRA TECH, CO#129660

TOS#8,NTP#5,ALBION","INV#51276113,16Q/50KYAG/C#129660,TOS#11NTP#2/EW40062D","0",,"0","0","0","0",,"2018-05-14T00:00:00.000","6",,,,,"CITY",,,,"USD",,"100001158-TETRA TECH INC"
"5195051","2019","NON_DEPARTMENTAL","TETRA TECH INC","2018-07-16T00:00:00.000","38708.38",,"0000697684","GENERAL GOVERNMENT","GOVERNMENTAL","CAPITAL PROJECTS","GOB 2008A CLEAN WATER CLEANUP","16Q","ALISO CREEK-LIMEKILN CREEK RESTORATION","50KYAG","AD26190000003698","SUPPLIES & OTHER SERVICES",,"1","2019-01 (JUL)","2019-01","7","JULY,2018","JULY","FMS",,,"50","GOB 2008A CLEAN WATER CLEANUP","100001158","80291-1677","CHECK","PAID","PRC501916Q500004",,,"2018-04-26T00:00:00.000","1","1","SC50CO18129660M","SC-TETRA TECH, CO#129660

TOS#8,NTP#5,ALBION","INV#51276113,16Q/50KYAG/C#129660,TOS#11,NTP#1,EW40062D","0",,"0","0","0","0",,"2018-05-14T00:00:00.000","5",,,,,"CITY",,,,"USD",,"100001158-TETRA TECH INC"
"5195048","2019","NON_DEPARTMENTAL","TETRA TECH INC","2018-07-02T00:00:00.000","32026.61",,"0000697684","GENERAL GOVERNMENT","GOVERNMENTAL","CAPITAL PROJECTS","GOB 2009 CLEAN WATER CLEANUP","16T","ALBION RIVERSIDE PARK IMPROVEMENTS","50KXAD","AD26190000000102","SUPPLIES & OTHER SERVICES",,"1","2019-01 (JUL)","2019-01","7","JULY,2018","JULY","FMS",,,"50","GOB 2009 CLEAN WATER CLEANUP","100001158","80291-1677","CHECK","PAID","PRC501916T500001",,,"2018-06-15T00:00:00.000","1","1","SC50CO18129660M","SC-TETRA TECH, CO#129660

TOS#8,NTP#5,ALBION","ALBION RIVERSIDE, C#129660 TOS#8,NTP#5,EW40060F-INV#51321900","0",,"0","0","0","0",,"2018-05-14T00:00:00.000","4",,,,,"CITY",,,,"USD",,"100001158-TETRA TECH INC"
"5198235","2019","NON_DEPARTMENTAL","ARCADIS U.S. INC","2018-07-23T00:00:00.000","31038",,"0000143256","GENERAL GOVERNMENT","GOVERNMENTAL","CAPITAL PROJECTS","GOB 2009 CLEAN WATER CLEANUP","16T","VERMONT AVENUE STORMWATER CAPTURE AND GREEN STREET PROJECT","50PZAC","AD26190000005766","SUPPLIES & OTHER SERVICES",,"1","2019-01 (JUL)","2019-01","7","JULY,2018","JULY","FMS",,,"50","GOB 2009 CLEAN WATER CLEANUP","100035931","60693-0626","CHECK","PAID","PRC501916T500009",,,"2018-05-13T00:00:00.000","1","1","SC50CO18129644MO","SC-ARCADIS, C#129644,ARGO, NTP#7,ENC $1,266,328.00","INV#0908584,VERMONT,16T/50PZAC/EW400745A,NTP#11","0",,"0","0","0","0",,"2018-06-20T00:00:00.000","11",,,,,"CITY",,,,"USD",,"100035931-ARCADIS U.S. INC"
"5195050","2019","NON_DEPARTMENTAL","ARCADIS U.S. INC","2018-07-02T00:00:00.000","20002.5",,"0000143256","GENERAL GOVERNMENT","GOVERNMENTAL","CAPITAL PROJECTS","GOB 2008A CLEAN WATER CLEANUP","16Q","ALISO CREEK-LIMEKILN CREEK RESTORATION","50KYAG","AD26190000000103","SUPPLIES & OTHER SERVICES",,"1","2019-01 (JUL)","2019-01","7","JULY,2018","JULY","FMS",,,"50","GOB 2008A CLEAN WATER CLEANUP","100035931","60693-0626","CHECK","PAID","PRC501916Q500002",,,"2018-05-18T00:00:00.000","1","1","SC50CO18129644MO","SC-ARCADIS, C#129644,ARGO, NTP#7,ENC $1,266,328.00","INV#0908586,16Q/50KYAG/EW40062D,NTP#10STO#09-11- ALISO LIMEKILN CREEK","0",,"0","0","0","0",,"2018-06-20T00:00:00.000","13",,,,,"CITY",,,,"USD",,"100035931-ARCADIS U.S. INC"
"5195053","2019","NON_DEPARTMENTAL","ECOLOGY CONTROL INDUSTRIES INC","2018-07-16T00:00:00.000","18891.33",,"0000361776","GENERAL GOVERNMENT","GOVERNMENTAL","CAPITAL PROJECTS","GOB 2011A CLEAN WATER CLEANUP","16V","CATCH BASIN INSERTS / OPENINGS PH IV","50KZAA","AD26190000003555","IMPROVEMENTS OTHER THAN BUILDINGS",,"1","2019-01 (JUL)","2019-01","7","JULY,2018","JULY","FMS",,,"50","GOB 2011A CLEAN WATER CLEANUP","VC0000029149","90248","CHECK","PAID","PRC501916V500006",,,"2018-06-11T00:00:00.000","1","1","SC50CO18129927MO","SC-ECOLOGY CONTROL INDUSTRIES, CO#129927,CATCH BASIN IV","INV#SW10112-IN,CATCH BASIN IV INSERTS, C#129927,16V/50KZAA,EW40065F","0",,"0","0","0","0",,"2017-12-11T00:00:00.000","1",,,,,"CITY",,,,"USD",,"VC0000029149-ECOLOGY CONTROL INDUSTRIES INC"
"5195305","2019","NON_DEPARTMENTAL","CAROLLO ENGINEERS APC","2018-07-13T00:00:00.000","17562.11",,"0003012385","GENERAL GOVERNMENT","GOVERNMENTAL","CAPITAL PROJECTS","GOB 2009 CLEAN WATER CLEANUP","16T","PROP O OPTIMIZATION","50MYAF","AD26190000003271","SUPPLIES & OTHER SERVICES",,"1","2019-01 (JUL)","2019-01","7","JULY,2018","JULY","FMS",,,"50","GOB 2009 CLEAN WATER CLEANUP","100024382","84130-0835","CHECK","PAID","PRC501916T500003",,,"2018-07-05T00:00:00.000","1","1","SC50MSACO16124324MC","TOS SN#39, PROP O OPTIMIZATION, WO#EW40PCON","INV#0168171,TOS SN-39 ,PROP.O OPTIMIZATION, FUND 16T","0",,"0","0","0","0",,"2017-07-01T00:00:00.000","1",,,,,"CITY",,,,"USD",,"100024382-CAROLLO ENGINEERS APC"
"5195052","2019","NON_DEPARTMENTAL","ECOLOGY CONTROL INDUSTRIES INC","2018-07-16T00:00:00.000","11200",,"0000361776","GENERAL GOVERNMENT","GOVERNMENTAL","CAPITAL PROJECTS","GOB 2011A CLEAN WATER CLEANUP","16V","CATCH BASIN INSERTS / OPENINGS PH IV","50KZAA","AD26190000003554","IMPROVEMENTS OTHER THAN BUILDINGS",,"1","2019-01 (JUL)","2019-01","7","JULY,2018","JULY","FMS",,,"50","GOB 2011A CLEAN WATER CLEANUP","VC0000029149","90248","CHECK","PAID","PRC501916V500005",,,"2018-05-23T00:00:00.000","1","1","SC50CO18129927MO","SC-ECOLOGY CONTROL INDUSTRIES, CO#129927,CATCH BASIN IV","INV#SW10111-1NCATCH BASIN IV INSERTS, C#129927,16V/50KZAA,EW40065F","0",,"0","0","0","0",,"2017-12-11T00:00:00.000","1",,,,,"CITY",,,,"USD",,"VC0000029149-ECOLOGY CONTROL INDUSTRIES INC"
"5194990","2019","NON_DEPARTMENTAL","CAROLLO ENGINEERS APC","2018-07-23T00:00:00.000","4821.8",,"0003012385","GENERAL GOVERNMENT","GOVERNMENTAL","CAPITAL PROJECTS","GOB 2009 CLEAN WATER CLEANUP","16T","PENMAR WATER QLTY PHASE II","50FZAA","AD26190000005757","SUPPLIES & OTHER SERVICES",,"1","2019-01 (JUL)","2019-01","7","JULY,2018","JULY","FMS",,,"50","GOB 2009 CLEAN WATER CLEANUP","100024382","84130-0835","CHECK","PAID","PRC501916T500010",,,"2018-07-11T00:00:00.000","1","1","SC50CO18129648M","NTP#3,TOS#12,PENMAR/TEMESCAL","INV#0168527,PENMAR,TOS#12, 16T/50FZAA,EW40028D","0",,"0","0","0","0",,"2018-05-22T00:00:00.000","1",,,,,"CITY",,,,"USD",,"100024382-CAROLLO ENGINEERS APC"
"5194989","2019","NON_DEPARTMENTAL","CAROLLO ENGINEERS APC","2018-07-18T00:00:00.000","4782.8",,"0003012385","GENERAL GOVERNMENT","GOVERNMENTAL","CAPITAL PROJECTS","GOB 2009 CLEAN WATER CLEANUP","16T","PENMAR WATER QLTY PHASE II","50FZAA","AD26190000004396","SUPPLIES & OTHER SERVICES",,"1","2019-01 (JUL)","2019-01","7","JULY,2018","JULY","FMS",,,"50","GOB 2009 CLEAN WATER CLEANUP","100024382","84130-0835","CHECK","PAID","PRC501916T500007",,,"2018-06-21T00:00:00.000","1","1","SC50CO18129648M","NTP#3,TOS#12,PENMAR/TEMESCAL","PENMAR,NTP#3, TOS#12, 16T/50FZAA,EW40028D,ENC $23,318.00","0",,"0","0","0","0",,"2018-05-22T00:00:00.000","1",,,,,"CITY",,,,"USD",,"100024382-CAROLLO ENGINEERS APC"
"5194985","2019","NON_DEPARTMENTAL","CAROLLO ENGINEERS APC","2018-07-23T00:00:00.000","3573.62",,"0003012385","GENERAL GOVERNMENT","GOVERNMENTAL","CAPITAL PROJECTS","GOB 2009 CLEAN WATER CLEANUP","16T","TEMESCAL CANYON PRK PHASE II","50FD17","AD26190000005757","SUPPLIES & OTHER SERVICES",,"1","2019-01 (JUL)","2019-01","7","JULY,2018","JULY","FMS",,,"50","GOB 2009 CLEAN WATER CLEANUP","100024382","84130-0835","CHECK","PAID","PRC501916T500010",,,"2018-07-11T00:00:00.000","1","2","SC50CO18129648M","NTP#3,TOS#12,PENMAR/TEMESCAL","INV#0168527,TEMESCAL,NTP#3, TOS#12, 16T/50FD17,EW40029D,","0",,"0","0","0","0",,"2018-05-22T00:00:00.000","1",,,,,"CITY",,,,"USD",,"100024382-CAROLLO ENGINEERS APC"
"5194986","2019","NON_DEPARTMENTAL","CAROLLO ENGINEERS APC","2018-07-18T00:00:00.000","340.73",,"0003012385","GENERAL GOVERNMENT","GOVERNMENTAL","CAPITAL PROJECTS","GOB 2009 CLEAN WATER CLEANUP","16T","TEMESCAL CANYON PRK PHASE II","50FD17","AD26190000004396","SUPPLIES & OTHER SERVICES",,"1","2019-01 (JUL)","2019-01","7","JULY,2018","JULY","FMS",,,"50","GOB 2009 CLEAN WATER CLEANUP","100024382","84130-0835","CHECK","PAID","PRC501916T500007",,,"2018-06-21T00:00:00.000","1","2","SC50CO18129648M","NTP#3,TOS#12,PENMAR/TEMESCAL","TEMESCAL,NTP#3, TOS#12, 16T/50FD17,EW40029D,ENC $4,672.00","0",,"0","0","0","0",,"2018-05-22T00:00:00.000","1",,,,,"CITY",,,,"USD",,"100024382-CAROLLO ENGINEERS APC"
"5155981","2018","NON_DEPARTMENTAL","SULLY MILLER CONTRACTING CO","2018-06-07T00:00:00.000","1324709.59",,"0000940327","GENERAL GOVERNMENT","GOVERNMENTAL","CAPITAL PROJECTS","GOB 2009 CLEAN WATER CLEANUP","16T","ALBION RIVERSIDE PARK IMPROVEMENTS","50KXAD","AD26180000101021","SUPPLIES & OTHER SERVICES",,"12","2018-12 (JUN)","2018-04","6","JUNE,2018","JUNE","FMS",,,"50","GOB 2009 CLEAN WATER CLEANUP","100011337","92821","CHECK","PAID","PRC501816T500147",,,"2018-05-07T00:00:00.000","1","1","SC50MSACO17129088KO","SC-SULLY-MILLER,C#129088

ENC $1,251,539.00","ALBION RIVERSIDE,PP#9, EMERGENCY CHG ORDER#007,EW40060F,BR DTD 5/252018","0",,"0","0","0","0",,"2018-06-06T00:00:00.000","1",,,,,"CITY",,,,"USD",,"100011337-SULLY MILLER CONTRACTING CO"
"5155980","2018","NON_DEPARTMENTAL","SULLY MILLER CONTRACTING CO","2018-06-07T00:00:00.000","569613.95",,"0000940327","GENERAL GOVERNMENT","GOVERNMENTAL","CAPITAL PROJECTS","GOB 2009 CLEAN WATER CLEANUP","16T","ALBION RIVERSIDE PARK IMPROVEMENTS","50KXAD","AD26180000101022","SUPPLIES & OTHER SERVICES",,"12","2018-12 (JUN)","2018-04","6","JUNE,2018","JUNE","FMS",,,"50","GOB 2009 CLEAN WATER CLEANUP","100011337","92821","CHECK","PAID","PRC501816T500148",,,"2018-05-29T00:00:00.000","1","1","SC50MSACO17129088KO","SC-SULLY-MILLER,C#129088

ENC $1,251,539.00","ALBION RIVERSIDE,PP#10, EMERGENCY CHG ORDER#007,EW40060F ,BR DTD 5/252018","0",,"0","0","0","0",,"2018-06-06T00:00:00.000","1",,,,,"CITY",,,,"USD",,"100011337-SULLY MILLER CONTRACTING CO"
"5156951","2018","NON_DEPARTMENTAL","ARCADIS U.S. INC","2018-06-13T00:00:00.000","93836.51",,"0000143256","GENERAL GOVERNMENT","GOVERNMENTAL","CAPITAL PROJECTS","GOB 2009 CLEAN WATER CLEANUP","16T","ALBION RIVERSIDE PARK IMPROVEMENTS","50KXAD","AD26180000103094","SUPPLIES & OTHER SERVICES",,"12","2018-12 (JUN)","2018-04","6","JUNE,2018","JUNE","FMS",,,"50","GOB 2009 CLEAN WATER CLEANUP","100035931","60693-0626","CHECK","PAID","PRC501816T500153",,,"2018-05-18T00:00:00.000","1","1","SC50CO18129644MO","SC-ARCADIS, C#129644,ARGO, NTP#7,ENC $1,266,328.00","INV#0908575,NTP#4,STO#9-04,","0",,"0","0","0","0",,"2018-06-20T00:00:00.000","10",,,,,"CITY",,,,"USD",,"100035931-ARCADIS U.S. INC"
"5152703","2018","NON_DEPARTMENTAL","ARCADIS U.S. INC","2018-06-11T00:00:00.000","26973.81",,"0000143256","GENERAL GOVERNMENT","GOVERNMENTAL","CAPITAL PROJECTS","GOB 2009 CLEAN WATER CLEANUP","16T","PENMAR WATER QLTY PHASE II","50FZAA","AD26180000101994","SUPPLIES & OTHER SERVICES",,"12","2018-12 (JUN)","2018-04","6","JUNE,2018","JUNE","FMS",,,"50","GOB 2009 CLEAN WATER CLEANUP","100035931","60693-0626","CHECK","PAID","PRC501816T500150",,,"2018-05-18T00:00:00.000","1","1","SC50CO18129644MO","SC-ARCADIS, C#129644,ARGO, NTP#7,ENC $1,266,328.00","INV#0908569,NTP#3,STO#09-03,PENMAR","0",,"0","0","0","0",,"2018-06-20T00:00:00.000","3",,,,,"CITY",,,,"USD",,"100035931-ARCADIS U.S. INC"
"5149547","2018","NON_DEPARTMENTAL","ARCADIS U.S. INC","2018-06-11T00:00:00.000","20512.41",,"0000143256","GENERAL GOVERNMENT","GOVERNMENTAL","CAPITAL PROJECTS","GOB 2009 CLEAN WATER CLEANUP","16T","MACHADO LAKE ECOSYSTEM REHAB","50FC19","AD26180000101993","SUPPLIES & OTHER SERVICES",,"12","2018-12 (JUN)","2018-04","6","JUNE,2018","JUNE","FMS",,,"50","GOB 2009 CLEAN WATER CLEANUP","100035931","60693-0626","CHECK","PAID","PRC501816T500149",,,"2018-05-17T00:00:00.000","1","1","SC50CO18129644MO","SC-ARCADIS, C#129644,ARGO, NTP#7,ENC $1,266,328.00","NTP#1, STO#09-01, MACHADO LAKE ECOSYSTEM REHABILITATION,16T/50FC19","0",,"0","0","0","0",,"2018-06-20T00:00:00.000","1",,,,,"CITY",,,,"USD",,"100035931-ARCADIS U.S. INC"
"5156864","2018","NON_DEPARTMENTAL","GREEN BUILDING CORPORATION","2018-06-12T00:00:00.000","19186.2",,"0002605248","GENERAL GOVERNMENT","GOVERNMENTAL","CAPITAL PROJECTS","GOB 2009 CLEAN WATER CLEANUP","16T","TEMESCAL CANYON PRK PHASE II","50FD17","AD26180000102411","SUPPLIES & OTHER SERVICES",,"12","2018-12 (JUN)","2018-04","6","JUNE,2018","JUNE","FMS",,,"50","GOB 2009 CLEAN WATER CLEANUP","VC0000014690","91406","CHECK","PAID","PRC501816T500151",,,"2018-06-05T00:00:00.000","1","1","SC50MSACO17127470KO","SC-GREEN BUILDING CORPORATION, CO#127470,TEMESCAL","PP#20,TEMESCAL CANYON PARK, 16T/50FD17  WO#EW400029F","0",,"0","0","0","0",,"2018-04-11T00:00:00.000","1",,,,,"CITY",,,,"USD",,"VC0000014690-GREEN BUILDING CORPORATION"
"5143668","2018","NON_DEPARTMENTAL","ARCADIS U.S. INC","2018-06-12T00:00:00.000","13782.18",,"0000143256","GENERAL GOVERNMENT","GOVERNMENTAL","CAPITAL PROJECTS","GOB 2009 CLEAN WATER CLEANUP","16T","MACHADO LAKE ECOSYSTEM REHAB","50FC19","AD26180000102461","SUPPLIES & OTHER SERVICES",,"12","2018-12 (JUN)","2018-04","6","JUNE,2018","JUNE","FMS",,,"50","GOB 2009 CLEAN WATER CLEANUP","100035931","60693-0626","CHECK","PAID","PRC501816T500152",,,"2018-01-12T00:00:00.000","1","1","SC50CO18129644MO","SC-ARCADIS, C#129644,ARGO, NTP#7,ENC $1,266,328.00","INV#0886955,NTP#2, STO#09--02, MACHADO LAKE ECOSYSTEM REHABILITATION,16T/50FC19","0",,"0","0","0","0",,"2018-06-20T00:00:00.000","2",,,,,"CITY",,,,"USD",,"100035931-ARCADIS U.S. INC"
"5143667","2018","NON_DEPARTMENTAL","ARCADIS U.S. INC","2018-06-18T00:00:00.000","8021.42",,"0000143256","GENERAL GOVERNMENT","GOVERNMENTAL","CAPITAL PROJECTS","GOB 2009 CLEAN WATER CLEANUP","16T","MACHADO LAKE ECOSYSTEM REHAB","50FC19","AD26180000104510","SUPPLIES & OTHER SERVICES",,"12","2018-12 (JUN)","2018-04","6","JUNE,2018","JUNE","FMS",,,"50","GOB 2009 CLEAN WATER CLEANUP","100035931","60693-0626","CHECK","PAID","PRC501816T500158",,,"2018-05-18T00:00:00.000","1","1","SC50CO18129644MO","SC-ARCADIS, C#129644,ARGO, NTP#7,ENC $1,266,328.00","INV.#0908563,NTP#2, STO#09--02, MACHADO LAKE ECOSYSTEM REHABILITATION,16T/50FC19","0",,"0","0","0","0",,"2018-06-20T00:00:00.000","2",,,,,"CITY",,,,"USD",,"100035931-ARCADIS U.S. INC"
"5158558","2018","NON_DEPARTMENTAL","TETRA TECH INC","2018-06-13T00:00:00.000","8017.78",,"0000697684","GENERAL GOVERNMENT","GOVERNMENTAL","CAPITAL PROJECTS","GOB 2009 CLEAN WATER CLEANUP","16T","ALBION RIVERSIDE PARK IMPROVEMENTS","50KXAD","AD26180000103075","SUPPLIES & OTHER SERVICES",,"12","2018-12 (JUN)","2018-04","6","JUNE,2018","JUNE","FMS",,,"50","GOB 2009 CLEAN WATER CLEANUP","100001158","80291-1677","CHECK","PAID","PRC501816T500154",,,"2018-05-30T00:00:00.000","1","1","SC50CO18129660M","SC-TETRA TECH, CO#129660

TOS#8,NTP#5,ALBION","INV#51314969,ALBION RIVERSIDE, C#129660 TOS#8,NTP#5,EW40060F","0",,"0","0","0","0",,"2018-05-14T00:00:00.000","4",,,,,"CITY",,,,"USD",,"100001158-TETRA TECH INC"
"5157100","2018","NON_DEPARTMENTAL","GREEN BUILDING CORPORATION","2018-06-18T00:00:00.000","7799.03",,"0002605248","GENERAL GOVERNMENT","GOVERNMENTAL","CAPITAL PROJECTS","GOB 2009 CLEAN WATER CLEANUP","16T","PENMAR WATER QLTY PHASE II","50FZAA","AD26180000104516","SUPPLIES & OTHER SERVICES",,"12","2018-12 (JUN)","2018-04","6","JUNE,2018","JUNE","FMS",,,"50","GOB 2009 CLEAN WATER CLEANUP","VC0000014690","91406","CHECK","PAID","PRC501816T500157",,,"2018-06-05T00:00:00.000","1","1","SC50MSACO17127429KO","SC-GREEN BUILDING CORPORATION, CO#127429-PENMAR","PP#20, PENMAR WATER QUALITY PH 11,  WO#EW400028F,CHANGE ORDERS#018&19=$4,374.00","0",,"0","0","0","0",,"2018-06-18T00:00:00.000","1",,,,,"CITY",,,,"USD",,"VC0000014690-GREEN BUILDING CORPORATION"
"5157423","2018","NON_DEPARTMENTAL","AECOM TECHNICAL SERVICES INC","2018-06-14T00:00:00.000","442.18",,"0000050695","GENERAL GOVERNMENT","GOVERNMENTAL","CAPITAL PROJECTS","GOB 2009 CLEAN WATER CLEANUP","16T","ARGO DRAIN SUB BASIN FACILITY.1","50LWAF","AD26180000103497","SUPPLIES & OTHER SERVICES",,"12","2018-12 (JUN)","2018-04","6","JUNE,2018","JUNE","FMS",,,"50","GOB 2009 CLEAN WATER CLEANUP","100032542","60674","CHECK","PAID","PRC501816T500155",,,"2018-06-01T00:00:00.000","1","1","SC50CO18129645MO","SC-AECOM,CO#129645, 16T/50LWAF/EW40067F","INV#2000056877,ARGO/ 16T/50LWAF,NTP#1,C#129645, TOS#10,EW40067F","0",,"0","0","0","0",,"2018-03-06T00:00:00.000","1",,,,,"CITY",,,,"USD",,"100032542-AECOM TECHNICAL SERVICES INC"
"5049782","2018","NON_DEPARTMENTAL","ARCADIS U.S. INC","2018-05-15T00:00:00.000","181480.04",,"0000143256","GENERAL GOVERNMENT","GOVERNMENTAL","CAPITAL PROJECTS","GOB 2009 CLEAN WATER CLEANUP","16T","ALBION RIVERSIDE PARK IMPROVEMENTS","50KXAD","AD26180000091956","SUPPLIES & OTHER SERVICES",,"11","2018-11 (MAY)","2018-04","5","MAY,2018","MAY","FMS",,,"50","GOB 2009 CLEAN WATER CLEANUP","100035931","60693-0626","CHECK","PAID","PRC501816T500135",,,"2018-04-26T00:00:00.000","1","1","SC50CO18129644MO","SC-ARCADIS, C#129644 ALBION

DIS-ENC $159,682.19, 16T/50KXAD","INV#0903344,NTP#4,STO#9-04,ALBION","0",,"0","0","0","0",,"2018-06-05T00:00:00.000","10",,,,,"CITY",,,,"USD",,"100035931-ARCADIS U.S. INC"
"5035530","2018","NON_DEPARTMENTAL","ARCADIS U.S. INC","2018-05-08T00:00:00.000","148327.62",,"0000143256","GENERAL GOVERNMENT","GOVERNMENTAL","CAPITAL PROJECTS","GOB 2009 CLEAN WATER CLEANUP","16T","MACHADO LAKE ECOSYSTEM REHAB","50FC19","AD26180000089945","SUPPLIES & OTHER SERVICES",,"11","2018-11 (MAY)","2018-04","5","MAY,2018","MAY","FMS",,,"50","GOB 2009 CLEAN WATER CLEANUP","100035931","60693-0626","CHECK","PAID","PRC501816T500129",,,"2018-04-23T00:00:00.000","1","1","SC50CO18129644MO","SC-ARCADIS, C#129644 ALBION

DIS-ENC $159,682.19, 16T/50KXAD","INV#0903341,NTP#2, STO#09--02, MACHADO LAKE ECOSYSTEM REHABILITATION,16T/50FC19","0",,"0","0","0","0",,"2018-06-05T00:00:00.000","2",,,,,"CITY",,,,"USD",,"100035931-ARCADIS U.S. INC"
"5051067","2018","NON_DEPARTMENTAL","ARCADIS U.S. INC","2018-05-03T00:00:00.000","53388.5",,"0000143256","GENERAL GOVERNMENT","GOVERNMENTAL","CAPITAL PROJECTS","GOB 2009 CLEAN WATER CLEANUP","16T","MACHADO LAKE-PHASE I","50FC18","AD26180000088457","SUPPLIES & OTHER SERVICES",,"11","2018-11 (MAY)","2018-04","5","MAY,2018","MAY","FMS",,,"50","GOB 2009 CLEAN WATER CLEANUP","100035931","60693-0626","CHECK","PAID","PRC501816T500130",,,"2018-04-23T00:00:00.000","1","1","SC50CO18129644MO","SC-ARCADIS, C#129644 ALBION

DIS-ENC $159,682.19, 16T/50KXAD","INV#0903346 NTP#5,STO#09-5,MACHADO(WILMINGTON)","0",,"0","0","0","0",,"2018-06-05T00:00:00.000","9",,,,,"CITY",,,,"USD",,"100035931-ARCADIS U.S. INC"
"5046066","2018","NON_DEPARTMENTAL","ARCADIS U.S. INC","2018-05-08T00:00:00.000","48909.44",,"0000143256","GENERAL GOVERNMENT","GOVERNMENTAL","CAPITAL PROJECTS","GOB 2009 CLEAN WATER CLEANUP","16T","PENMAR WATER QLTY PHASE II","50FZAA","AD26180000089986","SUPPLIES & OTHER SERVICES",,"11","2018-11 (MAY)","2018-04","5","MAY,2018","MAY","FMS",,,"50","GOB 2009 CLEAN WATER CLEANUP","100035931","60693-0626","CHECK","PAID","PRC501816T500134",,,"2018-04-23T00:00:00.000","1","1","SC50CO18129644MO","SC-ARCADIS, C#129644 ALBION

DIS-ENC $159,682.19, 16T/50KXAD","INV#0903343,NTP#3,STO#09-03,PENMAR","0",,"0","0","0","0",,"2018-06-05T00:00:00.000","3",,,,,"CITY",,,,"USD",,"100035931-ARCADIS U.S. INC"
"5035693","2018","NON_DEPARTMENTAL","ECOLOGY CONTROL INDUSTRIES INC","2018-05-31T00:00:00.000","42376.67",,"0000361776","GENERAL GOVERNMENT","GOVERNMENTAL","CAPITAL PROJECTS","GOB 2011A CLEAN WATER CLEANUP","16V","CATCH BASIN INSERTS / OPENINGS PH IV","50KZAA","AD26180000098735","IMPROVEMENTS OTHER THAN BUILDINGS",,"11","2018-11 (MAY)","2018-04","5","MAY,2018","MAY","FMS",,,"50","GOB 2011A CLEAN WATER CLEANUP","VC0000029149","90248","CHECK","PAID","PRC501816V500122",,,"2018-03-12T00:00:00.000","1","1","SC50CO18129927MO","SC-ECOLOGY CONTROL INDUSTRIES, CO#129927,CATCH BASIN IV","CATCH BASIN IV INSERTS, C#129927,INV#SW10104-IN,16V/50KZAA,EW40065F","0",,"0","0","0","0",,"2017-12-11T00:00:00.000","1",,,,,"CITY",,,,"USD",,"VC0000029149-ECOLOGY CONTROL INDUSTRIES INC"
"5037908","2018","NON_DEPARTMENTAL","ARCADIS U.S. INC","2018-05-08T00:00:00.000","33120.37",,"0000143256","GENERAL GOVERNMENT","GOVERNMENTAL","CAPITAL PROJECTS","GOB 2009 CLEAN WATER CLEANUP","16T","TEMESCAL CANYON PRK PHASE II","50FD17","AD26180000089986","SUPPLIES & OTHER SERVICES",,"11","2018-11 (MAY)","2018-04","5","MAY,2018","MAY","FMS",,,"50","GOB 2009 CLEAN WATER CLEANUP","100035931","60693-0626","CHECK","PAID","PRC501816T500134",,,"2018-04-23T00:00:00.000","1","2","SC50CO18129644MO","SC-ARCADIS, C#129644 ALBION

DIS-ENC $159,682.19, 16T/50KXAD","INV# 0903343,NTP#3,STO#09-03, TEMESCAL","0",,"0","0","0","0",,"2018-06-05T00:00:00.000","4",,,,,"CITY",,,,"USD",,"100035931-ARCADIS U.S. INC"
"5051058","2018","NON_DEPARTMENTAL","TETRA TECH INC","2018-05-23T00:00:00.000","30337.81",,"0000697684","GENERAL GOVERNMENT","GOVERNMENTAL","CAPITAL PROJECTS","GOB 2009 CLEAN WATER CLEANUP","16T","ALBION RIVERSIDE PARK IMPROVEMENTS","50KXAD","AD26180000094752","SUPPLIES & OTHER SERVICES",,"11","2018-11 (MAY)","2018-04","5","MAY,2018","MAY","FMS",,,"50","GOB 2009 CLEAN WATER CLEANUP","100001158","80291-1677","CHECK","PAID","PRC501816T500138",,,"2018-04-27T00:00:00.000","1","1","SC50CO18129660M","SC-TETRA TECH, CO#129660

TOS#8,NTP#5,ALBION","ALBION RIVERSIDE,C#129660TOS#8,NTP#5,EW40060F-INV#51306307PROP.O PORTION","0",,"0","0","0","0",,"2018-05-14T00:00:00.000","4",,,,,"CITY",,,,"USD",,"100001158-TETRA TECH INC"
"5037909","2018","NON_DEPARTMENTAL","ARCADIS U.S. INC","2018-05-31T00:00:00.000","21670.5",,"0000143256","GENERAL GOVERNMENT","GOVERNMENTAL","CAPITAL PROJECTS","GOB 2009 CLEAN WATER CLEANUP","16T","TEMESCAL CANYON PRK PHASE II","50FD17","AD26180000098720","SUPPLIES & OTHER SERVICES",,"11","2018-11 (MAY)","2018-04","5","MAY,2018","MAY","FMS",,,"50","GOB 2009 CLEAN WATER CLEANUP","100035931","60693-0626","CHECK","PAID","PRC501816T500146",,,"2018-01-12T00:00:00.000","1","2","SC50CO18129644MO","SC-ARCADIS, C#129644 ALBION

DIS-ENC $159,682.19, 16T/50KXAD","NTP#3,STO#09-03, TEMESCAL","0",,"0","0","0","0",,"2018-06-05T00:00:00.000","4",,,,,"CITY",,,,"USD",,"100035931-ARCADIS U.S. INC"
"5046067","2018","NON_DEPARTMENTAL","ARCADIS U.S. INC","2018-05-31T00:00:00.000","21415.46",,"0000143256","GENERAL GOVERNMENT","GOVERNMENTAL","CAPITAL PROJECTS","GOB 2009 CLEAN WATER CLEANUP","16T","PENMAR WATER QLTY PHASE II","50FZAA","AD26180000098720","SUPPLIES & OTHER SERVICES",,"11","2018-11 (MAY)","2018-04","5","MAY,2018","MAY","FMS",,,"50","GOB 2009 CLEAN WATER CLEANUP","100035931","60693-0626","CHECK","PAID","PRC501816T500146",,,"2018-01-12T00:00:00.000","1","1","SC50CO18129644MO","SC-ARCADIS, C#129644 ALBION

DIS-ENC $159,682.19, 16T/50KXAD","INV#0886970,NTP#3,STO#09-03,PENMAR","0",,"0","0","0","0",,"2018-06-05T00:00:00.000","3",,,,,"CITY",,,,"USD",,"100035931-ARCADIS U.S. INC"
"5035694","2018","NON_DEPARTMENTAL","ECOLOGY CONTROL INDUSTRIES INC","2018-05-31T00:00:00.000","14700",,"0000361776","GENERAL GOVERNMENT","GOVERNMENTAL","CAPITAL PROJECTS","GOB 2011A CLEAN WATER CLEANUP","16V","CATCH BASIN INSERTS / OPENINGS PH IV","50KZAA","AD26180000098737","IMPROVEMENTS OTHER THAN BUILDINGS",,"11","2018-11 (MAY)","2018-04","5","MAY,2018","MAY","FMS",,,"50","GOB 2011A CLEAN WATER CLEANUP","VC0000029149","90248","CHECK","PAID","PRC501816V500144",,,"2018-05-16T00:00:00.000","1","1","SC50CO18129927MO","SC-ECOLOGY CONTROL INDUSTRIES, CO#129927,CATCH BASIN IV","CATCH BASIN IV INSERTS, C#129927,16V/50KZAA,EW40065F,INV#SW10110-IN","0",,"0","0","0","0",,"2017-12-11T00:00:00.000","1",,,,,"CITY",,,,"USD",,"VC0000029149-ECOLOGY CONTROL INDUSTRIES INC"
"5038618","2018","NON_DEPARTMENTAL","CAROLLO ENGINEERS APC","2018-05-18T00:00:00.000","13812.19",,"0003012385","GENERAL GOVERNMENT","GOVERNMENTAL","CAPITAL PROJECTS","GOB 2009 CLEAN WATER CLEANUP","16T","PROP O OPTIMIZATION","50MYAF","AD26180000093412","SUPPLIES & OTHER SERVICES",,"11","2018-11 (MAY)","2018-04","5","MAY,2018","MAY","FMS",,,"50","GOB 2009 CLEAN WATER CLEANUP","100024382","84130-0835","CHECK","PAID","PRC501816T500137",,,"2018-05-10T00:00:00.000","1","1","SC50MSACO16124324MC","TOS SN#39, PROP O OPTIMIZATION, WO#EW40PCON","INV#0166892/ITOS SN-39 ,PROP.O OPTIMIZATION, FUND 16T","0",,"0","0","0","0",,"2017-07-01T00:00:00.000","1",,,,,"CITY",,,,"USD",,"100024382-CAROLLO ENGINEERS APC"
"5046725","2018","NON_DEPARTMENTAL","ARCADIS U.S. INC","2018-05-24T00:00:00.000","10120.16",,"0000143256","GENERAL GOVERNMENT","GOVERNMENTAL","CAPITAL PROJECTS","GOB 2009 CLEAN WATER CLEANUP","16T","MACHADO LAKE-PHASE I","50FC18","AD26180000097039","SUPPLIES & OTHER SERVICES",,"11","2018-11 (MAY)","2018-04","5","MAY,2018","MAY","FMS",,,"50","GOB 2009 CLEAN WATER CLEANUP","100035931","60693-0626","CHECK","PAID","PRC501816T500142",,,"2018-01-18T00:00:00.000","1","1","SC50CO18129644MO","SC-ARCADIS, C#129644 ALBION

DIS-ENC $159,682.19, 16T/50KXAD","INV#0886996,NTP#5,STO#09-5,MACHADO(WILMINGTON)","0",,"0","0","0","0",,"2018-06-05T00:00:00.000","7",,,,,"CITY",,,,"USD",,"100035931-ARCADIS U.S. INC"
"5049863","2018","NON_DEPARTMENTAL","GREEN BUILDING CORPORATION","2018-05-03T00:00:00.000","8740",,"0002605248","GENERAL GOVERNMENT","GOVERNMENTAL","CAPITAL PROJECTS","GOB 2009 CLEAN WATER CLEANUP","16T","PENMAR WATER QLTY PHASE II","50FZAA","AD26180000088458","SUPPLIES & OTHER SERVICES",,"11","2018-11 (MAY)","2018-04","5","MAY,2018","MAY","FMS",,,"50","GOB 2009 CLEAN WATER CLEANUP","VC0000014690","91406","CHECK","PAID","PRC501816T500131",,,"2018-05-02T00:00:00.000","1","1","SC50MSACO17127429KO","SC-GREEN BUILDING CORPORATION, CO#127429","PP#19,PENMAR WATER QUALITY PH 11,  WO#EW400028F","0",,"0","0","0","0",,"2018-03-08T00:00:00.000","1",,,,,"CITY",,,,"USD",,"VC0000014690-GREEN BUILDING CORPORATION"
"5050540","2018","NON_DEPARTMENTAL","CAROLLO ENGINEERS APC","2018-05-22T00:00:00.000","6446.67",,"0003012385","GENERAL GOVERNMENT","GOVERNMENTAL","CAPITAL PROJECTS","GOB 2009 CLEAN WATER CLEANUP","16T","PENMAR WATER QLTY PHASE II","50FZAA","AD26180000094275","SUPPLIES & OTHER SERVICES",,"11","2018-11 (MAY)","2018-04","5","MAY,2018","MAY","FMS",,,"50","GOB 2009 CLEAN WATER CLEANUP","100024382","84130-0835","CHECK","PAID","PRC501816T500139",,,"2018-05-10T00:00:00.000","1","1","SC50CO18129648M","NTP#3,TOS#12,PENMAR/TEMESCAL","PENMAR,NTP#3, TOS#12, 16T/50FZAA,EW40028D,INV#0166967","0",,"0","0","0","0",,"2018-05-22T00:00:00.000","1",,,,,"CITY",,,,"USD",,"100024382-CAROLLO ENGINEERS APC"
"5050541","2018","NON_DEPARTMENTAL","CAROLLO ENGINEERS APC","2018-05-07T00:00:00.000","5131.09",,"0003012385","GENERAL GOVERNMENT","GOVERNMENTAL","CAPITAL PROJECTS","GOB 2009 CLEAN WATER CLEANUP","16T","PENMAR WATER QLTY PHASE II","50FZAA","AD26180000089368","SUPPLIES & OTHER SERVICES",,"11","2018-11 (MAY)","2018-04","5","MAY,2018","MAY","FMS",,,"50","GOB 2009 CLEAN WATER CLEANUP","100024382","84130-0835","CHECK","PAID","PRC501816T500133",,,"2018-04-19T00:00:00.000","1","1","SC50CO18129648M","NTP#3,TOS#12,PENMAR/TEMESCAL","PENMAR,INV#0166546,NTP#2,TOS#12,16T/50FZAA,EW40028D","0",,"0","0","0","0",,"2018-05-22T00:00:00.000","1",,,,,"CITY",,,,"USD",,"100024382-CAROLLO ENGINEERS APC"
"5046724","2018","NON_DEPARTMENTAL","ARCADIS U.S. INC","2018-05-23T00:00:00.000","3963.77",,"0000143256","GENERAL GOVERNMENT","GOVERNMENTAL","CAPITAL PROJECTS","GOB 2009 CLEAN WATER CLEANUP","16T","MACHADO LAKE-PHASE I","50FC18","AD26180000094782","SUPPLIES & OTHER SERVICES",,"11","2018-11 (MAY)","2018-04","5","MAY,2018","MAY","FMS",,,"50","GOB 2009 CLEAN WATER CLEANUP","100035931","60693-0626","CHECK","PAID","PRC501816T500140",,,"2018-05-18T00:00:00.000","1","1","SC50CO18129644MO","SC-ARCADIS, C#129644 ALBION

DIS-ENC $159,682.19, 16T/50KXAD","INV#0908581NTP#5,STO#09-5,MACHADO(WILMINGTON)","0",,"0","0","0","0",,"2018-06-05T00:00:00.000","7",,,,,"CITY",,,,"USD",,"100035931-ARCADIS U.S. INC"
"5040411","2018","NON_DEPARTMENTAL","ARCADIS U.S. INC","2018-05-24T00:00:00.000","3111.07",,"0000143256","GENERAL GOVERNMENT","GOVERNMENTAL","CAPITAL PROJECTS","GOB 2009 CLEAN WATER CLEANUP","16T","MACHADO LAKE ECOSYSTEM REHAB","50FC19","AD26180000097038","SUPPLIES & OTHER SERVICES",,"11","2018-11 (MAY)","2018-04","5","MAY,2018","MAY","FMS",,,"50","GOB 2009 CLEAN WATER CLEANUP","100035931","60693-0626","CHECK","PAID","PRC501816T500141",,,"2018-01-12T00:00:00.000","1","1","SC50CO18129644MO","SC-ARCADIS, C#129644 ALBION

DIS-ENC $159,682.19, 16T/50KXAD","INV#0886949,NTP#1, STO#09-01, MACHADO LAKE ECOSYSTEM REHABILITATION,16T/50FC19","0",,"0","0","0","0",,"2018-06-05T00:00:00.000","1",,,,,"CITY",,,,"USD",,"100035931-ARCADIS U.S. INC"
"5035691","2018","NON_DEPARTMENTAL","ECOLOGY CONTROL INDUSTRIES INC","2018-05-31T00:00:00.000","3100.02",,"0000361776","GENERAL GOVERNMENT","GOVERNMENTAL","CAPITAL PROJECTS","GOB 2011A CLEAN WATER CLEANUP","16V","CATCH BASIN INSERTS / OPENINGS PH IV","50KZAA","AD26180000098738","IMPROVEMENTS OTHER THAN BUILDINGS",,"11","2018-11 (MAY)","2018-04","5","MAY,2018","MAY","FMS",,,"50","GOB 2011A CLEAN WATER CLEANUP","VC0000029149","90248","CHECK","PAID","PRC501816V500145",,,"2018-05-16T00:00:00.000","1","1","SC50CO18129927MO","SC-ECOLOGY CONTROL INDUSTRIES, CO#129927,CATCH BASIN IV","CATCH BASIN IV INSERTS, C#129927,16V/50KZAA,EW40065F,INV#SW10109-IN","0",,"0","0","0","0",,"2017-12-11T00:00:00.000","1",,,,,"CITY",,,,"USD",,"VC0000029149-ECOLOGY CONTROL INDUSTRIES INC"
"5049713","2018","NON_DEPARTMENTAL","GREEN BUILDING CORPORATION","2018-05-03T00:00:00.000","2661.52",,"0002605248","GENERAL GOVERNMENT","GOVERNMENTAL","CAPITAL PROJECTS","GOB 2009 CLEAN WATER CLEANUP","16T","TEMESCAL CANYON PRK PHASE II","50FD17","AD26180000088459","SUPPLIES & OTHER SERVICES",,"11","2018-11 (MAY)","2018-04","5","MAY,2018","MAY","FMS",,,"50","GOB 2009 CLEAN WATER CLEANUP","VC0000014690","91406","CHECK","PAID","PRC501816T500132",,,"2018-05-02T00:00:00.000","1","1","SC50MSACO17127470KO","SC-GREEN BUILDING CORPORATION, CO#127470,TEMESCAL","TEMESCAL CANYON PARK, CH ORDER#20=$10,687.0016T/50FD17  WO#EW400029F","0",,"0","0","0","0",,"2018-04-11T00:00:00.000","1",,,,,"CITY",,,,"USD",,"VC0000014690-GREEN BUILDING CORPORATION"
"5050100","2018","NON_DEPARTMENTAL","AECOM TECHNICAL SERVICES INC","2018-05-14T00:00:00.000","2617.54",,"0000050695","GENERAL GOVERNMENT","GOVERNMENTAL","CAPITAL PROJECTS","GOB 2009 CLEAN WATER CLEANUP","16T","ARGO DRAIN SUB BASIN FACILITY.1","50LWAF","AD26180000091507","SUPPLIES & OTHER SERVICES",,"11","2018-11 (MAY)","2018-04","5","MAY,2018","MAY","FMS",,,"50","GOB 2009 CLEAN WATER CLEANUP","100032542","60674","CHECK","PAID","PRC501816T500136",,,"2018-04-28T00:00:00.000","1","1","SC50CO18129645MO","SC-AECOM,CO#129645, 16T/50LWAF/EW40067F","ARGO/ 16T/50LWAF,NTP#1,C#129645, TOS#10,EW40067F","0",,"0","0","0","0",,"2018-03-06T00:00:00.000","1",,,,,"CITY",,,,"USD",,"100032542-AECOM TECHNICAL SERVICES INC"
"5050542","2018","NON_DEPARTMENTAL","CAROLLO ENGINEERS APC","2018-05-22T00:00:00.000","1580.18",,"0003012385","GENERAL GOVERNMENT","GOVERNMENTAL","CAPITAL PROJECTS","GOB 2009 CLEAN WATER CLEANUP","16T","TEMESCAL CANYON PRK PHASE II","50FD17","AD26180000094275","SUPPLIES & OTHER SERVICES",,"11","2018-11 (MAY)","2018-04","5","MAY,2018","MAY","FMS",,,"50","GOB 2009 CLEAN WATER CLEANUP","100024382","84130-0835","CHECK","PAID","PRC501816T500139",,,"2018-05-10T00:00:00.000","1","2","SC50CO18129648M","NTP#3,TOS#12,PENMAR/TEMESCAL","TEMESCAL,NTP#3, TOS#12, 16T/50FD17,EW40029D,ENC $4,672.00","0",,"0","0","0","0",,"2018-05-22T00:00:00.000","1",,,,,"CITY",,,,"USD",,"100024382-CAROLLO ENGINEERS APC"
"5035692","2018","NON_DEPARTMENTAL","ECOLOGY CONTROL INDUSTRIES INC","2018-05-31T00:00:00.000","1100",,"0000361776","GENERAL GOVERNMENT","GOVERNMENTAL","CAPITAL PROJECTS","GOB 2011A CLEAN WATER CLEANUP","16V","CATCH BASIN INSERTS / OPENINGS PH IV","50KZAA","AD26180000098736","IMPROVEMENTS OTHER THAN BUILDINGS",,"11","2018-11 (MAY)","2018-04","5","MAY,2018","MAY","FMS",,,"50","GOB 2011A CLEAN WATER CLEANUP","VC0000029149","90248","CHECK","PAID","PRC501816V500143",,,"2018-04-03T00:00:00.000","1","1","SC50CO18129927MO","SC-ECOLOGY CONTROL INDUSTRIES, CO#129927,CATCH BASIN IV","CATCH BASIN IV INSERTS, C#129927,16V/50KZAA,EW40065F","0",,"0","0","0","0",,"2017-12-11T00:00:00.000","1",,,,,"CITY",,,,"USD",,"VC0000029149-ECOLOGY CONTROL INDUSTRIES INC"
"4971848","2018","NON_DEPARTMENTAL","SULLY MILLER CONTRACTING CO","2018-04-17T00:00:00.000","919424.48",,"0000940327","GENERAL GOVERNMENT","GOVERNMENTAL","CAPITAL PROJECTS","GOB 2009 CLEAN WATER CLEANUP","16T","ALBION RIVERSIDE PARK IMPROVEMENTS","50KXAD","AD26180000083638","SUPPLIES & OTHER SERVICES",,"10","2018-10 (APR)","2018-04","4","APRIL,2018","APRIL","FMS",,,"50","GOB 2009 CLEAN WATER CLEANUP","100011337","92821","CHECK","PAID","PRC501816T500121",,,"2018-04-05T00:00:00.000","1","1","SC50MSACO17129088KO","SC-SULLY-MILLER,

 C#1209088  ALBION -PROP.O","ALBION RIVERSIDE, EMERGENCY CHG ORDER#001=$2,661,291.00EW40060F,BR DTD","0",,"0","0","0","0",,"2017-12-18T00:00:00.000","1",,,,,"CITY",,,,"USD",,"100011337-SULLY MILLER CONTRACTING CO"
"4971832","2018","NON_DEPARTMENTAL","GREEN BUILDING CORPORATION","2018-04-17T00:00:00.000","67827.47",,"0002605248","GENERAL GOVERNMENT","GOVERNMENTAL","CAPITAL PROJECTS","GOB 2009 CLEAN WATER CLEANUP","16T","TEMESCAL CANYON PRK PHASE II","50FD17","AD26180000083853","SUPPLIES & OTHER SERVICES",,"10","2018-10 (APR)","2018-04","4","APRIL,2018","APRIL","FMS",,,"50","GOB 2009 CLEAN WATER CLEANUP","VC0000014690","91406","CHECK","PAID","PRC501816T500123",,,"2018-03-16T00:00:00.000","1","1","SC50MSACO17127470KO","SC-GREEN BUILDING CORPORATION, CO#127470,TEMESCAL","TEMESCAL CANYON PARK, PP#18=$67,827.47 WO#EW400029F","0",,"0","0","0","0",,"2018-04-11T00:00:00.000","1",,,,,"CITY",,,,"USD",,"VC0000014690-GREEN BUILDING CORPORATION"
"4964119","2018","NON_DEPARTMENTAL","THE TRUST FOR PUBLIC LAND","2018-04-24T00:00:00.000","64873.12",,"0002461342","GENERAL GOVERNMENT","GOVERNMENTAL","CAPITAL PROJECTS","GOB 2011A CLEAN WATER CLEANUP","16V","AVALON GREEN ALLEY SOUTH","50KXAB","AD26180000085900","SUPPLIES & OTHER SERVICES",,"10","2018-10 (APR)","2018-04","4","APRIL,2018","APRIL","FMS",,,"50","GOB 2011A CLEAN WATER CLEANUP","100038842","94104","CHECK","PAID","PRC501816V500128",,,"2017-09-01T00:00:00.000","1","1","SC50MSACO16124362M","AVALON GREEN ALLEY,  TRUST FOR PUBLIC LAND-ENC=$999.00","AVALON GREEN ALLEY SOUTH, CF13-0736-S2=ENCUMBER $999.00","0",,"0","0","0","0",,"2018-04-23T00:00:00.000","1",,,,,"CITY",,,,"USD",,"100038842-THE TRUST FOR PUBLIC LAND"
"4965997","2018","NON_DEPARTMENTAL","CAROLLO ENGINEERS APC","2018-04-19T00:00:00.000","7184.85",,"0003012385","GENERAL GOVERNMENT","GOVERNMENTAL","CAPITAL PROJECTS","GOB 2009 CLEAN WATER CLEANUP","16T","PROP O OPTIMIZATION","50MYAF","AD26180000084602","SUPPLIES & OTHER SERVICES",,"10","2018-10 (APR)","2018-04","4","APRIL,2018","APRIL","FMS",,,"50","GOB 2009 CLEAN WATER CLEANUP","100024382","84130-0835","CHECK","PAID","PRC501816T500125",,,"2018-03-20T00:00:00.000","1","1","SC50MSACO16124324MC","TOS SN#39, PROP O OPTIMIZATION, WO#EW40PCON","TOS SN-39 ,PROP.O OPTIMIZATION, FUND 16T,/50MYAF,INV#0165681=$7,184.85","0",,"0","0","0","0",,"2017-07-01T00:00:00.000","1",,,,,"CITY",,,,"USD",,"100024382-CAROLLO ENGINEERS APC"
"4963846","2018","NON_DEPARTMENTAL","CAROLLO ENGINEERS APC","2018-04-02T00:00:00.000","6512.01",,"0003012385","GENERAL GOVERNMENT","GOVERNMENTAL","CAPITAL PROJECTS","GOB 2009 CLEAN WATER CLEANUP","16T","TEMESCAL CANYON PRK PHASE II","50FD17","AD26180000079000","SUPPLIES & OTHER SERVICES",,"10","2018-10 (APR)","2018-04","4","APRIL,2018","APRIL","FMS",,,"50","GOB 2009 CLEAN WATER CLEANUP","100024382","84130-0835","CHECK","PAID","PRC501816T500120",,,"2018-03-28T00:00:00.000","1","2","SC50CO18129648M","NTP#2,TOS#12,PENMAR/TEMESCAL","TEMESCAL,NTP#2, TOS#12, 16T/50FD17,EW40029D","0",,"0","0","0","0",,"2018-02-12T00:00:00.000","1",,,,,"CITY",,,,"USD",,"100024382-CAROLLO ENGINEERS APC"
"4963847","2018","NON_DEPARTMENTAL","CAROLLO ENGINEERS APC","2018-04-23T00:00:00.000","5962.08",,"0003012385","GENERAL GOVERNMENT","GOVERNMENTAL","CAPITAL PROJECTS","GOB 2009 CLEAN WATER CLEANUP","16T","PENMAR WATER QLTY PHASE II","50FZAA","AD26180000085301","SUPPLIES & OTHER SERVICES",,"10","2018-10 (APR)","2018-04","4","APRIL,2018","APRIL","FMS",,,"50","GOB 2009 CLEAN WATER CLEANUP","100024382","84130-0835","CHECK","PAID","PRC501816T500127",,,"2018-04-08T00:00:00.000","1","1","SC50CO18129648M","NTP#2,TOS#12,PENMAR/TEMESCAL","PENMAR,NTP#2,TOS#12,16T/50FZAA,EW40028D","0",,"0","0","0","0",,"2018-02-12T00:00:00.000","1",,,,,"CITY",,,,"USD",,"100024382-CAROLLO ENGINEERS APC"
"4963848","2018","NON_DEPARTMENTAL","CAROLLO ENGINEERS APC","2018-04-02T00:00:00.000","3832.57",,"0003012385","GENERAL GOVERNMENT","GOVERNMENTAL","CAPITAL PROJECTS","GOB 2009 CLEAN WATER CLEANUP","16T","PENMAR WATER QLTY PHASE II","50FZAA","AD26180000079000","SUPPLIES & OTHER SERVICES",,"10","2018-10 (APR)","2018-04","4","APRIL,2018","APRIL","FMS",,,"50","GOB 2009 CLEAN WATER CLEANUP","100024382","84130-0835","CHECK","PAID","PRC501816T500120",,,"2018-03-28T00:00:00.000","1","1","SC50CO18129648M","NTP#2,TOS#12,PENMAR/TEMESCAL","PENMAR,INV#0165480,TOS#12,16T/50FZAA,EW40028D","0",,"0","0","0","0",,"2018-02-12T00:00:00.000","1",,,,,"CITY",,,,"USD",,"100024382-CAROLLO ENGINEERS APC"
"4964171","2018","NON_DEPARTMENTAL","CDM SMITH INC","2018-04-19T00:00:00.000","1539.14",,"0002002979","GENERAL GOVERNMENT","GOVERNMENTAL","CAPITAL PROJECTS","GOB 2011A CLEAN WATER CLEANUP","16V","MACHADO LAKE ECOSYSTEM REHAB","50HWAA","AD26180000084583","SUPPLIES & OTHER SERVICES",,"10","2018-10 (APR)","2018-04","4","APRIL,2018","APRIL","FMS",,,"50","GOB 2011A CLEAN WATER CLEANUP","100001119","90074-5354","CHECK","PAID","PRC501816V500124",,,"2018-01-22T00:00:00.000","1","1","SC50MSACO13120703M","GAE - CDM SMITH INC C-120703  DIS ENCUM-$4,037.57","MACHADO LAKE ECOSYSTEM  TOS#11, ST0#02 PER NTP NO. 4 DATED 12/17/14=$327,452.00","0",,"0","0","0","0",,"2017-07-01T00:00:00.000","1",,,,,"CITY",,,,"USD",,"100001119-CDM SMITH INC"
"4966907","2018","NON_DEPARTMENTAL","SWCA INCORPORATED","2018-04-10T00:00:00.000","100.25",,"0002466104","GENERAL GOVERNMENT","GOVERNMENTAL","CAPITAL PROJECTS","GOB 2009 CLEAN WATER CLEANUP","16T","PENMAR WATER QLTY PHASE II","50FZAA","AD26180000081963","SUPPLIES & OTHER SERVICES",,"10","2018-10 (APR)","2018-04","4","APRIL,2018","APRIL","FMS",,,"50","GOB 2009 CLEAN WATER CLEANUP","100036600","60009","CHECK","PAID","PRC501816T500122",,,"2018-04-02T00:00:00.000","1","1","SC50MSACO15123103MO","SC-SWCA,PROP.O  TOS#EMGS-011,ENCUMBER $4,785.30","SWCA TOS#EMGS-011, CULTURAL MITIGATION AND ARCHEOLOGICAL MONITORING-PENMAR PH II","0",,"0","0","0","0",,"2018-04-19T00:00:00.000","1",,,,,"CITY",,,,"USD",,"100036600-SWCA INCORPORATED"
"4917941","2018","NON_DEPARTMENTAL","SULLY MILLER CONTRACTING CO","2018-03-05T00:00:00.000","722934.12",,"0000940327","GENERAL GOVERNMENT","GOVERNMENTAL","CAPITAL PROJECTS","GOB 2009 CLEAN WATER CLEANUP","16T","ALBION RIVERSIDE PARK IMPROVEMENTS","50KXAD","AD26180000071000","SUPPLIES & OTHER SERVICES",,"9","2018-09 (MAR)","2018-03","3","MARCH,2018","MARCH","FMS",,,"50","GOB 2009 CLEAN WATER CLEANUP","100011337","92821","CHECK","PAID","PRC501816T500108",,,"2018-02-23T00:00:00.000","1","1","SC50MSACO17129088KO","SC-SULLY-MILLER,

 C#1209088  ALBION -PROP.O","ALBION RIVERSIDE, EMERGENCY CHG ORDER#001=$2,661,291.00EW40060F,BR DTD","0",,"0","0","0","0",,"2017-12-18T00:00:00.000","1",,,,,"CITY",,,,"USD",,"100011337-SULLY MILLER CONTRACTING CO"
"4910901","2018","NON_DEPARTMENTAL","ARCADIS U.S. INC","2018-03-08T00:00:00.000","108527.24",,"0000143256","GENERAL GOVERNMENT","GOVERNMENTAL","CAPITAL PROJECTS","GOB 2009 CLEAN WATER CLEANUP","16T","ALBION RIVERSIDE PARK IMPROVEMENTS","50KXAD","AD26180000072158","SUPPLIES & OTHER SERVICES",,"9","2018-09 (MAR)","2018-03","3","MARCH,2018","MARCH","FMS",,,"50","GOB 2009 CLEAN WATER CLEANUP","100035931","60693-0626","CHECK","PAID","PRC501816T500112",,,"2018-02-21T00:00:00.000","1","1","SC50CO18129644MO","SC-ARCADIS,C#129644 ALBION

RIVERSIDE,NTP#4=$750,000.00","NTP#4,STO#9-04,ALBION","0",,"0","0","0","0",,"2018-02-13T00:00:00.000","10",,,,,"CITY",,,,"USD",,"100035931-ARCADIS U.S. INC"
"4910902","2018","NON_DEPARTMENTAL","ARCADIS U.S. INC","2018-03-23T00:00:00.000","89691.36",,"0000143256","GENERAL GOVERNMENT","GOVERNMENTAL","CAPITAL PROJECTS","GOB 2009 CLEAN WATER CLEANUP","16T","ALBION RIVERSIDE PARK IMPROVEMENTS","50KXAD","AD26180000076686","SUPPLIES & OTHER SERVICES",,"9","2018-09 (MAR)","2018-03","3","MARCH,2018","MARCH","FMS",,,"50","GOB 2009 CLEAN WATER CLEANUP","100035931","60693-0626","CHECK","PAID","PRC501816T500117",,,"2018-03-02T00:00:00.000","1","1","SC50CO18129644MO","SC-ARCADIS,C#129644 ALBION

RIVERSIDE,NTP#4=$750,000.00","ALBION,C#129644,NTP#4,STO#9-04,INV#0886981","0",,"0","0","0","0",,"2018-02-13T00:00:00.000","10",,,,,"CITY",,,,"USD",,"100035931-ARCADIS U.S. INC"
"4917921","2018","NON_DEPARTMENTAL","GREEN BUILDING CORPORATION","2018-03-28T00:00:00.000","54125.95",,"0002605248","GENERAL GOVERNMENT","GOVERNMENTAL","CAPITAL PROJECTS","GOB 2009 CLEAN WATER CLEANUP","16T","PENMAR WATER QLTY PHASE II","50FZAA","AD26180000077593","SUPPLIES & OTHER SERVICES",,"9","2018-09 (MAR)","2018-03","3","MARCH,2018","MARCH","FMS",,,"50","GOB 2009 CLEAN WATER CLEANUP","VC0000014690","91406","CHECK","PAID","PRC501816T500118",,,"2018-03-16T00:00:00.000","1","1","SC50MSACO17127429KO","SC-GREEN BUILDING CORPORATION, CO#127429","PENMAR WATER QUALITY PH 11,  WO#EW400028F,PP#18","0",,"0","0","0","0",,"2018-03-08T00:00:00.000","1",,,,,"CITY",,,,"USD",,"VC0000014690-GREEN BUILDING CORPORATION"
"4912731","2018","NON_DEPARTMENTAL","ARCADIS U.S. INC","2018-03-22T00:00:00.000","47485.65",,"0000143256","GENERAL GOVERNMENT","GOVERNMENTAL","CAPITAL PROJECTS","GOB 2009 CLEAN WATER CLEANUP","16T","MACHADO LAKE ECOSYSTEM REHAB","50FC19","AD26180000076279","SUPPLIES & OTHER SERVICES",,"9","2018-09 (MAR)","2018-03","3","MARCH,2018","MARCH","FMS",,,"50","GOB 2009 CLEAN WATER CLEANUP","100035931","60693-0626","CHECK","PAID","PRC501816T500114",,,"2018-02-21T00:00:00.000","1","1","SC50CO18129644MO","SC-ARCADIS,C#129644 ALBION

RIVERSIDE,NTP#4=$750,000.00","MACHADO LAKE, INV#0893392,NTP#1, STO#09-01, 16T/50FC19","0",,"0","0","0","0",,"2018-02-13T00:00:00.000","1",,,,,"CITY",,,,"USD",,"100035931-ARCADIS U.S. INC"
"4910250","2018","NON_DEPARTMENTAL","TETRA TECH INC","2018-03-28T00:00:00.000","37903.58",,"0000697684","GENERAL GOVERNMENT","GOVERNMENTAL","CAPITAL PROJECTS","GOB 2009 CLEAN WATER CLEANUP","16T","ALBION RIVERSIDE PARK IMPROVEMENTS","50KXAD","AD26180000077627","SUPPLIES & OTHER SERVICES",,"9","2018-09 (MAR)","2018-03","3","MARCH,2018","MARCH","FMS",,,"50","GOB 2009 CLEAN WATER CLEANUP","100001158","80291-1677","CHECK","PAID","PRC501816T500119",,,"2018-02-06T00:00:00.000","1","1","SC50CO18129660M","SC-TETRA TECH, CO#129660

TOS#11,NTP#1 & 2,EW40062D","ALBION RIVERSIDE, C#129660 TOS#8,INV#51276946,EW40060F","0",,"0","0","0","0",,"2018-04-17T00:00:00.000","4",,,,,"CITY",,,,"USD",,"100001158-TETRA TECH INC"
"4917926","2018","NON_DEPARTMENTAL","GREEN BUILDING CORPORATION","2018-03-05T00:00:00.000","35166.15",,"0002605248","GENERAL GOVERNMENT","GOVERNMENTAL","CAPITAL PROJECTS","GOB 2009 CLEAN WATER CLEANUP","16T","TEMESCAL CANYON PRK PHASE II","50FD17","AD26180000071074","SUPPLIES & OTHER SERVICES",,"9","2018-09 (MAR)","2018-03","3","MARCH,2018","MARCH","FMS",,,"50","GOB 2009 CLEAN WATER CLEANUP","VC0000014690","91406","CHECK","PAID","PRC501816T500107",,,"2018-02-22T00:00:00.000","1","1","SC50MSACO17127470KO","SC-GREEN BUILDING CORPORATION, CO#127470,TEMESCAL","TEMESCAL CANYON PARK, CH ORDER#21=$16,071.0016T/50FD17  WO#EW400029F","0",,"0","0","0","0",,"2018-04-11T00:00:00.000","1",,,,,"CITY",,,,"USD",,"VC0000014690-GREEN BUILDING CORPORATION"
"4912321","2018","NON_DEPARTMENTAL","ARCADIS U.S. INC","2018-03-23T00:00:00.000","31607.9",,"0000143256","GENERAL GOVERNMENT","GOVERNMENTAL","CAPITAL PROJECTS","GOB 2009 CLEAN WATER CLEANUP","16T","PENMAR WATER QLTY PHASE II","50FZAA","AD26180000076685","SUPPLIES & OTHER SERVICES",,"9","2018-09 (MAR)","2018-03","3","MARCH,2018","MARCH","FMS",,,"50","GOB 2009 CLEAN WATER CLEANUP","100035931","60693-0626","CHECK","PAID","PRC501816T500116",,,"2018-02-21T00:00:00.000","1","1","SC50CO18129644MO","SC-ARCADIS,C#129644 ALBION

RIVERSIDE,NTP#4=$750,000.00","PENMAR,INV#0893394 NTP#3,STO#09-03=$31,607.90","0",,"0","0","0","0",,"2018-02-13T00:00:00.000","3",,,,,"CITY",,,,"USD",,"100035931-ARCADIS U.S. INC"
"4913086","2018","NON_DEPARTMENTAL","ARCADIS U.S. INC","2018-03-23T00:00:00.000","31453.56",,"0000143256","GENERAL GOVERNMENT","GOVERNMENTAL","CAPITAL PROJECTS","GOB 2009 CLEAN WATER CLEANUP","16T","TEMESCAL CANYON PRK PHASE II","50FD17","AD26180000076685","SUPPLIES & OTHER SERVICES",,"9","2018-09 (MAR)","2018-03","3","MARCH,2018","MARCH","FMS",,,"50","GOB 2009 CLEAN WATER CLEANUP","100035931","60693-0626","CHECK","PAID","PRC501816T500116",,,"2018-02-21T00:00:00.000","1","2","SC50CO18129644MO","SC-ARCADIS,C#129644 ALBION

RIVERSIDE,NTP#4=$750,000.00","TEMESCAL,INV#0893394 NTP#3,STO#09-03,EW40029F","0",,"0","0","0","0",,"2018-02-13T00:00:00.000","4",,,,,"CITY",,,,"USD",,"100035931-ARCADIS U.S. INC"
"4913938","2018","NON_DEPARTMENTAL","ARCADIS U.S. INC","2018-03-23T00:00:00.000","28601.54",,"0000143256","GENERAL GOVERNMENT","GOVERNMENTAL","CAPITAL PROJECTS","GOB 2009 CLEAN WATER CLEANUP","16T","MACHADO LAKE ECOSYSTEM REHAB","50FC19","AD26180000076684","SUPPLIES & OTHER SERVICES",,"9","2018-09 (MAR)","2018-03","3","MARCH,2018","MARCH","FMS",,,"50","GOB 2009 CLEAN WATER CLEANUP","100035931","60693-0626","CHECK","PAID","PRC501816T500115",,,"2018-02-21T00:00:00.000","1","1","SC50CO18129644MO","SC-ARCADIS,C#129644 ALBION

RIVERSIDE,NTP#4=$750,000.00","MACHADO,C#129644,NTP#2, STO#09--02,16T/50FC19","0",,"0","0","0","0",,"2018-02-13T00:00:00.000","2",,,,,"CITY",,,,"USD",,"100035931-ARCADIS U.S. INC"
"4912048","2018","NON_DEPARTMENTAL","ARCADIS U.S. INC","2018-03-06T00:00:00.000","22733.79",,"0000143256","GENERAL GOVERNMENT","GOVERNMENTAL","CAPITAL PROJECTS","GOB 2009 CLEAN WATER CLEANUP","16T","MACHADO LAKE-PHASE I","50FC18","AD26180000071484","SUPPLIES & OTHER SERVICES",,"9","2018-09 (MAR)","2018-03","3","MARCH,2018","MARCH","FMS",,,"50","GOB 2009 CLEAN WATER CLEANUP","100035931","60693-0626","CHECK","PAID","PRC501816T500109",,,"2018-02-21T00:00:00.000","1","1","SC50CO18129644MO","SC-ARCADIS,C#129644 ALBION

RIVERSIDE,NTP#4=$750,000.00","INV#0893399,NTP#5,STO#09-5,MACHADO(WILMINGTON)","0",,"0","0","0","0",,"2018-02-13T00:00:00.000","7",,,,,"CITY",,,,"USD",,"100035931-ARCADIS U.S. INC"
"4912769","2018","NON_DEPARTMENTAL","CAROLLO ENGINEERS APC","2018-03-06T00:00:00.000","17513.42",,"0003012385","GENERAL GOVERNMENT","GOVERNMENTAL","CAPITAL PROJECTS","GOB 2009 CLEAN WATER CLEANUP","16T","PROP O OPTIMIZATION","50MYAF","AD26180000071483","SUPPLIES & OTHER SERVICES",,"9","2018-09 (MAR)","2018-03","3","MARCH,2018","MARCH","FMS",,,"50","GOB 2009 CLEAN WATER CLEANUP","100024382","84130-0835","CHECK","PAID","PRC501816T500110",,,"2018-02-28T00:00:00.000","1","1","SC50MSACO16124324MC","TOS SN#39, PROP O OPTIMIZATION, WO#EW40PCON","INV#0164895,TOS SN-39 ,PROP.O OPTIMIZATION, FUND 16T","0",,"0","0","0","0",,"2017-07-01T00:00:00.000","1",,,,,"CITY",,,,"USD",,"100024382-CAROLLO ENGINEERS APC"
"4917920","2018","NON_DEPARTMENTAL","GREEN BUILDING CORPORATION","2018-03-08T00:00:00.000","12098.25",,"0002605248","GENERAL GOVERNMENT","GOVERNMENTAL","CAPITAL PROJECTS","GOB 2009 CLEAN WATER CLEANUP","16T","PENMAR WATER QLTY PHASE II","50FZAA","AD26180000072240","SUPPLIES & OTHER SERVICES",,"9","2018-09 (MAR)","2018-03","3","MARCH,2018","MARCH","FMS",,,"50","GOB 2009 CLEAN WATER CLEANUP","VC0000014690","91406","CHECK","PAID","PRC501816T500111",,,"2018-02-22T00:00:00.000","1","1","SC50MSACO17127429KO","SC-GREEN BUILDING CORPORATION, CO#127429","PENMAR,C#127429,16T/50FZAA,","0",,"0","0","0","0",,"2018-03-08T00:00:00.000","1",,,,,"CITY",,,,"USD",,"VC0000014690-GREEN BUILDING CORPORATION"
"4910529","2018","NON_DEPARTMENTAL","CAROLLO ENGINEERS APC","2018-03-22T00:00:00.000","3020.14",,"0003012385","GENERAL GOVERNMENT","GOVERNMENTAL","CAPITAL PROJECTS","GOB 2009 CLEAN WATER CLEANUP","16T","TEMESCAL CANYON PRK PHASE II","50FD17","AD26180000076480","SUPPLIES & OTHER SERVICES",,"9","2018-09 (MAR)","2018-03","3","MARCH,2018","MARCH","FMS",,,"50","GOB 2009 CLEAN WATER CLEANUP","100024382","84130-0835","CHECK","PAID","PRC501816T500113",,,"2018-02-27T00:00:00.000","1","2","SC50CO18129648M","NTP#2,TOS#12,PENMAR/TEMESCAL","TEMESCAL,INV#0164692,TOS#12, 16T/50FD17,EW40029D","0",,"0","0","0","0",,"2018-02-12T00:00:00.000","1",,,,,"CITY",,,,"USD",,"100024382-CAROLLO ENGINEERS APC"
"4910530","2018","NON_DEPARTMENTAL","CAROLLO ENGINEERS APC","2018-03-22T00:00:00.000","1141.03",,"0003012385","GENERAL GOVERNMENT","GOVERNMENTAL","CAPITAL PROJECTS","GOB 2009 CLEAN WATER CLEANUP","16T","PENMAR WATER QLTY PHASE II","50FZAA","AD26180000076480","SUPPLIES & OTHER SERVICES",,"9","2018-09 (MAR)","2018-03","3","MARCH,2018","MARCH","FMS",,,"50","GOB 2009 CLEAN WATER CLEANUP","100024382","84130-0835","CHECK","PAID","PRC501816T500113",,,"2018-02-27T00:00:00.000","1","1","SC50CO18129648M","NTP#2,TOS#12,PENMAR/TEMESCAL","PENMAR,INV#0164692,TOS#12,16T/50FZAA,EW40028F","0",,"0","0","0","0",,"2018-02-12T00:00:00.000","1",,,,,"CITY",,,,"USD",,"100024382-CAROLLO ENGINEERS APC"
"4866530","2018","NON_DEPARTMENTAL","SULLY MILLER CONTRACTING CO","2018-02-06T00:00:00.000","1449512.28",,"0000940327","GENERAL GOVERNMENT","GOVERNMENTAL","CAPITAL PROJECTS","GOB 2009 CLEAN WATER CLEANUP","16T","ALBION RIVERSIDE PARK IMPROVEMENTS","50KXAD","AD26180000063744","SUPPLIES & OTHER SERVICES",,"8","2018-08 (FEB)","2018-03","2","FEBRUARY,2018","FEBRUARY","FMS",,,"50","GOB 2009 CLEAN WATER CLEANUP","100011337","92821","CHECK","PAID","PRC501816T500099",,,"2018-01-30T00:00:00.000","1","1","SC50MSACO17129088KO","SC-SULLY-MILLER,

 C#1209088  ALBION -PROP.O","ALBION RIVERSIDE, C#129088,PP#6, 16T/50KXAD,EW40060F","0",,"0","0","0","0",,"2017-12-18T00:00:00.000","1",,,,,"CITY",,,,"USD",,"100011337-SULLY MILLER CONTRACTING CO"
"4866505","2018","NON_DEPARTMENTAL","GREEN BUILDING CORPORATION","2018-02-07T00:00:00.000","58219.37",,"0002605248","GENERAL GOVERNMENT","GOVERNMENTAL","CAPITAL PROJECTS","GOB 2009 CLEAN WATER CLEANUP","16T","TEMESCAL CANYON PRK PHASE II","50FD17","AD26180000063932","SUPPLIES & OTHER SERVICES",,"8","2018-08 (FEB)","2018-03","2","FEBRUARY,2018","FEBRUARY","FMS",,,"50","GOB 2009 CLEAN WATER CLEANUP","VC0000014690","91406","CHECK","PAID","PRC501816T500101",,,"2018-01-16T00:00:00.000","1","1","SC50MSACO17127470KO","SC-GREEN BUILDING CORPORATION, CO#127470,TEMESCAL","TEMESCAL CANYON PARK, PP#16 16T/50FD17  WO#EW400029F","0",,"0","0","0","0",,"2018-04-11T00:00:00.000","1",,,,,"CITY",,,,"USD",,"VC0000014690-GREEN BUILDING CORPORATION"
"4866529","2018","NON_DEPARTMENTAL","MURRAY PLUMBING AND HEATING CORP.","2018-02-23T00:00:00.000","46769.91",,"0000080973","GENERAL GOVERNMENT","GOVERNMENTAL","CAPITAL PROJECTS","GOB 2008A CLEAN WATER CLEANUP","16Q","SMB/BC MAR VISTA RECREATION CT","50EA14","AD26180000068414","SUPPLIES & OTHER SERVICES",,"8","2018-08 (FEB)","2018-03","2","FEBRUARY,2018","FEBRUARY","FMS",,,"50","GOB 2008A CLEAN WATER CLEANUP","100013461","90221","CHECK","PAID","PRC501816Q500105",,,"2018-02-02T00:00:00.000","1","1","SC50MSACO17125471KO","ENC FOR MAR VISTA RECCTR PH11-WO#EW40053F-PROPO","MAR VISTA REC CTR PH2,CISCO CONST. -PROP.O,WO#EW40053F","0",,"0","0","0","0",,"2017-07-01T00:00:00.000","1",,,,,"CITY",,,,"USD",,"100013461-MURRAY PLUMBING AND HEATING CORP."
"4859348","2018","NON_DEPARTMENTAL","ARCADIS U.S. INC","2018-02-13T00:00:00.000","40115.58",,"0000143256","GENERAL GOVERNMENT","GOVERNMENTAL","CAPITAL PROJECTS","GOB 2009 CLEAN WATER CLEANUP","16T","PENMAR WATER QLTY PHASE II","50FZAA","AD26180000065583","SUPPLIES & OTHER SERVICES",,"8","2018-08 (FEB)","2018-03","2","FEBRUARY,2018","FEBRUARY","FMS",,,"50","GOB 2009 CLEAN WATER CLEANUP","100035931","60693-0626","CHECK","PAID","PRC501816T500092",,,"2017-12-06T00:00:00.000","1","1","SC50CO18129644MO","SC-ARCADIS,C#129644 ALBION

RIVERSIDE,NTP#4=$750,000.00","NTP#3,STO#09-03,PENMAR","0",,"0","0","0","0",,"2018-02-13T00:00:00.000","3",,,,,"CITY",,,,"USD",,"100035931-ARCADIS U.S. INC"
"4861262","2018","NON_DEPARTMENTAL","ARCADIS U.S. INC","2018-02-13T00:00:00.000","39773.88",,"0000143256","GENERAL GOVERNMENT","GOVERNMENTAL","CAPITAL PROJECTS","GOB 2009 CLEAN WATER CLEANUP","16T","TEMESCAL CANYON PRK PHASE II","50FD17","AD26180000065583","SUPPLIES & OTHER SERVICES",,"8","2018-08 (FEB)","2018-03","2","FEBRUARY,2018","FEBRUARY","FMS",,,"50","GOB 2009 CLEAN WATER CLEANUP","100035931","60693-0626","CHECK","PAID","PRC501816T500092",,,"2017-12-06T00:00:00.000","1","2","SC50CO18129644MO","SC-ARCADIS,C#129644 ALBION

RIVERSIDE,NTP#4=$750,000.00","NTP#3,STO#09-03, TEMESCAL","0",,"0","0","0","0",,"2018-02-13T00:00:00.000","4",,,,,"CITY",,,,"USD",,"100035931-ARCADIS U.S. INC"
"4859734","2018","NON_DEPARTMENTAL","CAROLLO ENGINEERS APC","2018-02-12T00:00:00.000","28113.08",,"0003012385","GENERAL GOVERNMENT","GOVERNMENTAL","CAPITAL PROJECTS","GOB 2009 CLEAN WATER CLEANUP","16T","TEMESCAL CANYON PRK PHASE II","50FD17","AD26180000065240","SUPPLIES & OTHER SERVICES",,"8","2018-08 (FEB)","2018-03","2","FEBRUARY,2018","FEBRUARY","FMS",,,"50","GOB 2009 CLEAN WATER CLEANUP","100024382","84130-0835","CHECK","PAID","PRC501816T500104",,,"2018-01-22T00:00:00.000","1","2","SC50CO18129648M","NTP#2,TOS#12,PENMAR/TEMESCAL","TEMESCAL,NTP#2, TOS#12, 16T/50FD17,EW40029D","0",,"0","0","0","0",,"2018-02-12T00:00:00.000","1",,,,,"CITY",,,,"USD",,"100024382-CAROLLO ENGINEERS APC"
"4862400","2018","NON_DEPARTMENTAL","ECOLOGY CONTROL INDUSTRIES INC","2018-02-07T00:00:00.000","23475.91",,"0000361776","GENERAL GOVERNMENT","GOVERNMENTAL","CAPITAL PROJECTS","GOB 2011A CLEAN WATER CLEANUP","16V","CATCH BASIN INSERTS / OPENINGS PH IV","50KZAA","AD26180000064061","IMPROVEMENTS OTHER THAN BUILDINGS",,"8","2018-08 (FEB)","2018-03","2","FEBRUARY,2018","FEBRUARY","FMS",,,"50","GOB 2011A CLEAN WATER CLEANUP","VC0000029149","90248","CHECK","PAID","PRC501816V500102",,,"2018-01-29T00:00:00.000","1","1","SC50CO18129927MO","SC-ECOLOGY CONTROL INDUSTRIES, CO#129927,CATCH BASIN IV","CATCH BASIN IV INSERTS, C#129927,16V/50KZAA,EW40065F","0",,"0","0","0","0",,"2017-12-11T00:00:00.000","1",,,,,"CITY",,,,"USD",,"VC0000029149-ECOLOGY CONTROL INDUSTRIES INC"
"4860666","2018","NON_DEPARTMENTAL","CAROLLO ENGINEERS APC","2018-02-08T00:00:00.000","20878.02",,"0003012385","GENERAL GOVERNMENT","GOVERNMENTAL","CAPITAL PROJECTS","GOB 2009 CLEAN WATER CLEANUP","16T","PROP O OPTIMIZATION","50MYAF","AD26180000064467","SUPPLIES & OTHER SERVICES",,"8","2018-08 (FEB)","2018-03","2","FEBRUARY,2018","FEBRUARY","FMS",,,"50","GOB 2009 CLEAN WATER CLEANUP","100024382","84130-0835","CHECK","PAID","PRC501816T500103",,,"2018-02-06T00:00:00.000","1","1","SC50MSACO16124324MC","TOS SN#39, PROP O OPTIMIZATION, WO#EW40PCON","TOS SN-39 ,PROP.O OPTIMIZATION, FUND 16T, INV#0163928R","0",,"0","0","0","0",,"2017-07-01T00:00:00.000","1",,,,,"CITY",,,,"USD",,"100024382-CAROLLO ENGINEERS APC"
"4866497","2018","NON_DEPARTMENTAL","GREEN BUILDING CORPORATION","2018-02-07T00:00:00.000","18357.89",,"0002605248","GENERAL GOVERNMENT","GOVERNMENTAL","CAPITAL PROJECTS","GOB 2009 CLEAN WATER CLEANUP","16T","PENMAR WATER QLTY PHASE II","50FZAA","AD26180000064053","SUPPLIES & OTHER SERVICES",,"8","2018-08 (FEB)","2018-03","2","FEBRUARY,2018","FEBRUARY","FMS",,,"50","GOB 2009 CLEAN WATER CLEANUP","VC0000014690","91406","CHECK","PAID","PRC501816T500100",,,"2018-01-16T00:00:00.000","1","1","SC50MSACO17127429KO","SC-GREEN BUILDING CORPORATION, CO#127429","PENMAR WATER QUALITY PH 11,  WO#EW400028F,CHANGE ORDERS#13&14=$21,567.00","0",,"0","0","0","0",,"2018-03-08T00:00:00.000","1",,,,,"CITY",,,,"USD",,"VC0000014690-GREEN BUILDING CORPORATION"
"4862474","2018","NON_DEPARTMENTAL","ARCADIS U.S. INC","2018-02-15T00:00:00.000","12749.91",,"0000143256","GENERAL GOVERNMENT","GOVERNMENTAL","CAPITAL PROJECTS","GOB 2009 CLEAN WATER CLEANUP","16T","MACHADO LAKE ECOSYSTEM REHAB","50FC19","AD26180000066436","SUPPLIES & OTHER SERVICES",,"8","2018-08 (FEB)","2018-03","2","FEBRUARY,2018","FEBRUARY","FMS",,,"50","GOB 2009 CLEAN WATER CLEANUP","100035931","60693-0626","CHECK","PAID","PRC501816T500105",,,"2017-12-06T00:00:00.000","1","1","SC50CO18129644MO","SC-ARCADIS,C#129644 ALBION

RIVERSIDE,NTP#4=$750,000.00","NTP#2, STO#09--02, MACHADO LAKE ECOSYSTEM REHABILITATION,16T/50FC19","0",,"0","0","0","0",,"2018-02-13T00:00:00.000","2",,,,,"CITY",,,,"USD",,"100035931-ARCADIS U.S. INC"
"4859735","2018","NON_DEPARTMENTAL","CAROLLO ENGINEERS APC","2018-02-12T00:00:00.000","11057.13",,"0003012385","GENERAL GOVERNMENT","GOVERNMENTAL","CAPITAL PROJECTS","GOB 2009 CLEAN WATER CLEANUP","16T","PENMAR WATER QLTY PHASE II","50FZAA","AD26180000065240","SUPPLIES & OTHER SERVICES",,"8","2018-08 (FEB)","2018-03","2","FEBRUARY,2018","FEBRUARY","FMS",,,"50","GOB 2009 CLEAN WATER CLEANUP","100024382","84130-0835","CHECK","PAID","PRC501816T500104",,,"2018-01-22T00:00:00.000","1","1","SC50CO18129648M","NTP#2,TOS#12,PENMAR/TEMESCAL","PENMAR,NTP#2,TOS#12,16T/50FZAA,EW40028D","0",,"0","0","0","0",,"2018-02-12T00:00:00.000","1",,,,,"CITY",,,,"USD",,"100024382-CAROLLO ENGINEERS APC"
"4862399","2018","NON_DEPARTMENTAL","ECOLOGY CONTROL INDUSTRIES INC","2018-02-27T00:00:00.000","1847.29",,"0000361776","GENERAL GOVERNMENT","GOVERNMENTAL","CAPITAL PROJECTS","GOB 2011A CLEAN WATER CLEANUP","16V","CATCH BASIN INSERTS / OPENINGS PH IV","50KZAA","AD26180000069722","IMPROVEMENTS OTHER THAN BUILDINGS",,"8","2018-08 (FEB)","2018-03","2","FEBRUARY,2018","FEBRUARY","FMS",,,"50","GOB 2011A CLEAN WATER CLEANUP","VC0000029149","90248","CHECK","PAID","PRC501816V500106",,,"2018-02-15T00:00:00.000","1","1","SC50CO18129927MO","SC-ECOLOGY CONTROL INDUSTRIES, CO#129927,CATCH BASIN IV","CATCH BASIN IV INSERTS, C#129927,16V/50KZAA,EW40065F","0",,"0","0","0","0",,"2017-12-11T00:00:00.000","1",,,,,"CITY",,,,"USD",,"VC0000029149-ECOLOGY CONTROL INDUSTRIES INC"
"4790716","2018","NON_DEPARTMENTAL","SULLY MILLER CONTRACTING CO","2018-01-11T00:00:00.000","2630899.68",,"940327","GENERAL GOVERNMENT","GOVERNMENTAL","CAPITAL PROJECTS","GOB 2009 CLEAN WATER CLEANUP","16T","ALBION RIVERSIDE PARK IMPROVEMENTS","50KXAD","AD26180000056717","SUPPLIES & OTHER SERVICES",,"7","2018-07 (JAN)","2018-03","1","JANUARY,2018","JANUARY","FMS",,,"50","GOB 2009 CLEAN WATER CLEANUP","100011337","92821","CHECK","PAID","PRC501816T500093",,,"2018-01-03T00:00:00.000","1","1","SC50MSACO17129088KO","SC-SULLY-MILLER,

 C#1209088  ALBION -PROP.O","ALBION RIVERSIDE, EMERGENCY CHG ORDER#001=$2,661,291.00EW40060F,BR DTD","0",,"0","0","0","0",,"2017-12-18T00:00:00.000","1",,,,,"CITY",,,,"USD",,"100011337-SULLY MILLER CONTRACTING CO"
"4790718","2018","NON_DEPARTMENTAL","SULLY MILLER CONTRACTING CO","2018-01-02T00:00:00.000","1418651.43",,"940327","GENERAL GOVERNMENT","GOVERNMENTAL","CAPITAL PROJECTS","GOB 2009 CLEAN WATER CLEANUP","16T","ALBION RIVERSIDE PARK IMPROVEMENTS","50KXAD","AD26180000054520","SUPPLIES & OTHER SERVICES",,"7","2018-07 (JAN)","2018-03","1","JANUARY,2018","JANUARY","FMS",,,"50","GOB 2009 CLEAN WATER CLEANUP","100011337","92821","CHECK","PAID","PRC501816T500088",,,"2017-11-30T00:00:00.000","1","1","SC50MSACO17129088KO","SC-SULLY-MILLER,

 C#1209088  ALBION -PROP.O","ALBION RIVERSIDE, PP#4, EW40060F/16T/50KXAD","0",,"0","0","0","0",,"2017-12-18T00:00:00.000","1",,,,,"CITY",,,,"USD",,"100011337-SULLY MILLER CONTRACTING CO"
"4790725","2018","NON_DEPARTMENTAL","OHL USA INC","2018-01-17T00:00:00.000","751457.5",,"2732354","GENERAL GOVERNMENT","GOVERNMENTAL","CAPITAL PROJECTS","GOB 2011A CLEAN WATER CLEANUP","16V","MACHADO LAKE ECOSYSTEM REHAB","50HWAA","AD26180000058143","IMPROVEMENTS OTHER THAN BUILDINGS",,"7","2018-07 (JAN)","2018-03","1","JANUARY,2018","JANUARY","FMS",,,"50","GOB 2011A CLEAN WATER CLEANUP","VC0000014741","92614-7279","CHECK","PAID","PRC501816V500094",,,"2018-01-12T00:00:00.000","1","1","SC50MSACO14123672KO","SC-OHL USA-MACHADO LAKE  CHANGE ORDER#045","SN RELEASE-AMERICAN LANDSCAPE/MACHADO LAKE ECOSYSTEM REHAB,C#123672","0",,"0","0","0","0",,"2017-12-21T00:00:00.000","1",,,,,"CITY",,,,"USD",,"VC0000014741-OHL USA INC"
"4790692","2018","NON_DEPARTMENTAL","GREEN BUILDING CORPORATION","2018-01-04T00:00:00.000","267084.85",,"2605248","GENERAL GOVERNMENT","GOVERNMENTAL","CAPITAL PROJECTS","GOB 2009 CLEAN WATER CLEANUP","16T","TEMESCAL CANYON PRK PHASE II","50FD17","AD26180000055017","SUPPLIES & OTHER SERVICES",,"7","2018-07 (JAN)","2018-03","1","JANUARY,2018","JANUARY","FMS",,,"50","GOB 2009 CLEAN WATER CLEANUP","VC0000014690","91406","CHECK","PAID","PRC501816T500090",,,"2017-12-15T00:00:00.000","1","1","SC50MSACO17127470KO","SC-GREEN BUILDING CORPORATION, CO#127470,TEMESCAL","TEMESCAL CANYON PARK, C#127470,PP#15,WO#EW400029F","0",,"0","0","0","0",,"2018-04-11T00:00:00.000","1",,,,,"CITY",,,,"USD",,"VC0000014690-GREEN BUILDING CORPORATION"
"4778534","2018","NON_DEPARTMENTAL","ARCADIS U.S. INC","2018-01-08T00:00:00.000","96747.48",,"143256","GENERAL GOVERNMENT","GOVERNMENTAL","CAPITAL PROJECTS","GOB 2009 CLEAN WATER CLEANUP","16T","ALBION RIVERSIDE PARK IMPROVEMENTS","50KXAD","AD26180000055638","SUPPLIES & OTHER SERVICES",,"7","2018-07 (JAN)","2018-03","1","JANUARY,2018","JANUARY","FMS",,,"50","GOB 2009 CLEAN WATER CLEANUP","100035931","60693-0626","CHECK","PAID","PRC501816T500091",,,"2017-12-06T00:00:00.000","1","1","SC50CO18129644MO","SC-ARCADIS,C#129644 ALBION

RIVERSIDE,NTP#4=$750,000.00","INV#0878235-A,NTP#4,STO#9-04,ALBION","0",,"0","0","0","0",,"2018-02-13T00:00:00.000","8",,,,,"CITY",,,,"USD",,"100035931-ARCADIS U.S. INC"
"4772365","2018","NON_DEPARTMENTAL","CAROLLO ENGINEERS APC","2018-01-31T00:00:00.000","40398.02",,"3012385","GENERAL GOVERNMENT","GOVERNMENTAL","CAPITAL PROJECTS","GOB 2009 CLEAN WATER CLEANUP","16T","PROP O OPTIMIZATION","50MYAF","AD26180000062144","SUPPLIES & OTHER SERVICES",,"7","2018-07 (JAN)","2018-03","1","JANUARY,2018","JANUARY","FMS",,,"50","GOB 2009 CLEAN WATER CLEANUP","100024382","84130-0835","CHECK","PAID","PRC501816T500098",,,"2017-01-19T00:00:00.000","1","1","SC50MSACO16124324MC","TOS SN#39, PROP O OPTIMIZATION, WO#EW40PCON","PROP.O OPTIMIZATION,TOS SN#39, FUND 16T/50MYAF,INV#0163099","0",,"0","0","0","0",,"2017-07-01T00:00:00.000","1",,,,,"CITY",,,,"USD",,"100024382-CAROLLO ENGINEERS APC"
"4790975","2018","NON_DEPARTMENTAL","GREEN BUILDING CORPORATION","2018-01-03T00:00:00.000","29322.89",,"2605248","GENERAL GOVERNMENT","GOVERNMENTAL","CAPITAL PROJECTS","GOB 2009 CLEAN WATER CLEANUP","16T","PENMAR WATER QLTY PHASE II","50FZAA","AD26180000054715","SUPPLIES & OTHER SERVICES",,"7","2018-07 (JAN)","2018-03","1","JANUARY,2018","JANUARY","FMS",,,"50","GOB 2009 CLEAN WATER CLEANUP","VC0000014690","91406","CHECK","PAID","PRC501816T500089",,,"2017-12-15T00:00:00.000","1","1","SC50MSACO17127429KO","SC-GREEN BUILDING CORPORATION, CO#127429","PENMAR WATER QUALITY PH 11,  WO#EW400028F,CHANGE ORDERS#11=$22,463.00","0",,"0","0","0","0",,"2018-03-08T00:00:00.000","1",,,,,"CITY",,,,"USD",,"VC0000014690-GREEN BUILDING CORPORATION"
"4778446","2018","NON_DEPARTMENTAL","ICF JONES & STOKES, INC.","2018-01-22T00:00:00.000","6926.13",,"861804","GENERAL GOVERNMENT","GOVERNMENTAL","CAPITAL PROJECTS","GOB 2011A CLEAN WATER CLEANUP","16V","MACHADO LAKE ECOSYSTEM REHAB","50HWAA","AD26180000059354","SUPPLIES & OTHER SERVICES",,"7","2018-07 (JAN)","2018-03","1","JANUARY,2018","JANUARY","FMS",,,"50","GOB 2011A CLEAN WATER CLEANUP","100024616","60677-5367","CHECK","PAID","PRC501816V500095",,,"2018-01-04T00:00:00.000","1","1","SC50MSACO14123097M","SC-ICF JONES & STOKES, NTP#2

16V/50/50HWAA","MACHADO LAKE ECOSYSTEM TOS #EMGD-003-T,NTP#2, ENCUMBER=$49,511.00","0",,"0","0","0","0",,"2017-07-28T00:00:00.000","1",,,,,"CITY",,,,"USD",,"100024616-ICF JONES & STOKES, INC."
"4778445","2018","NON_DEPARTMENTAL","ICF JONES & STOKES, INC.","2018-01-29T00:00:00.000","3839.05",,"861804","GENERAL GOVERNMENT","GOVERNMENTAL","CAPITAL PROJECTS","GOB 2011A CLEAN WATER CLEANUP","16V","MACHADO LAKE ECOSYSTEM REHAB","50HWAA","AD26180000061009","SUPPLIES & OTHER SERVICES",,"7","2018-07 (JAN)","2018-03","1","JANUARY,2018","JANUARY","FMS",,,"50","GOB 2011A CLEAN WATER CLEANUP","100024616","60677-5367","CHECK","PAID","PRC501816V500096",,,"2018-01-11T00:00:00.000","1","1","SC50MSACO14123097M","SC-ICF JONES & STOKES, NTP#2

16V/50/50HWAA","MACHADO LAKE ECOSYSTEM TOS #EMGD-003-T,INV#0126546","0",,"0","0","0","0",,"2017-07-28T00:00:00.000","1",,,,,"CITY",,,,"USD",,"100024616-ICF JONES & STOKES, INC."
"4700026","2018","NON_DEPARTMENTAL","STATE WATER RESOURCES CONTROL BOARD","2018-01-31T00:00:00.000","1500",,"6666666666","GENERAL GOVERNMENT","GOVERNMENTAL","CAPITAL PROJECTS","GOB 2009 CLEAN WATER CLEANUP","16T","ARGO DRAIN SUB BASIN FACILITY.1","50LWAF","AD26180000062012","SUPPLIES & OTHER SERVICES",,"7","2018-07 (JAN)","2018-03","1","JANUARY,2018","JANUARY","FMS",,,"50","GOB 2009 CLEAN WATER CLEANUP","100002610","95812-0100","CHECK","PAID","GAX501816T500097",,,"2018-01-11T00:00:00.000","1","1","GAEAE50AE1816T002M","SWRCB ANNUAL STORMWATER PERMIT - ARGO-16T/50LWAF","ANNUAL STORMWATER PERMIT - ARGO DRAIN, WO#EW40067B

INV#WD-0133770",,,,,,"0",,"2018-01-29T00:00:00.000","0",,,,,"CITY",,,,"USD",,"100002610-STATE WATER RESOURCES CONTROL BOARD"
"4790726","2018","NON_DEPARTMENTAL","OHL USA INC","2017-12-26T00:00:00.000","1125979.5",,"2732354","GENERAL GOVERNMENT","GOVERNMENTAL","CAPITAL PROJECTS","GOB 2011A CLEAN WATER CLEANUP","16V","MACHADO LAKE ECOSYSTEM REHAB","50HWAA","AD26180000053136","IMPROVEMENTS OTHER THAN BUILDINGS",,"6","2018-06 (DEC)","2018-02","12","DECEMBER,2017","DECEMBER","FMS",,,"50","GOB 2011A CLEAN WATER CLEANUP","VC0000014741","92614-7279","CHECK","PAID","PRC501816V500086",,,"2017-12-08T00:00:00.000","1","1","SC50MSACO14123672KO","SC-OHL USA-MACHADO LAKE  CHANGE ORDER#045","MACHADO LAKE ECOSYSTEM REHAB,CHANGE ORDERS#045=$52,467.00","0",,"0","0","0","0",,"2017-12-21T00:00:00.000","1",,,,,"CITY",,,,"USD",,"VC0000014741-OHL USA INC"
"4790693","2018","NON_DEPARTMENTAL","GREEN BUILDING CORPORATION","2017-12-07T00:00:00.000","318693.79",,"2605248","GENERAL GOVERNMENT","GOVERNMENTAL","CAPITAL PROJECTS","GOB 2009 CLEAN WATER CLEANUP","16T","TEMESCAL CANYON PRK PHASE II","50FD17","AD26180000048265","SUPPLIES & OTHER SERVICES",,"6","2018-06 (DEC)","2018-02","12","DECEMBER,2017","DECEMBER","FMS",,,"50","GOB 2009 CLEAN WATER CLEANUP","VC0000014690","91406","CHECK","PAID","PRC501816T500078",,,"2017-11-16T00:00:00.000","1","1","SC50MSACO17127470KO","SC-GREEN BUILDING CORPORATION, CO#127470,TEMESCAL","TEMESCAL CANYON PARK,  CH ORDER#1,2,3,11,13= $32,022.94,  WO#EW400029F","0",,"0","0","0","0",,"2018-04-11T00:00:00.000","1",,,,,"CITY",,,,"USD",,"VC0000014690-GREEN BUILDING CORPORATION"
"4790976","2018","NON_DEPARTMENTAL","GREEN BUILDING CORPORATION","2017-12-07T00:00:00.000","202515.05",,"2605248","GENERAL GOVERNMENT","GOVERNMENTAL","CAPITAL PROJECTS","GOB 2009 CLEAN WATER CLEANUP","16T","PENMAR WATER QLTY PHASE II","50FZAA","AD26180000048520","SUPPLIES & OTHER SERVICES",,"6","2018-06 (DEC)","2018-02","12","DECEMBER,2017","DECEMBER","FMS",,,"50","GOB 2009 CLEAN WATER CLEANUP","VC0000014690","91406","CHECK","PAID","PRC501816T500077",,,"2017-11-15T00:00:00.000","1","1","SC50MSACO17127429KO","SC-GREEN BUILDING CORPORATION, CO#127429","PENMAR WATER QUALITY PH 11,  WO#EW400028F,CHANGE ORDERS#1,3,10,12=$32,428.94","0",,"0","0","0","0",,"2018-03-08T00:00:00.000","1",,,,,"CITY",,,,"USD",,"VC0000014690-GREEN BUILDING CORPORATION"
"4772366","2018","NON_DEPARTMENTAL","CAROLLO ENGINEERS APC","2017-12-20T00:00:00.000","133827.73",,"3012385","GENERAL GOVERNMENT","GOVERNMENTAL","CAPITAL PROJECTS","GOB 2009 CLEAN WATER CLEANUP","16T","PROP O OPTIMIZATION","50MYAF","AD26180000052084","SUPPLIES & OTHER SERVICES",,"6","2018-06 (DEC)","2018-02","12","DECEMBER,2017","DECEMBER","FMS",,,"50","GOB 2009 CLEAN WATER CLEANUP","100024382","84130-0835","CHECK","PAID","PRC501816T500081",,,"2017-10-31T00:00:00.000","1","1","SC50MSACO16124324MC","TOS SN#39, PROP O OPTIMIZATION, WO#EW40PCON","TOS SN-39 ,PROP.O  OPTIMIZATION, FUND 16T,/50MYAF,INV#0161613","0",,"0","0","0","0",,"2017-07-01T00:00:00.000","1",,,,,"CITY",,,,"USD",,"100024382-CAROLLO ENGINEERS APC"
"4772364","2018","NON_DEPARTMENTAL","CAROLLO ENGINEERS APC","2017-12-19T00:00:00.000","16748.84",,"3012385","GENERAL GOVERNMENT","GOVERNMENTAL","CAPITAL PROJECTS","GOB 2009 CLEAN WATER CLEANUP","16T","PROP O OPTIMIZATION","50MYAF","AD26180000051559","SUPPLIES & OTHER SERVICES",,"6","2018-06 (DEC)","2018-02","12","DECEMBER,2017","DECEMBER","FMS",,,"50","GOB 2009 CLEAN WATER CLEANUP","100024382","84130-0835","CHECK","PAID","PRC501816T500082",,,"2017-11-14T00:00:00.000","1","1","SC50MSACO16124324MC","TOS SN#39, PROP O OPTIMIZATION, WO#EW40PCON","TOS SN-39 ,PROP.O OPTIMIZATION, FUND 16T/50MYAF,INV#0162065,","0",,"0","0","0","0",,"2017-07-01T00:00:00.000","1",,,,,"CITY",,,,"USD",,"100024382-CAROLLO ENGINEERS APC"
"4770712","2018","NON_DEPARTMENTAL","ARCADIS U.S. INC","2017-12-27T00:00:00.000","13054.8",,"143256","GENERAL GOVERNMENT","GOVERNMENTAL","CAPITAL PROJECTS","GOB 2009 CLEAN WATER CLEANUP","16T","MACHADO LAKE-PHASE I","50FC18","AD26180000053285","SUPPLIES & OTHER SERVICES",,"6","2018-06 (DEC)","2018-02","12","DECEMBER,2017","DECEMBER","FMS",,,"50","GOB 2009 CLEAN WATER CLEANUP","100035931","60693-0626","CHECK","PAID","PRC501816T500083",,,"2017-12-08T00:00:00.000","1","1","SC50CO18129644MO","SC-ARCADIS,C#129644 ALBION

RIVERSIDE,NTP#4=$750,000.00","MACHADO(WILMINGTON) INV#0878236=$13,054.80","0",,"0","0","0","0",,"2018-02-13T00:00:00.000","7",,,,,"CITY",,,,"USD",,"100035931-ARCADIS U.S. INC"
"4777296","2018","NON_DEPARTMENTAL","ARCADIS U.S. INC","2017-12-20T00:00:00.000","12365.03",,"143256","GENERAL GOVERNMENT","GOVERNMENTAL","CAPITAL PROJECTS","GOB 2009 CLEAN WATER CLEANUP","16T","MACHADO LAKE ECOSYSTEM REHAB","50FC19","AD26180000051913","SUPPLIES & OTHER SERVICES",,"6","2018-06 (DEC)","2018-02","12","DECEMBER,2017","DECEMBER","FMS",,,"50","GOB 2009 CLEAN WATER CLEANUP","100035931","60693-0626","CHECK","PAID","PRC501816T500084",,,"2017-12-06T00:00:00.000","1","1","SC50CO18129644MO","SC-ARCADIS,C#129644 ALBION

RIVERSIDE,NTP#4=$750,000.00","INV#0878232,NTP#1, STO#09-01, MACHADO LAKE ECOSYSTEM REHABILITATION,16T/50FC19","0",,"0","0","0","0",,"2018-02-13T00:00:00.000","1",,,,,"CITY",,,,"USD",,"100035931-ARCADIS U.S. INC"
"4790715","2018","NON_DEPARTMENTAL","MURRAY PLUMBING AND HEATING CORP.","2017-12-21T00:00:00.000","10000",,"80973","GENERAL GOVERNMENT","GOVERNMENTAL","CAPITAL PROJECTS","GOB 2008A CLEAN WATER CLEANUP","16Q","SMB/BC MAR VISTA RECREATION CT","50EA14","AD26180000052529","SUPPLIES & OTHER SERVICES",,"6","2018-06 (DEC)","2018-02","12","DECEMBER,2017","DECEMBER","FMS",,,"50","GOB 2008A CLEAN WATER CLEANUP","100013461","90221","CHECK","PAID","PRC501816Q500087",,,"2017-11-14T00:00:00.000","1","1","SC50MSACO17125471KO","ENC FOR MAR VISTA RECCTR PH11-WO#EW40053F-PROPO","MAR VISTA REC CTR PH2,CISCO CONST. -PROP.O,WO#EW40053F","0",,"0","0","0","0",,"2017-07-01T00:00:00.000","1",,,,,"CITY",,,,"USD",,"100013461-MURRAY PLUMBING AND HEATING CORP."
"4768608","2018","NON_DEPARTMENTAL","CAROLLO ENGINEERS APC","2017-12-20T00:00:00.000","5347.82",,"3012385","GENERAL GOVERNMENT","GOVERNMENTAL","CAPITAL PROJECTS","GOB 2009 CLEAN WATER CLEANUP","16T","PENMAR WATER QLTY PHASE II","50FZAA","AD26180000051902","SUPPLIES & OTHER SERVICES",,"6","2018-06 (DEC)","2018-02","12","DECEMBER,2017","DECEMBER","FMS",,,"50","GOB 2009 CLEAN WATER CLEANUP","100024382","84130-0835","CHECK","PAID","PRC501816T500085",,,"2017-12-15T00:00:00.000","1","1","SC50CO18129648M","NTP#2,TOS#12,PENMAR/TEMESCAL","PENMAR,INV#0161639,TOS#12,16T/50FZAA,EW40028D","0",,"0","0","0","0",,"2018-02-12T00:00:00.000","1",,,,,"CITY",,,,"USD",,"100024382-CAROLLO ENGINEERS APC"
"4773486","2018","NON_DEPARTMENTAL","ECOLOGY CONTROL INDUSTRIES INC","2017-12-11T00:00:00.000","2000",,"361776","GENERAL GOVERNMENT","GOVERNMENTAL","CAPITAL PROJECTS","GOB 2011A CLEAN WATER CLEANUP","16V","CATCH BASIN INSERTS / OPENINGS PH IV","50KZAA","AD26180000049322","IMPROVEMENTS OTHER THAN BUILDINGS",,"6","2018-06 (DEC)","2018-02","12","DECEMBER,2017","DECEMBER","FMS",,,"50","GOB 2011A CLEAN WATER CLEANUP","VC0000029149","90248","CHECK","PAID","PRC501816V500078",,,"2017-12-05T00:00:00.000","1","1","SC50CO18129927MO","SC-ECOLOGY CONTROL INDUSTRIES, CO#129927,CATCH BASIN IV","CATCH BASIN IV INSERTS, C#129927,16V/50KZAA,EW40065F","0",,"0","0","0","0",,"2017-12-11T00:00:00.000","1",,,,,"CITY",,,,"USD",,"VC0000029149-ECOLOGY CONTROL INDUSTRIES INC"
"4768607","2018","NON_DEPARTMENTAL","CAROLLO ENGINEERS APC","2017-12-20T00:00:00.000","1957.95",,"3012385","GENERAL GOVERNMENT","GOVERNMENTAL","CAPITAL PROJECTS","GOB 2009 CLEAN WATER CLEANUP","16T","TEMESCAL CANYON PRK PHASE II","50FD17","AD26180000051902","SUPPLIES & OTHER SERVICES",,"6","2018-06 (DEC)","2018-02","12","DECEMBER,2017","DECEMBER","FMS",,,"50","GOB 2009 CLEAN WATER CLEANUP","100024382","84130-0835","CHECK","PAID","PRC501816T500085",,,"2017-12-15T00:00:00.000","1","2","SC50CO18129648M","NTP#2,TOS#12,PENMAR/TEMESCAL","TEMESCAL,INV#0161639, TOS#12,16T/50FD17,EW40029D","0",,"0","0","0","0",,"2018-02-12T00:00:00.000","1",,,,,"CITY",,,,"USD",,"100024382-CAROLLO ENGINEERS APC"
"4699401","2018","NON_DEPARTMENTAL","STATE WATER RESOURCES CONTROL BOARD","2017-12-14T00:00:00.000","1198",,"6666666666","GENERAL GOVERNMENT","GOVERNMENTAL","CAPITAL PROJECTS","GOB 2009 CLEAN WATER CLEANUP","16T","MACHADO LAKE ECOSYSTEM REHAB","50FC19","AD26180000050352","SUPPLIES & OTHER SERVICES",,"6","2018-06 (DEC)","2018-02","12","DECEMBER,2017","DECEMBER","FMS",,,"50","GOB 2009 CLEAN WATER CLEANUP","100002610","95812-0100","CHECK","PAID","GAX501816T500080",,,"2017-11-20T00:00:00.000","1","1","GAEAE50AE1816T001M","SWRCB ANNUAL STORMWATER PERMIT - MACHADO","ANNUAL STORMWATER PERMIT - MACHADO LAKE, WO#EW40022B

INV#SW-0138130",,,,,,"0",,"2017-12-11T00:00:00.000","0",,,,,"CITY",,,,"USD",,"100002610-STATE WATER RESOURCES CONTROL BOARD"
"4769178","2018","NON_DEPARTMENTAL","CDM SMITH INC","2017-12-14T00:00:00.000","771.62",,"2002979","GENERAL GOVERNMENT","GOVERNMENTAL","CAPITAL PROJECTS","GOB 2011A CLEAN WATER CLEANUP","16V","MACHADO LAKE ECOSYSTEM REHAB","50HWAA","AD26180000050475","SUPPLIES & OTHER SERVICES",,"6","2018-06 (DEC)","2018-02","12","DECEMBER,2017","DECEMBER","FMS",,,"50","GOB 2011A CLEAN WATER CLEANUP","100001119","90074-5354","CHECK","PAID","PRC501816V500079",,,"2017-12-07T00:00:00.000","1","1","SC50MSACO13120703M","GAE - CDM SMITH INC C-120703  DIS ENCUM-$4,037.57","MACHADO LAKE ECOSYSTEM  TOS#11, ST0#02 PER NTP NO. 4 DATED 12/17/14=$327,452.00","0",,"0","0","0","0",,"2017-07-01T00:00:00.000","1",,,,,"CITY",,,,"USD",,"100001119-CDM SMITH INC"
"4790717","2018","NON_DEPARTMENTAL","SULLY MILLER CONTRACTING CO","2017-11-01T00:00:00.000","1071903.01",,"940327","GENERAL GOVERNMENT","GOVERNMENTAL","CAPITAL PROJECTS","GOB 2009 CLEAN WATER CLEANUP","16T","ALBION RIVERSIDE PARK IMPROVEMENTS","50KXAD","AD26180000037879","SUPPLIES & OTHER SERVICES",,"5","2018-05 (NOV)","2018-02","11","NOVEMBER,2017","NOVEMBER","FMS",,,"50","GOB 2009 CLEAN WATER CLEANUP","100011337","92821","CHECK","PAID","PRC501816T500070",,,"2017-10-24T00:00:00.000","1","1","SC50MSACO17129088KO","SC-SULLY-MILLER,

 C#1209088  ALBION -PROP.O","ALBION RIVERSIDE PARK, NTP 3/29/17, BR DTD 3/3/2017 WO#EW400060F","0",,"0","0","0","0",,"2017-12-18T00:00:00.000","1",,,,,"CITY",,,,"USD",,"100011337-SULLY MILLER CONTRACTING CO"
"4772367","2018","NON_DEPARTMENTAL","CAROLLO ENGINEERS APC","2017-11-09T00:00:00.000","116224.55",,"3012385","GENERAL GOVERNMENT","GOVERNMENTAL","CAPITAL PROJECTS","GOB 2009 CLEAN WATER CLEANUP","16T","PROP O OPTIMIZATION","50MYAF","AD26180000040272","SUPPLIES & OTHER SERVICES",,"5","2018-05 (NOV)","2018-02","11","NOVEMBER,2017","NOVEMBER","FMS",,,"50","GOB 2009 CLEAN WATER CLEANUP","100024382","84130-0835","CHECK","PAID","PRC501816T500072",,,"2017-08-24T00:00:00.000","1","1","SC50MSACO16124324MC","TOS SN#39, PROP O OPTIMIZATION, WO#EW40PCON","TOS SN-39 ,PROP.O OPTIMIZATION, FUND 16T,INV#0159782R","0",,"0","0","0","0",,"2017-07-01T00:00:00.000","1",,,,,"CITY",,,,"USD",,"100024382-CAROLLO ENGINEERS APC"
"4772363","2018","NON_DEPARTMENTAL","CAROLLO ENGINEERS APC","2017-11-07T00:00:00.000","70171.53",,"3012385","GENERAL GOVERNMENT","GOVERNMENTAL","CAPITAL PROJECTS","GOB 2009 CLEAN WATER CLEANUP","16T","PROP O OPTIMIZATION","50MYAF","AD26180000039478","SUPPLIES & OTHER SERVICES",,"5","2018-05 (NOV)","2018-02","11","NOVEMBER,2017","NOVEMBER","FMS",,,"50","GOB 2009 CLEAN WATER CLEANUP","100024382","84130-0835","CHECK","PAID","PRC501816T500071",,,"2017-07-27T00:00:00.000","1","1","SC50MSACO16124324MC","TOS SN#39, PROP O OPTIMIZATION, WO#EW40PCON","TOS SN-39 ,PROP.O OPTIMIZATION, FUND 16T, INV#0159459","0",,"0","0","0","0",,"2017-07-01T00:00:00.000","1",,,,,"CITY",,,,"USD",,"100024382-CAROLLO ENGINEERS APC"
"4772979","2018","NON_DEPARTMENTAL","TETRA TECH INC","2017-11-13T00:00:00.000","19009",,"697684","GENERAL GOVERNMENT","GOVERNMENTAL","CAPITAL PROJECTS","GOB 2009 CLEAN WATER CLEANUP","16T","ALBION RIVERSIDE PARK IMPROVEMENTS","50KXAD","AD26180000041440","SUPPLIES & OTHER SERVICES",,"5","2018-05 (NOV)","2018-02","11","NOVEMBER,2017","NOVEMBER","FMS",,,"50","GOB 2009 CLEAN WATER CLEANUP","100001158","80291-1677","CHECK","PAID","PRC501816T500074",,,"2017-11-07T00:00:00.000","1","1","SC50CO18129660M","SC-TETRA TECH, CO#129660

TOS#11,NTP#1 & 2,EW40062D","ALBION RIVERSIDE, C#129660 TOS#8,NTP#1,EW40060F","0",,"0","0","0","0",,"2018-04-17T00:00:00.000","1",,,,,"CITY",,,,"USD",,"100001158-TETRA TECH INC"
"4778444","2018","NON_DEPARTMENTAL","ICF JONES & STOKES, INC.","2017-11-30T00:00:00.000","4260.19",,"861804","GENERAL GOVERNMENT","GOVERNMENTAL","CAPITAL PROJECTS","GOB 2011A CLEAN WATER CLEANUP","16V","MACHADO LAKE ECOSYSTEM REHAB","50HWAA","AD26180000046426","SUPPLIES & OTHER SERVICES",,"5","2018-05 (NOV)","2018-02","11","NOVEMBER,2017","NOVEMBER","FMS",,,"50","GOB 2011A CLEAN WATER CLEANUP","100024616","60677-5367","CHECK","PAID","PRC501816V500076",,,"2017-11-06T00:00:00.000","1","1","SC50MSACO14123097M","SC-ICF JONES & STOKES, NTP#2

16V/50/50HWAA","MACHADO LAKE ECOSYSTEM TOS #EMGD-003-T,NTP#2, ENCUMBER=$49,511.00","0",,"0","0","0","0",,"2017-07-28T00:00:00.000","1",,,,,"CITY",,,,"USD",,"100024616-ICF JONES & STOKES, INC."
"4773490","2018","NON_DEPARTMENTAL","SWCA INCORPORATED","2017-11-13T00:00:00.000","212.96",,"2466104","GENERAL GOVERNMENT","GOVERNMENTAL","CAPITAL PROJECTS","GOB 2009 CLEAN WATER CLEANUP","16T","PENMAR WATER QLTY PHASE II","50FZAA","AD26180000041456","SUPPLIES & OTHER SERVICES",,"5","2018-05 (NOV)","2018-02","11","NOVEMBER,2017","NOVEMBER","FMS",,,"50","GOB 2009 CLEAN WATER CLEANUP","100036600","60009","CHECK","PAID","PRC501816T500073",,,"2017-10-01T00:00:00.000","1","1","SC50MSACO15123103MO","SC-SWCA,PROP.O  TOS#EMGS-011,ENCUMBER $4,785.30","SWCA TOS#EMGS-011, CULTURAL MITIGATION AND ARCHEOLOGICAL MONITORING-PENMAR PH II","0",,"0","0","0","0",,"2018-04-19T00:00:00.000","1",,,,,"CITY",,,,"USD",,"100036600-SWCA INCORPORATED"
"4694325","2018","NON_DEPARTMENTAL","SULLY MILLER CONTRACTING CO","2017-10-12T00:00:00.000","971260.84",,"940327","GENERAL GOVERNMENT","GOVERNMENTAL","CAPITAL PROJECTS","GOB 2009 CLEAN WATER CLEANUP","16T","ALBION RIVERSIDE PARK IMPROVEMENTS","50KXAD","AD26180000032645","SUPPLIES & OTHER SERVICES",,"4","2018-04 (OCT)","2018-02","10","OCTOBER,2017","OCTOBER","FMS",,,"50","GOB 2009 CLEAN WATER CLEANUP","100011337","92821","CHECK","PAID","PRC501816T500057",,,"2017-10-03T00:00:00.000","1","1","SC50MSACO17129088KO","SC-SULLY-MILLER,

 C#1209088  ALBION -PROP.O","ALBION RIVERSIDE PARK, NTP 3/29/17, BR DTD 3/3/2017 WO#EW400060F","0",,"0","0","0","0",,"2017-12-18T00:00:00.000","1",,,,,"CITY",,,,"USD",,"100011337-SULLY MILLER CONTRACTING CO"
"4693770","2018","NON_DEPARTMENTAL","ABIR COHEN TREYZON SALO LLP","2017-10-18T00:00:00.000","645130.14","CF170616","7777777777","GENERAL GOVERNMENT","GOVERNMENTAL","CAPITAL PROJECTS","GOB 2008A CLEAN WATER CLEANUP","16Q","CATCH BASIN PHASE III","50ED13","AD26180000033950","SUPPLIES & OTHER SERVICES","SETTLEMENT/JUDGMENT","4","2018-04 (OCT)","2018-02","10","OCTOBER,2017","OCTOBER","FMS","ABIR COHEN TREYZON SALO LLP","http://cityclerk.lacity.org/lacityclerkconnect/index.cfm?fa=ccfi.viewrecord&cfnumber=17-0616","50","GOB 2008A CLEAN WATER CLEANUP","VC0000025723",,"CHECK","PAID","GAX501816Q500059",,,"2017-10-17T00:00:00.000","1","3","GAE50CF18170616M","LIABILITY SETTLEMENT=$800,000.00","WEST COAST STORM V. CITY OF LOS ANGELES,CLAIMS  FOR DAMAGES CASE NO. BC507275",,,,,,"0",,"2017-10-17T00:00:00.000","0",,,,,"CITY",,,,"USD",,"VC0000025723-ABIR COHEN TREYZON SALO LLP"
"4694912","2018","NON_DEPARTMENTAL","GREEN BUILDING CORPORATION","2017-10-30T00:00:00.000","218874.68",,"2605248","GENERAL GOVERNMENT","GOVERNMENTAL","CAPITAL PROJECTS","GOB 2009 CLEAN WATER CLEANUP","16T","TEMESCAL CANYON PRK PHASE II","50FD17","AD26180000037054","SUPPLIES & OTHER SERVICES",,"4","2018-04 (OCT)","2018-02","10","OCTOBER,2017","OCTOBER","FMS",,,"50","GOB 2009 CLEAN WATER CLEANUP","VC0000014690","91406","CHECK","PAID","PRC501816T500068",,,"2017-10-19T00:00:00.000","1","1","SC50MSACO17127470KO","SC-GREEN BUILDING CORPORATION, CO#127470,TEMESCAL","TEMESCAL CANYON PARK,  CH ORDER#9= $364.00  WO#EW400029F","0",,"0","0","0","0",,"2018-04-11T00:00:00.000","1",,,,,"CITY",,,,"USD",,"VC0000014690-GREEN BUILDING CORPORATION"
"4686008","2018","NON_DEPARTMENTAL","GREEN BUILDING CORPORATION","2017-10-30T00:00:00.000","176496.99",,"2605248","GENERAL GOVERNMENT","GOVERNMENTAL","CAPITAL PROJECTS","GOB 2009 CLEAN WATER CLEANUP","16T","PENMAR WATER QLTY PHASE II","50FZAA","AD26180000037289","SUPPLIES & OTHER SERVICES",,"4","2018-04 (OCT)","2018-02","10","OCTOBER,2017","OCTOBER","FMS",,,"50","GOB 2009 CLEAN WATER CLEANUP","VC0000014690","91406","CHECK","PAID","PRC501816T500067",,,"2017-10-19T00:00:00.000","1","1","SC50MSACO17127429KO","SC-GREEN BUILDING CORPORATION, CO#127429","PENMAR WATER QUALITY PH 11,  WO#EW400028F,PR#13","0",,"0","0","0","0",,"2018-03-08T00:00:00.000","1",,,,,"CITY",,,,"USD",,"VC0000014690-GREEN BUILDING CORPORATION"
"4693769","2018","NON_DEPARTMENTAL","ABIR COHEN TREYZON SALO LLP","2017-10-18T00:00:00.000","114174.12","CF170616","7777777777","GENERAL GOVERNMENT","GOVERNMENTAL","CAPITAL PROJECTS","GOB 2009 CLEAN WATER CLEANUP","16T","CATCH BASIN PHASE III","50FA18","AD26180000033950","SUPPLIES & OTHER SERVICES","SETTLEMENT/JUDGMENT","4","2018-04 (OCT)","2018-02","10","OCTOBER,2017","OCTOBER","FMS","ABIR COHEN TREYZON SALO LLP","http://cityclerk.lacity.org/lacityclerkconnect/index.cfm?fa=ccfi.viewrecord&cfnumber=17-0616","50","GOB 2009 CLEAN WATER CLEANUP","VC0000025723",,"CHECK","PAID","GAX501816Q500059",,,"2017-10-17T00:00:00.000","1","4","GAE50CF18170616M","LIABILITY SETTLEMENT=$800,000.00","WEST COAST STORM V. CITY OF LOS ANGELES,CLAIMS  FOR DAMAGES CASE NO. BC507275",,,,,,"0",,"2017-10-17T00:00:00.000","0",,,,,"CITY",,,,"USD",,"VC0000025723-ABIR COHEN TREYZON SALO LLP"
"4693768","2018","NON_DEPARTMENTAL","ABIR COHEN TREYZON SALO LLP","2017-10-18T00:00:00.000","30340","CF170616","7777777777","GENERAL GOVERNMENT","GOVERNMENTAL","CAPITAL PROJECTS","GOB 2008A CLEAN WATER CLEANUP","16Q","CATCH BASIN PHASE III","50EA18","AD26180000033950","SUPPLIES & OTHER SERVICES","SETTLEMENT/JUDGMENT","4","2018-04 (OCT)","2018-02","10","OCTOBER,2017","OCTOBER","FMS","ABIR COHEN TREYZON SALO LLP","http://cityclerk.lacity.org/lacityclerkconnect/index.cfm?fa=ccfi.viewrecord&cfnumber=17-0616","50","GOB 2008A CLEAN WATER CLEANUP","VC0000025723",,"CHECK","PAID","GAX501816Q500059",,,"2017-10-17T00:00:00.000","1","2","GAE50CF18170616M","LIABILITY SETTLEMENT=$800,000.00","WEST COAST STORM V. CITY OF LOS ANGELES,CLAIMS  FOR DAMAGES CASE NO. BC507275",,,,,,"0",,"2017-10-17T00:00:00.000","0",,,,,"CITY",,,,"USD",,"VC0000025723-ABIR COHEN TREYZON SALO LLP"
"4695563","2018","NON_DEPARTMENTAL","CAROLLO ENGINEERS APC","2017-10-26T00:00:00.000","14607.41",,"3012385","GENERAL GOVERNMENT","GOVERNMENTAL","CAPITAL PROJECTS","GOB 2009 CLEAN WATER CLEANUP","16T","PENMAR WATER QLTY PHASE II","50FZAA","AD26180000036518","SUPPLIES & OTHER SERVICES",,"4","2018-04 (OCT)","2018-02","10","OCTOBER,2017","OCTOBER","FMS",,,"50","GOB 2009 CLEAN WATER CLEANUP","100024382","84130-0835","CHECK","PAID","PRC501816T500069",,,"2017-10-18T00:00:00.000","1","1","SC50CO18129648M","NTP#2,TOS#12,PENMAR/TEMESCAL","PENMAR,NTP#1,TOS#12,16T/50FZAA,EW40028D","0",,"0","0","0","0",,"2018-02-12T00:00:00.000","1",,,,,"CITY",,,,"USD",,"100024382-CAROLLO ENGINEERS APC"
"4693771","2018","NON_DEPARTMENTAL","ABIR COHEN TREYZON SALO LLP","2017-10-18T00:00:00.000","10355.74","CF170616","7777777777","GENERAL GOVERNMENT","GOVERNMENTAL","CAPITAL PROJECTS","GOB 2006A CLEAN WATER CLEANUP","16M","CB SCREENS-PHASE III","50AA18","AD26180000033950","SUPPLIES & OTHER SERVICES","SETTLEMENT/JUDGMENT","4","2018-04 (OCT)","2018-02","10","OCTOBER,2017","OCTOBER","FMS","ABIR COHEN TREYZON SALO LLP","http://cityclerk.lacity.org/lacityclerkconnect/index.cfm?fa=ccfi.viewrecord&cfnumber=17-0616","50","GOB 2006A CLEAN WATER CLEANUP","VC0000025723",,"CHECK","PAID","GAX501816Q500059",,,"2017-10-17T00:00:00.000","1","1","GAE50CF18170616M","LIABILITY SETTLEMENT=$800,000.00","WEST COAST STORM V. CITY OF LOS ANGELES,CLAIMS  FOR DAMAGES CASE NO. BC507275",,,,,,"0",,"2017-10-17T00:00:00.000","0",,,,,"CITY",,,,"USD",,"VC0000025723-ABIR COHEN TREYZON SALO LLP"
"4659723","2018","NON_DEPARTMENTAL","ICF JONES & STOKES, INC.","2017-10-19T00:00:00.000","9957.9",,"861804","GENERAL GOVERNMENT","GOVERNMENTAL","CAPITAL PROJECTS","GOB 2011A CLEAN WATER CLEANUP","16V","MACHADO LAKE ECOSYSTEM REHAB","50HWAA","AD26180000034403","SUPPLIES & OTHER SERVICES",,"4","2018-04 (OCT)","2018-02","10","OCTOBER,2017","OCTOBER","FMS",,,"50","GOB 2011A CLEAN WATER CLEANUP","100024616","60677-5367","CHECK","PAID","PRC501816V500060",,,"2017-09-19T00:00:00.000","1","1","SC50MSACO14123097M","SC-ICF JONES & STOKES, NTP#2

16V/50/50HWAA","MACHADO LAKE ECOSYSTEM TOS #EMGD-003-T,NTP#2, ENCUMBER=$49,511.00","0",,"0","0","0","0",,"2017-07-28T00:00:00.000","1",,,,,"CITY",,,,"USD",,"100024616-ICF JONES & STOKES, INC."
"4695562","2018","NON_DEPARTMENTAL","CAROLLO ENGINEERS APC","2017-10-26T00:00:00.000","8921.98",,"3012385","GENERAL GOVERNMENT","GOVERNMENTAL","CAPITAL PROJECTS","GOB 2009 CLEAN WATER CLEANUP","16T","TEMESCAL CANYON PRK PHASE II","50FD17","AD26180000036518","SUPPLIES & OTHER SERVICES",,"4","2018-04 (OCT)","2018-02","10","OCTOBER,2017","OCTOBER","FMS",,,"50","GOB 2009 CLEAN WATER CLEANUP","100024382","84130-0835","CHECK","PAID","PRC501816T500069",,,"2017-10-18T00:00:00.000","1","2","SC50CO18129648M","NTP#2,TOS#12,PENMAR/TEMESCAL","TEMESCAL,NTP#1, TOS#12, 16T/50FD17,EW40029D","0",,"0","0","0","0",,"2018-02-12T00:00:00.000","1",,,,,"CITY",,,,"USD",,"100024382-CAROLLO ENGINEERS APC"
"4694866","2018","NON_DEPARTMENTAL","CDM SMITH INC","2017-10-11T00:00:00.000","8106.46",,"2002979","GENERAL GOVERNMENT","GOVERNMENTAL","CAPITAL PROJECTS","GOB 2011A CLEAN WATER CLEANUP","16V","MACHADO LAKE ECOSYSTEM REHAB","50HWAA","AD26180000030721","SUPPLIES & OTHER SERVICES",,"4","2018-04 (OCT)","2018-02","10","OCTOBER,2017","OCTOBER","FMS",,,"50","GOB 2011A CLEAN WATER CLEANUP","100001119","90074-5354","CHECK","PAID","PRC501816V500058",,,"2017-08-18T00:00:00.000","1","1","SC50MSACO13120703M","GAE - CDM SMITH INC C-120703  DIS ENCUM-$4,037.57","MACHADO LAKE ECOSYSTEM  TOS#11, ST0#02 PER NTP NO. 4 DATED 12/17/14=$327,452.00","0",,"0","0","0","0",,"2017-07-01T00:00:00.000","1",,,,,"CITY",,,,"USD",,"100001119-CDM SMITH INC"
"4659724","2018","NON_DEPARTMENTAL","ICF JONES & STOKES, INC.","2017-10-19T00:00:00.000","5213.33",,"861804","GENERAL GOVERNMENT","GOVERNMENTAL","CAPITAL PROJECTS","GOB 2011A CLEAN WATER CLEANUP","16V","MACHADO LAKE ECOSYSTEM REHAB","50HWAA","AD26180000034404","SUPPLIES & OTHER SERVICES",,"4","2018-04 (OCT)","2018-02","10","OCTOBER,2017","OCTOBER","FMS",,,"50","GOB 2011A CLEAN WATER CLEANUP","100024616","60677-5367","CHECK","PAID","PRC501816V500061",,,"2017-10-03T00:00:00.000","1","1","SC50MSACO14123097M","SC-ICF JONES & STOKES, NTP#2

16V/50/50HWAA","MACHADO LAKE ECOSYSTEM TOS #EMGD-003-T,NTP#2, ENCUMBER=$49,511.00","0",,"0","0","0","0",,"2017-07-28T00:00:00.000","1",,,,,"CITY",,,,"USD",,"100024616-ICF JONES & STOKES, INC."
"4685181","2018","NON_DEPARTMENTAL","ARCADIS U.S. INC","2017-10-23T00:00:00.000","4846",,"143256","GENERAL GOVERNMENT","GOVERNMENTAL","CAPITAL PROJECTS","GOB 2009 CLEAN WATER CLEANUP","16T","MACHADO LAKE ECOSYSTEM REHAB","50FC19","AD26180000035037","SUPPLIES & OTHER SERVICES",,"4","2018-04 (OCT)","2018-02","10","OCTOBER,2017","OCTOBER","FMS",,,"50","GOB 2009 CLEAN WATER CLEANUP","100035931","60693-0626","CHECK","PAID","PRC501816T500065",,,"2017-09-20T00:00:00.000","1","1","SC50MSACO16120715M","SC/GAE-ARCADIS, CO#120715 DIS-ENCUMBER,STO#49-06/49-14","MACHADO ECOSYSTEM, NTP#13,TOS#49-14, WO#EW40022F,TO RESTORE PO BALANCE=$91,593.82","0",,"0","0","0","0",,"2017-10-26T00:00:00.000","1",,,,,"CITY",,,,"USD",,"100035931-ARCADIS U.S. INC"
"4685180","2018","NON_DEPARTMENTAL","ARCADIS U.S. INC","2017-10-20T00:00:00.000","4379.71",,"143256","GENERAL GOVERNMENT","GOVERNMENTAL","CAPITAL PROJECTS","GOB 2009 CLEAN WATER CLEANUP","16T","MACHADO LAKE ECOSYSTEM REHAB","50FC19","AD26180000034878","SUPPLIES & OTHER SERVICES",,"4","2018-04 (OCT)","2018-02","10","OCTOBER,2017","OCTOBER","FMS",,,"50","GOB 2009 CLEAN WATER CLEANUP","100035931","60693-0626","CHECK","PAID","PRC501816T500064",,,"2017-09-20T00:00:00.000","1","1","SC50MSACO16120715M","SC/GAE-ARCADIS, CO#120715 DIS-ENCUMBER,STO#49-06/49-14","MACHADO ECOSYSTEM, NTP#6R,TOS#49-06, W","0",,"0","0","0","0",,"2017-10-26T00:00:00.000","1",,,,,"CITY",,,,"USD",,"100035931-ARCADIS U.S. INC"
"4685178","2018","NON_DEPARTMENTAL","ARCADIS U.S. INC","2017-10-20T00:00:00.000","3995.43",,"143256","GENERAL GOVERNMENT","GOVERNMENTAL","CAPITAL PROJECTS","GOB 2011A CLEAN WATER CLEANUP","16V","MACHADO LAKE ECOSYSTEM REHAB","50HWAA","AD26180000034878","SUPPLIES & OTHER SERVICES",,"4","2018-04 (OCT)","2018-02","10","OCTOBER,2017","OCTOBER","FMS",,,"50","GOB 2011A CLEAN WATER CLEANUP","100035931","60693-0626","CHECK","PAID","PRC501816V500063",,,"2017-09-20T00:00:00.000","1","2","SC50MSACO16120715M","SC/GAE-ARCADIS, CO#120715 DIS-ENCUMBER,STO#49-06/49-14","MACHADO ECOSYSTEM, NTP#49 ,TOS#49-06, WO#EW40022F=$497,729.00","0",,"0","0","0","0",,"2017-10-26T00:00:00.000","1",,,,,"CITY",,,,"USD",,"100035931-ARCADIS U.S. INC"
"4688016","2018","NON_DEPARTMENTAL","SWCA INCORPORATED","2017-10-23T00:00:00.000","1097.35",,"2466104","GENERAL GOVERNMENT","GOVERNMENTAL","CAPITAL PROJECTS","GOB 2009 CLEAN WATER CLEANUP","16T","PENMAR WATER QLTY PHASE II","50FZAA","AD26180000035224","SUPPLIES & OTHER SERVICES",,"4","2018-04 (OCT)","2018-02","10","OCTOBER,2017","OCTOBER","FMS",,,"50","GOB 2009 CLEAN WATER CLEANUP","100036600","60009","CHECK","PAID","PRC501816T500066",,,"2017-10-08T00:00:00.000","1","1","SC50MSACO15123103MO","SC-SWCA,PROP.O  TOS#EMGS-011,ENCUMBER $4,785.30","SWCA TOS#EMGS-011, CULTURAL MITIGATION AND ARCHEOLOGICAL MONITORING-PENMAR PH II","0",,"0","0","0","0",,"2018-04-19T00:00:00.000","1",,,,,"CITY",,,,"USD",,"100036600-SWCA INCORPORATED"
"4693838","2018","NON_DEPARTMENTAL","OHL-USA INC","2017-09-11T00:00:00.000","2000040",,"2732354","GENERAL GOVERNMENT","GOVERNMENTAL","CAPITAL PROJECTS","GOB 2011A CLEAN WATER CLEANUP","16V","MACHADO LAKE ECOSYSTEM REHAB","50HWAA","AD26180000018639","IMPROVEMENTS OTHER THAN BUILDINGS",,"3","2018-03 (SEP)","2018-01","9","SEPTEMBER,2017","SEPTEMBER","FMS",,,"50","GOB 2011A CLEAN WATER CLEANUP","VC0000014741","92614-7279","CHECK","PAID","PRC501816V500044",,,"2017-08-30T00:00:00.000","1","1","SC50MSACO14123672KO","SC-OHL USA-MACHADO LAKE  CHANGE ORDER#045","MACHADO LAKE ECOSYSTEM REHAB,PP#41, EW40022F","0",,"0","0","0","0",,"2017-12-21T00:00:00.000","1",,,,,"CITY",,,,"USD",,"VC0000014741-OHL-USA INC"
"4686006","2018","NON_DEPARTMENTAL","GREEN BUILDING CORPORATION","2017-09-08T00:00:00.000","522119.34",,"2605248","GENERAL GOVERNMENT","GOVERNMENTAL","CAPITAL PROJECTS","GOB 2009 CLEAN WATER CLEANUP","16T","PENMAR WATER QLTY PHASE II","50FZAA","AD26180000018208","SUPPLIES & OTHER SERVICES",,"3","2018-03 (SEP)","2018-01","9","SEPTEMBER,2017","SEPTEMBER","FMS",,,"50","GOB 2009 CLEAN WATER CLEANUP","VC0000014690","91406","CHECK","PAID","PRC501816T500042",,,"2017-08-18T00:00:00.000","1","1","SC50MSACO17127429KO","SC-GREEN BUILDING CORPORATION, CO#127429","PENMAR WATER QUALITY PH 11,  WO#EW400028F, PP#11","0",,"0","0","0","0",,"2018-03-08T00:00:00.000","1",,,,,"CITY",,,,"USD",,"VC0000014690-GREEN BUILDING CORPORATION"
"4686007","2018","NON_DEPARTMENTAL","GREEN BUILDING CORPORATION","2017-09-21T00:00:00.000","447991.27",,"2605248","GENERAL GOVERNMENT","GOVERNMENTAL","CAPITAL PROJECTS","GOB 2009 CLEAN WATER CLEANUP","16T","PENMAR WATER QLTY PHASE II","50FZAA","AD26180000024963","SUPPLIES & OTHER SERVICES",,"3","2018-03 (SEP)","2018-01","9","SEPTEMBER,2017","SEPTEMBER","FMS",,,"50","GOB 2009 CLEAN WATER CLEANUP","VC0000014690","91406","CHECK","PAID","PRC501816T500051",,,"2017-09-12T00:00:00.000","1","1","SC50MSACO17127429KO","SC-GREEN BUILDING CORPORATION, CO#127429","PENMAR WATER QUALITY PH 11,  WO#EW400028F,CHANGE ORDER#9=$726.00","0",,"0","0","0","0",,"2018-03-08T00:00:00.000","1",,,,,"CITY",,,,"USD",,"VC0000014690-GREEN BUILDING CORPORATION"
"4694358","2018","NON_DEPARTMENTAL","MURRAY PLUMBING AND HEATING CORP.","2017-09-11T00:00:00.000","262447",,"80973","GENERAL GOVERNMENT","GOVERNMENTAL","CAPITAL PROJECTS","GOB 2008A CLEAN WATER CLEANUP","16Q","SMB/BC MAR VISTA RECREATION CT","50EA14","AD26180000018390","SUPPLIES & OTHER SERVICES",,"3","2018-03 (SEP)","2018-01","9","SEPTEMBER,2017","SEPTEMBER","FMS",,,"50","GOB 2008A CLEAN WATER CLEANUP","100013461","90221","CHECK","PAID","PRC501816Q500043",,,"2017-07-31T00:00:00.000","1","1","SC50MSACO17125471KO","ENC FOR MAR VISTA RECCTR PH11-WO#EW40053F-PROPO","MAR VISTA REC CTR PH2,CISCO CONST. -PP#15 PROP.O,WO#EW40053F","0",,"0","0","0","0",,"2017-07-01T00:00:00.000","1",,,,,"CITY",,,,"USD",,"100013461-MURRAY PLUMBING AND HEATING CORP."
"4694910","2018","NON_DEPARTMENTAL","GREEN BUILDING CORPORATION","2017-09-07T00:00:00.000","257454.18",,"2605248","GENERAL GOVERNMENT","GOVERNMENTAL","CAPITAL PROJECTS","GOB 2009 CLEAN WATER CLEANUP","16T","TEMESCAL CANYON PRK PHASE II","50FD17","AD26180000017944","SUPPLIES & OTHER SERVICES",,"3","2018-03 (SEP)","2018-01","9","SEPTEMBER,2017","SEPTEMBER","FMS",,,"50","GOB 2009 CLEAN WATER CLEANUP","VC0000014690","91406","CHECK","PAID","PRC501816T500041",,,"2017-08-18T00:00:00.000","1","1","SC50MSACO17127470KO","SC-GREEN BUILDING CORPORATION, CO#127470,TEMESCAL","TEMESCAL CANYON PARK,  PP#11 WO#EW400029F","0",,"0","0","0","0",,"2018-04-11T00:00:00.000","1",,,,,"CITY",,,,"USD",,"VC0000014690-GREEN BUILDING CORPORATION"
"4694326","2018","NON_DEPARTMENTAL","SULLY MILLER CONTRACTING CO","2017-09-20T00:00:00.000","244010.01",,"940327","GENERAL GOVERNMENT","GOVERNMENTAL","CAPITAL PROJECTS","GOB 2009 CLEAN WATER CLEANUP","16T","ALBION RIVERSIDE PARK IMPROVEMENTS","50KXAD","AD26180000022571","SUPPLIES & OTHER SERVICES",,"3","2018-03 (SEP)","2018-01","9","SEPTEMBER,2017","SEPTEMBER","FMS",,,"50","GOB 2009 CLEAN WATER CLEANUP","100011337","92821","CHECK","PAID","PRC501816T500050",,,"2017-09-08T00:00:00.000","1","1","SC50MSACO17129088KO","SC-SULLY-MILLER,

 C#1209088  ALBION -PROP.O","ALBION RIVERSIDE PARK, NTP 3/29/17, BR DTD 3/3/2017 WO#EW400060F","0",,"0","0","0","0",,"2017-12-18T00:00:00.000","1",,,,,"CITY",,,,"USD",,"100011337-SULLY MILLER CONTRACTING CO"
"4694911","2018","NON_DEPARTMENTAL","GREEN BUILDING CORPORATION","2017-09-21T00:00:00.000","172188.6",,"2605248","GENERAL GOVERNMENT","GOVERNMENTAL","CAPITAL PROJECTS","GOB 2009 CLEAN WATER CLEANUP","16T","TEMESCAL CANYON PRK PHASE II","50FD17","AD26180000024963","SUPPLIES & OTHER SERVICES",,"3","2018-03 (SEP)","2018-01","9","SEPTEMBER,2017","SEPTEMBER","FMS",,,"50","GOB 2009 CLEAN WATER CLEANUP","VC0000014690","91406","CHECK","PAID","PRC501816T500052",,,"2017-09-12T00:00:00.000","1","2","SC50MSACO17127470KO","SC-GREEN BUILDING CORPORATION, CO#127470,TEMESCAL","TEMESCAL CANYON PARK, C#127470, PP#12EW400029F","0",,"0","0","0","0",,"2018-04-11T00:00:00.000","1",,,,,"CITY",,,,"USD",,"VC0000014690-GREEN BUILDING CORPORATION"
"4685179","2018","NON_DEPARTMENTAL","ARCADIS U.S. INC","2017-09-25T00:00:00.000","51424.94",,"143256","GENERAL GOVERNMENT","GOVERNMENTAL","CAPITAL PROJECTS","GOB 2009 CLEAN WATER CLEANUP","16T","MACHADO LAKE-PHASE I","50FC18","AD26180000025733","SUPPLIES & OTHER SERVICES",,"3","2018-03 (SEP)","2018-01","9","SEPTEMBER,2017","SEPTEMBER","FMS",,,"50","GOB 2009 CLEAN WATER CLEANUP","100035931","60693-0626","CHECK","PAID","PRC501816T500055",,,"2017-09-20T00:00:00.000","1","1","SC50MSACO16120715M","SC/GAE-ARCADIS, CO#120715 DIS-ENCUMBER,STO#49-06/49-14","MACHADO LAKE-PH1,WILMINGTON DRAIN, NTP#2R1,TOS#49-02,WO#EW40021F=$258,628.64","0",,"0","0","0","0",,"2017-10-26T00:00:00.000","1",,,,,"CITY",,,,"USD",,"100035931-ARCADIS U.S. INC"
"4685176","2018","NON_DEPARTMENTAL","ARCADIS U.S. INC","2017-09-21T00:00:00.000","38806.69",,"143256","GENERAL GOVERNMENT","GOVERNMENTAL","CAPITAL PROJECTS","GOB 2009 CLEAN WATER CLEANUP","16T","TEMESCAL CANYON PRK PHASE II","50FD17","AD26180000024769","SUPPLIES & OTHER SERVICES",,"3","2018-03 (SEP)","2018-01","9","SEPTEMBER,2017","SEPTEMBER","FMS",,,"50","GOB 2009 CLEAN WATER CLEANUP","100035931","60693-0626","CHECK","PAID","PRC501816T500054",,,"2017-09-20T00:00:00.000","1","1","SC50MSACO16120715M","SC/GAE-ARCADIS, CO#120715 DIS-ENCUMBER,STO#49-06/49-14","TEMESCAL CANYON, NTP#9, TOS#49 STO#49-09,ENCUMBER $344,592.00 WORK ORDER#EW40029F","0",,"0","0","0","0",,"2017-10-26T00:00:00.000","1",,,,,"CITY",,,,"USD",,"100035931-ARCADIS U.S. INC"
"4685177","2018","NON_DEPARTMENTAL","ARCADIS U.S. INC","2017-09-21T00:00:00.000","38516.69",,"143256","GENERAL GOVERNMENT","GOVERNMENTAL","CAPITAL PROJECTS","GOB 2009 CLEAN WATER CLEANUP","16T","PENMAR WATER QLTY PHASE II","50FZAA","AD26180000024768","SUPPLIES & OTHER SERVICES",,"3","2018-03 (SEP)","2018-01","9","SEPTEMBER,2017","SEPTEMBER","FMS",,,"50","GOB 2009 CLEAN WATER CLEANUP","100035931","60693-0626","CHECK","PAID","PRC501816T500053",,,"2017-09-20T00:00:00.000","1","1","SC50MSACO16120715M","SC/GAE-ARCADIS, CO#120715 DIS-ENCUMBER,STO#49-06/49-14","PENMAR WATER PHII, NTP#8, TOS#49 STO#49-08,INV#0867468","0",,"0","0","0","0",,"2017-10-26T00:00:00.000","1",,,,,"CITY",,,,"USD",,"100035931-ARCADIS U.S. INC"
"4659722","2018","NON_DEPARTMENTAL","ICF JONES & STOKES, INC.","2017-09-07T00:00:00.000","17105.17",,"861804","GENERAL GOVERNMENT","GOVERNMENTAL","CAPITAL PROJECTS","GOB 2011A CLEAN WATER CLEANUP","16V","MACHADO LAKE ECOSYSTEM REHAB","50HWAA","AD26180000017928","SUPPLIES & OTHER SERVICES",,"3","2018-03 (SEP)","2018-01","9","SEPTEMBER,2017","SEPTEMBER","FMS",,,"50","GOB 2011A CLEAN WATER CLEANUP","100024616","60677-5367","CHECK","PAID","PRC501816V500048",,,"2017-08-11T00:00:00.000","1","1","SC50MSACO14123097M","SC-ICF JONES & STOKES, NTP#2

16V/50/50HWAA","MACHADO LAKE ECOSYSTEM TOS #EMGD-003-T,INV#0123683 C#123097","0",,"0","0","0","0",,"2017-07-28T00:00:00.000","1",,,,,"CITY",,,,"USD",,"100024616-ICF JONES & STOKES, INC."
"4694867","2018","NON_DEPARTMENTAL","CDM SMITH INC","2017-09-19T00:00:00.000","14813.27",,"2002979","GENERAL GOVERNMENT","GOVERNMENTAL","CAPITAL PROJECTS","GOB 2011A CLEAN WATER CLEANUP","16V","MACHADO LAKE ECOSYSTEM REHAB","50HWAA","AD26180000022150","SUPPLIES & OTHER SERVICES",,"3","2018-03 (SEP)","2018-01","9","SEPTEMBER,2017","SEPTEMBER","FMS",,,"50","GOB 2011A CLEAN WATER CLEANUP","100001119","90074-5354","CHECK","PAID","PRC501816V500039",,,"2017-07-12T00:00:00.000","1","1","SC50MSACO13120703M","GAE - CDM SMITH INC C-120703  DIS ENCUM-$4,037.57","MACHADO LAKE ECOSYSTEM  TOS#11, ST0#02 PER NTP NO. 4 DATED 12/17/14=$327,452.00","0",,"0","0","0","0",,"2017-07-01T00:00:00.000","1",,,,,"CITY",,,,"USD",,"100001119-CDM SMITH INC"
"4685182","2018","NON_DEPARTMENTAL","ARCADIS U.S. INC","2017-09-28T00:00:00.000","13861.46",,"143256","GENERAL GOVERNMENT","GOVERNMENTAL","CAPITAL PROJECTS","GOB 2009 CLEAN WATER CLEANUP","16T","ALBION RIVERSIDE PARK IMPROVEMENTS","50KXAD","AD26180000027092","SUPPLIES & OTHER SERVICES",,"3","2018-03 (SEP)","2018-01","9","SEPTEMBER,2017","SEPTEMBER","FMS",,,"50","GOB 2009 CLEAN WATER CLEANUP","100035931","60693-0626","CHECK","PAID","PRC501816T500056",,,"2017-09-20T00:00:00.000","1","1","SC50MSACO16120715M","SC/GAE-ARCADIS, CO#120715 DIS-ENCUMBER,STO#49-06/49-14","ALBION RIVERSIDE, STO#49-11, WO#EW40060F,INV#0867471","0",,"0","0","0","0",,"2017-10-26T00:00:00.000","1",,,,,"CITY",,,,"USD",,"100035931-ARCADIS U.S. INC"
"4694865","2018","NON_DEPARTMENTAL","CDM SMITH INC","2017-09-07T00:00:00.000","13066.44",,"2002979","GENERAL GOVERNMENT","GOVERNMENTAL","CAPITAL PROJECTS","GOB 2011A CLEAN WATER CLEANUP","16V","MACHADO LAKE ECOSYSTEM REHAB","50HWAA","AD26180000017630","SUPPLIES & OTHER SERVICES",,"3","2018-03 (SEP)","2018-01","9","SEPTEMBER,2017","SEPTEMBER","FMS",,,"50","GOB 2011A CLEAN WATER CLEANUP","100001119","90074-5354","CHECK","PAID","PRC501816V500046",,,"2017-05-24T00:00:00.000","1","1","SC50MSACO13120703M","GAE - CDM SMITH INC C-120703  DIS ENCUM-$4,037.57","MACHADO LAKE ECOSYSTEM  TOS#11, INV#90016109","0",,"0","0","0","0",,"2017-07-01T00:00:00.000","1",,,,,"CITY",,,,"USD",,"100001119-CDM SMITH INC"
"4694868","2018","NON_DEPARTMENTAL","CDM SMITH INC","2017-09-07T00:00:00.000","11564.25",,"2002979","GENERAL GOVERNMENT","GOVERNMENTAL","CAPITAL PROJECTS","GOB 2011A CLEAN WATER CLEANUP","16V","MACHADO LAKE ECOSYSTEM REHAB","50HWAA","AD26180000017631","SUPPLIES & OTHER SERVICES",,"3","2018-03 (SEP)","2018-01","9","SEPTEMBER,2017","SEPTEMBER","FMS",,,"50","GOB 2011A CLEAN WATER CLEANUP","100001119","90074-5354","CHECK","PAID","PRC501816V500047",,,"2017-05-31T00:00:00.000","1","1","SC50MSACO13120703M","GAE - CDM SMITH INC C-120703  DIS ENCUM-$4,037.57","MACHADO LAKE ECOSYSTEM  TOS#11, ST0#02 PER NTP NO. 4 DATED 12/17/14=$327,452.00","0",,"0","0","0","0",,"2017-07-01T00:00:00.000","1",,,,,"CITY",,,,"USD",,"100001119-CDM SMITH INC"
"4688017","2018","NON_DEPARTMENTAL","SWCA INCORPORATED","2017-09-13T00:00:00.000","114.26",,"2466104","GENERAL GOVERNMENT","GOVERNMENTAL","CAPITAL PROJECTS","GOB 2009 CLEAN WATER CLEANUP","16T","PENMAR WATER QLTY PHASE II","50FZAA","AD26180000020602","SUPPLIES & OTHER SERVICES",,"3","2018-03 (SEP)","2018-01","9","SEPTEMBER,2017","SEPTEMBER","FMS",,,"50","GOB 2009 CLEAN WATER CLEANUP","100036600","60009","CHECK","PAID","PRC501816T500049",,,"2017-09-07T00:00:00.000","1","1","SC50MSACO15123103MO","SC-SWCA,PROP.O  TOS#EMGS-011,ENCUMBER $4,785.30","SWCA TOS#EMGS-011, CULTURAL MITIGATION AND ARCHEOLOGICAL MONITORING-PENMAR PH II","0",,"0","0","0","0",,"2018-04-19T00:00:00.000","1",,,,,"CITY",,,,"USD",,"100036600-SWCA INCORPORATED"
"4581107","2018","NON_DEPARTMENTAL","OHL-USA INC","2017-08-25T00:00:00.000","186848.04",,"2732354","GENERAL GOVERNMENT","GOVERNMENTAL","CAPITAL PROJECTS","GOB 2011A CLEAN WATER CLEANUP","16V","MACHADO LAKE ECOSYSTEM REHAB","50HWAA","AD26180000014263","IMPROVEMENTS OTHER THAN BUILDINGS",,"2","2018-02 (AUG)","2018-01","8","AUGUST,2017","AUGUST","FMS",,,"50","GOB 2011A CLEAN WATER CLEANUP","VC0000014741","92614-7279","CHECK","PAID","PRC501816V500037",,,"2017-08-16T00:00:00.000","1","1","SC50MSACO14123672KO","SC-OHL USA-MACHADO LAKE  CHANGE ORDER#045","MACHADO LAKE ECOSYSTEM REHAB,CHANGE ORDERS#043=$16,994.00","0",,"0","0","0","0",,"2017-12-21T00:00:00.000","1",,,,,"CITY",,,,"USD",,"VC0000014741-OHL-USA INC"
"4581050","2018","NON_DEPARTMENTAL","GREEN BUILDING CORPORATION","2017-08-15T00:00:00.000","95537.22",,"2605248","GENERAL GOVERNMENT","GOVERNMENTAL","CAPITAL PROJECTS","GOB 2009 CLEAN WATER CLEANUP","16T","TEMESCAL CANYON PRK PHASE II","50FD17","AD26180000010962","SUPPLIES & OTHER SERVICES",,"2","2018-02 (AUG)","2018-01","8","AUGUST,2017","AUGUST","FMS",,,"50","GOB 2009 CLEAN WATER CLEANUP","VC0000014690","91406","CHECK","PAID","PRC501816T500034",,,"2017-08-07T00:00:00.000","1","1","SC50MSACO17127470KO","SC-GREEN BUILDING CORPORATION, CO#127470,TEMESCAL","TEMESCAL CANYON PARK,  CH ORDER#5= $11,454.00,  WO#EW400029F","0",,"0","0","0","0",,"2018-04-11T00:00:00.000","1",,,,,"CITY",,,,"USD",,"VC0000014690-GREEN BUILDING CORPORATION"
"4581089","2018","NON_DEPARTMENTAL","MURRAY PLUMBING AND HEATING CORP.","2017-08-15T00:00:00.000","87783.09",,"80973","GENERAL GOVERNMENT","GOVERNMENTAL","CAPITAL PROJECTS","GOB 2008A CLEAN WATER CLEANUP","16Q","SMB/BC MAR VISTA RECREATION CT","50EA14","AD26180000010745","SUPPLIES & OTHER SERVICES",,"2","2018-02 (AUG)","2018-01","8","AUGUST,2017","AUGUST","FMS",,,"50","GOB 2008A CLEAN WATER CLEANUP","100013461","90221","CHECK","PAID","PRC501816Q500035",,,"2017-07-18T00:00:00.000","1","1","SC50MSACO17125471KO","ENC FOR MAR VISTA RECCTR PH11-WO#EW40053F-PROPO","MAR VISTA REC CTR PH2,CISCO CONST. -PROP.O,WO#EW40053F","0",,"0","0","0","0",,"2017-07-01T00:00:00.000","1",,,,,"CITY",,,,"USD",,"100013461-MURRAY PLUMBING AND HEATING CORP."
"4581106","2018","NON_DEPARTMENTAL","OHL-USA INC","2017-08-14T00:00:00.000","82344.3",,"2732354","GENERAL GOVERNMENT","GOVERNMENTAL","CAPITAL PROJECTS","GOB 2011A CLEAN WATER CLEANUP","16V","MACHADO LAKE ECOSYSTEM REHAB","50HWAA","AD26180000010467","IMPROVEMENTS OTHER THAN BUILDINGS",,"2","2018-02 (AUG)","2018-01","8","AUGUST,2017","AUGUST","FMS",,,"50","GOB 2011A CLEAN WATER CLEANUP","VC0000014741","92614-7279","CHECK","PAID","PRC501816V500030",,,"2017-08-09T00:00:00.000","1","1","SC50MSACO14123672KO","SC-OHL USA-MACHADO LAKE  CHANGE ORDER#045","MACHADO LAKE ECOSYSTEM REHAB,CHANGE ORDERS#043=$16,994.00","0",,"0","0","0","0",,"2017-12-21T00:00:00.000","1",,,,,"CITY",,,,"USD",,"VC0000014741-OHL-USA INC"
"4575858","2018","NON_DEPARTMENTAL","ARCADIS U.S. INC","2017-08-15T00:00:00.000","51081.01",,"143256","GENERAL GOVERNMENT","GOVERNMENTAL","CAPITAL PROJECTS","GOB 2011A CLEAN WATER CLEANUP","16V","MACHADO LAKE ECOSYSTEM REHAB","50HWAA","AD26180000010764","SUPPLIES & OTHER SERVICES",,"2","2018-02 (AUG)","2018-01","8","AUGUST,2017","AUGUST","FMS",,,"50","GOB 2011A CLEAN WATER CLEANUP","100035931","60693-0626","CHECK","PAID","PRC501816V500033",,,"2017-07-20T00:00:00.000","1","1","SC50MSACO16120715M","SC/GAE-ARCADIS, CO#120715 DIS-ENCUMBER,STO#49-06/49-14","MACHADO ECOSYSTEM, NTP#49 ,TOS#49-06, WO#EW40022F=$497,729.00","0",,"0","0","0","0",,"2017-10-26T00:00:00.000","1",,,,,"CITY",,,,"USD",,"100035931-ARCADIS U.S. INC"
"4575860","2018","NON_DEPARTMENTAL","ARCADIS U.S. INC","2017-08-24T00:00:00.000","39384.87",,"143256","GENERAL GOVERNMENT","GOVERNMENTAL","CAPITAL PROJECTS","GOB 2009 CLEAN WATER CLEANUP","16T","MACHADO LAKE ECOSYSTEM REHAB","50FC19","AD26180000013893","SUPPLIES & OTHER SERVICES",,"2","2018-02 (AUG)","2018-01","8","AUGUST,2017","AUGUST","FMS",,,"50","GOB 2009 CLEAN WATER CLEANUP","100035931","60693-0626","CHECK","PAID","PRC501816T500038",,,"2017-07-24T00:00:00.000","1","1","SC50MSACO16120715M","SC/GAE-ARCADIS, CO#120715 DIS-ENCUMBER,STO#49-06/49-14","MACHADO ECOSYSTEM, NTP#13,TOS#49-14, WO#EW40022F,TO RESTORE PO BALANCE=$91,593.82","0",,"0","0","0","0",,"2017-10-26T00:00:00.000","1",,,,,"CITY",,,,"USD",,"100035931-ARCADIS U.S. INC"
"4575861","2018","NON_DEPARTMENTAL","ARCADIS U.S. INC","2017-08-14T00:00:00.000","38258.48",,"143256","GENERAL GOVERNMENT","GOVERNMENTAL","CAPITAL PROJECTS","GOB 2009 CLEAN WATER CLEANUP","16T","ALBION RIVERSIDE PARK IMPROVEMENTS","50KXAD","AD26180000010262","SUPPLIES & OTHER SERVICES",,"2","2018-02 (AUG)","2018-01","8","AUGUST,2017","AUGUST","FMS",,,"50","GOB 2009 CLEAN WATER CLEANUP","100035931","60693-0626","CHECK","PAID","PRC501816T500031",,,"2017-07-20T00:00:00.000","1","1","SC50MSACO16120715M","SC/GAE-ARCADIS, CO#120715 DIS-ENCUMBER,STO#49-06/49-14","ALBION RIVERSIDE, NTP#11, STO#49-11, WO#EW40060F","0",,"0","0","0","0",,"2017-10-26T00:00:00.000","1",,,,,"CITY",,,,"USD",,"100035931-ARCADIS U.S. INC"
"4574079","2018","NON_DEPARTMENTAL","TETRA TECH INC","2017-08-11T00:00:00.000","25472.52",,"697684","GENERAL GOVERNMENT","GOVERNMENTAL","CAPITAL PROJECTS","GOB 2008A CLEAN WATER CLEANUP","16Q","ALISO CREEK-LIMEKILN CREEK RESTORATION","50KYAG","AD26180000009763","SUPPLIES & OTHER SERVICES",,"2","2018-02 (AUG)","2018-01","8","AUGUST,2017","AUGUST","FMS",,,"50","GOB 2008A CLEAN WATER CLEANUP","100001158","80291-1677","CHECK","PAID","PRC501816Q500029",,,"2017-08-10T00:00:00.000","1","1","SC50MSACO17120705MO","SC TETRA TECH, INC.-C#120705

ALISO CREEK DIS-ENCUMBER","ALISO CREEK-LIMEKLIN CREEK-TOS#40,STO#40-01,NTP#3 DTD 3/02/2017-$10,459.75","0",,"0","0","0","0",,"2017-08-22T00:00:00.000","1",,,,,"CITY",,,,"USD",,"100001158-TETRA TECH INC"
"4574553","2018","NON_DEPARTMENTAL","TETRA TECH INC","2017-08-11T00:00:00.000","19204",,"697684","GENERAL GOVERNMENT","GOVERNMENTAL","CAPITAL PROJECTS","GOB 2009 CLEAN WATER CLEANUP","16T","ALBION RIVERSIDE PARK IMPROVEMENTS","50KXAD","AD26180000009764","SUPPLIES & OTHER SERVICES",,"2","2018-02 (AUG)","2018-01","8","AUGUST,2017","AUGUST","FMS",,,"50","GOB 2009 CLEAN WATER CLEANUP","100001158","80291-1677","CHECK","PAID","PRC501816T500027",,,"2017-08-10T00:00:00.000","1","1","SC50MSACO13120705M","SC TETRA TECH, INC.-CO#120705  DIS ENC-ALISO CREEK","ALBION RIVERSIDE PARK PROJECTTOS#14,NTP#7=$41,053.00","0",,"0","0","0","0",,"2017-08-22T00:00:00.000","1",,,,,"CITY",,,,"USD",,"100001158-TETRA TECH INC"
"4576942","2018","NON_DEPARTMENTAL","ICF JONES & STOKES, INC.","2017-08-16T00:00:00.000","17947.09",,"861804","GENERAL GOVERNMENT","GOVERNMENTAL","CAPITAL PROJECTS","GOB 2011A CLEAN WATER CLEANUP","16V","MACHADO LAKE ECOSYSTEM REHAB","50HWAA","AD26180000011331","SUPPLIES & OTHER SERVICES",,"2","2018-02 (AUG)","2018-01","8","AUGUST,2017","AUGUST","FMS",,,"50","GOB 2011A CLEAN WATER CLEANUP","100024616","15253-5904","CHECK","PAID","PRC501816V500036",,,"2017-07-27T00:00:00.000","1","1","SC50MSACO14123097M","SC-ICF JONES & STOKES, NTP#2

16V/50/50HWAA","MACHADO LAKE ECOSYSTEM TOS #EMGD-003-T,NTP#2, ENCUMBER=$49,511.00","0",,"0","0","0","0",,"2017-07-28T00:00:00.000","1",,,,,"CITY",,,,"USD",,"100024616-ICF JONES & STOKES, INC."
"4575859","2018","NON_DEPARTMENTAL","ARCADIS U.S. INC","2017-08-14T00:00:00.000","17947.01",,"143256","GENERAL GOVERNMENT","GOVERNMENTAL","CAPITAL PROJECTS","GOB 2009 CLEAN WATER CLEANUP","16T","MACHADO LAKE-PHASE I","50FC18","AD26180000010263","SUPPLIES & OTHER SERVICES",,"2","2018-02 (AUG)","2018-01","8","AUGUST,2017","AUGUST","FMS",,,"50","GOB 2009 CLEAN WATER CLEANUP","100035931","60693-0626","CHECK","PAID","PRC501816T500032",,,"2017-07-24T00:00:00.000","1","1","SC50MSACO16120715M","SC/GAE-ARCADIS, CO#120715 DIS-ENCUMBER,STO#49-06/49-14","MACHADO LAKE-PH1,WILMINGTON DRAIN, NTP#2R1,TOS#49-02,WO#EW40021F=$258,628.64","0",,"0","0","0","0",,"2017-10-26T00:00:00.000","1",,,,,"CITY",,,,"USD",,"100035931-ARCADIS U.S. INC"
"4574960","2018","NON_DEPARTMENTAL","CDM SMITH INC","2017-08-25T00:00:00.000","17052.06",,"2002979","GENERAL GOVERNMENT","GOVERNMENTAL","CAPITAL PROJECTS","GOB 2011A CLEAN WATER CLEANUP","16V","MACHADO LAKE ECOSYSTEM REHAB","50HWAA","AD26180000013993","SUPPLIES & OTHER SERVICES",,"2","2018-02 (AUG)","2018-01","8","AUGUST,2017","AUGUST","FMS",,,"50","GOB 2011A CLEAN WATER CLEANUP","100001119","90074-5354","CHECK","PAID","PRC501816V500040",,,"2017-07-25T00:00:00.000","1","1","SC50MSACO13120703M","GAE - CDM SMITH INC C-120703  DIS ENCUM-$4,037.57","MACHADO LAKE ECOSYSTEM  TOS#11, ST0#02 PER NTP NO. 4 DATED 12/17/14=$327,452.00","0",,"0","0","0","0",,"2017-07-01T00:00:00.000","1",,,,,"CITY",,,,"USD",,"100001119-CDM SMITH INC"
"4574552","2018","NON_DEPARTMENTAL","TETRA TECH INC","2017-08-11T00:00:00.000","12770.32",,"697684","GENERAL GOVERNMENT","GOVERNMENTAL","CAPITAL PROJECTS","GOB 2009 CLEAN WATER CLEANUP","16T","ALBION RIVERSIDE PARK IMPROVEMENTS","50KXAD","AD26180000009765","SUPPLIES & OTHER SERVICES",,"2","2018-02 (AUG)","2018-01","8","AUGUST,2017","AUGUST","FMS",,,"50","GOB 2009 CLEAN WATER CLEANUP","100001158","80291-1677","CHECK","PAID","PRC501816T500028",,,"2017-08-10T00:00:00.000","1","1","SC50MSACO13120705M","SC TETRA TECH, INC.-CO#120705  DIS ENC-ALISO CREEK","ALBION RIVERSIDE PARK PROJECTTOS#14,INV#51203918","0",,"0","0","0","0",,"2017-08-22T00:00:00.000","1",,,,,"CITY",,,,"USD",,"100001158-TETRA TECH INC"
"4544657","2018","NON_DEPARTMENTAL","OHL-USA INC","2017-07-11T00:00:00.000","350883.56",,"2732354","GENERAL GOVERNMENT","GOVERNMENTAL","CAPITAL PROJECTS","GOB 2011A CLEAN WATER CLEANUP","16V","MACHADO LAKE ECOSYSTEM REHAB","50HYAC","AD26180000000952","IMPROVEMENTS OTHER THAN BUILDINGS",,"1","2018-01 (JUL)","2018-01","7","JULY,2017","JULY","FMS",,,"50","GOB 2011A CLEAN WATER CLEANUP","VC0000014741","92614-7279","CHECK","PAID","PRC501816V500002",,,"2017-06-20T00:00:00.000","1","1","SC50MSACO14123672KO","SC-OHL USA-MACHADO LAKE  CHANGE ORDER#045","MACHADO LAKE ECOSYSTEM REHABILITATION","0",,"0","0","0","0",,"2017-12-21T00:00:00.000","1",,,,,"CITY",,,,"USD",,"VC0000014741-OHL-USA INC"
"4544623","2018","NON_DEPARTMENTAL","GREEN BUILDING CORPORATION","2017-07-24T00:00:00.000","196327.85",,"2605248","GENERAL GOVERNMENT","GOVERNMENTAL","CAPITAL PROJECTS","GOB 2009 CLEAN WATER CLEANUP","16T","PENMAR WATER QLTY PHASE II","50FZAA","AD26180000004124","SUPPLIES & OTHER SERVICES",,"1","2018-01 (JUL)","2018-01","7","JULY,2017","JULY","FMS",,,"50","GOB 2009 CLEAN WATER CLEANUP","VC0000014690","91406","CHECK","PAID","PRC501816T500016",,,"2017-06-22T00:00:00.000","1","1","SC50MSACO17127429KO","SC-GREEN BUILDING CORPORATION, CO#127429","PENMAR WATER QUALITY PH 11,  WO#EW400028F,CHANGE ORDER#7=$8,677.00","0",,"0","0","0","0",,"2018-03-08T00:00:00.000","1",,,,,"CITY",,,,"USD",,"VC0000014690-GREEN BUILDING CORPORATION"
"4544627","2018","NON_DEPARTMENTAL","GREEN BUILDING CORPORATION","2017-07-19T00:00:00.000","146315.95",,"2605248","GENERAL GOVERNMENT","GOVERNMENTAL","CAPITAL PROJECTS","GOB 2009 CLEAN WATER CLEANUP","16T","TEMESCAL CANYON PRK PHASE II","50FD17","AD26180000002558","SUPPLIES & OTHER SERVICES",,"1","2018-01 (JUL)","2018-01","7","JULY,2017","JULY","FMS",,,"50","GOB 2009 CLEAN WATER CLEANUP","VC0000014690","91406","CHECK","PAID","PRC501816T500012",,,"2017-06-22T00:00:00.000","1","1","SC50MSACO17127470KO","SC-GREEN BUILDING CORPORATION, CO#127470,TEMESCAL","TEMESCAL CANYON PARK, NTP DTD 5/16/2016, BR DTD 4/01/2016 WO#EW400029F","0",,"0","0","0","0",,"2018-04-11T00:00:00.000","1",,,,,"CITY",,,,"USD",,"VC0000014690-GREEN BUILDING CORPORATION"
"4544622","2018","NON_DEPARTMENTAL","GREEN BUILDING CORPORATION","2017-07-28T00:00:00.000","111245.29",,"2605248","GENERAL GOVERNMENT","GOVERNMENTAL","CAPITAL PROJECTS","GOB 2009 CLEAN WATER CLEANUP","16T","PENMAR WATER QLTY PHASE II","50FZAA","AD26180000005971","SUPPLIES & OTHER SERVICES",,"1","2018-01 (JUL)","2018-01","7","JULY,2017","JULY","FMS",,,"50","GOB 2009 CLEAN WATER CLEANUP","VC0000014690","91406","CHECK","PAID","PRC501816T500018",,,"2017-01-07T00:00:00.000","1","1","SC50MSACO17127429KO","SC-GREEN BUILDING CORPORATION, CO#127429","PENMAR WATER QUALITY PH 11,  WO#EW400028F,CHANGE ORDER#7=$8,677.00","0",,"0","0","0","0",,"2018-03-08T00:00:00.000","1",,,,,"CITY",,,,"USD",,"VC0000014690-GREEN BUILDING CORPORATION"
"4544656","2018","NON_DEPARTMENTAL","OHL-USA INC","2017-07-25T00:00:00.000","56250",,"2732354","GENERAL GOVERNMENT","GOVERNMENTAL","CAPITAL PROJECTS","GOB 2011A CLEAN WATER CLEANUP","16V","MACHADO LAKE ECOSYSTEM REHAB","50HYAC","AD26180000004321","IMPROVEMENTS OTHER THAN BUILDINGS",,"1","2018-01 (JUL)","2018-01","7","JULY,2017","JULY","FMS",,,"50","GOB 2011A CLEAN WATER CLEANUP","VC0000014741","92614-7279","CHECK","PAID","PRC501816V500020",,,"2017-06-19T00:00:00.000","1","1","SC50MSACO14123672KO","SC-OHL USA-MACHADO LAKE  CHANGE ORDER#045","MACHADO LAKE ECOSYSTEM REHABILITATION","0",,"0","0","0","0",,"2017-12-21T00:00:00.000","1",,,,,"CITY",,,,"USD",,"VC0000014741-OHL-USA INC"
"4539683","2018","NON_DEPARTMENTAL","CAROLLO ENGINEERS APC","2017-07-18T00:00:00.000","55697.18",,"3012385","GENERAL GOVERNMENT","GOVERNMENTAL","CAPITAL PROJECTS","GOB 2009 CLEAN WATER CLEANUP","16T","PROP O OPTIMIZATION","50MYAF","AD26180000002260","SUPPLIES & OTHER SERVICES",,"1","2018-01 (JUL)","2018-01","7","JULY,2017","JULY","FMS",,,"50","GOB 2009 CLEAN WATER CLEANUP","100024382","84130-0835","CHECK","PAID","PRC501816T500015",,,"2017-07-10T00:00:00.000","1","3","SC50MSACO16124324MC","TOS SN#39, PROP O OPTIMIZATION, WO#EW40PCON","TOS SN-39 ,PROP.O OPTIMIZATION, FUND 16T, BR DTD 12/19/2016, NTPDTD 12/27/2016-INCREASE $800,000.00","0",,"0","0","0","0",,"2017-07-01T00:00:00.000","1",,,,,"CITY",,,,"USD",,"100024382-CAROLLO ENGINEERS APC"
"4544652","2018","NON_DEPARTMENTAL","GREEN BUILDING CORPORATION","2017-07-17T00:00:00.000","32024",,"2605248","GENERAL GOVERNMENT","GOVERNMENTAL","CAPITAL PROJECTS","GOB 2009 CLEAN WATER CLEANUP","16T","TEMESCAL CANYON PRK PHASE II","50FD17","AD26180000001904","SUPPLIES & OTHER SERVICES",,"1","2018-01 (JUL)","2018-01","7","JULY,2017","JULY","FMS",,,"50","GOB 2009 CLEAN WATER CLEANUP","VC0000014690","91406","CHECK","PAID","PRC501816T500011",,,"2017-06-22T00:00:00.000","1","1","SC50CO18127470KO","GREEN BLDG, CO#127470,CHANGE ORDERS","GREEN BLDG-CO#127470,TEMESCAL, ENCUMBERCHANGE ORDER#4,#6,#8=$32,024.00","0",,"0","0","0","0",,"2017-07-14T00:00:00.000","1",,,,,"CITY",,,,"USD",,"VC0000014690-GREEN BUILDING CORPORATION"
"4539877","2018","NON_DEPARTMENTAL","ARCADIS U.S. INC","2017-07-12T00:00:00.000","25625.14",,"143256","GENERAL GOVERNMENT","GOVERNMENTAL","CAPITAL PROJECTS","GOB 2011A CLEAN WATER CLEANUP","16V","MACHADO LAKE ECOSYSTEM REHAB","50HWAA","AD26180000001260","SUPPLIES & OTHER SERVICES",,"1","2018-01 (JUL)","2018-01","7","JULY,2017","JULY","FMS",,,"50","GOB 2011A CLEAN WATER CLEANUP","100035931","60693-0626","CHECK","PAID","PRC501816V500006",,,"2017-06-20T00:00:00.000","1","2","SC50MSACO16120715M","SC/GAE-ARCADIS, CO#120715 DIS-ENCUMBER,STO#49-06/49-14","MACHADO ECOSYSTEM, NTP#49 ,TOS#49-06, WO#EW40022F=$497,729.00","0",,"0","0","0","0",,"2017-10-26T00:00:00.000","1",,,,,"CITY",,,,"USD",,"100035931-ARCADIS U.S. INC"
"4539876","2018","NON_DEPARTMENTAL","ARCADIS U.S. INC","2017-07-27T00:00:00.000","23842.12",,"143256","GENERAL GOVERNMENT","GOVERNMENTAL","CAPITAL PROJECTS","GOB 2009 CLEAN WATER CLEANUP","16T","PENMAR WATER QLTY PHASE II","50FZAA","AD26180000005586","SUPPLIES & OTHER SERVICES",,"1","2018-01 (JUL)","2018-01","7","JULY,2017","JULY","FMS",,,"50","GOB 2009 CLEAN WATER CLEANUP","100035931","60693-0626","CHECK","PAID","PRC501816T500022",,,"2017-07-20T00:00:00.000","1","1","SC50MSACO16120715M","SC/GAE-ARCADIS, CO#120715 DIS-ENCUMBER,STO#49-06/49-14","PENMAR WATER PHII, NTP#8, TOS#49 STO#49-08,ENC $312,492.00,WO#EW40028F","0",,"0","0","0","0",,"2017-10-26T00:00:00.000","1",,,,,"CITY",,,,"USD",,"100035931-ARCADIS U.S. INC"
"4539874","2018","NON_DEPARTMENTAL","ARCADIS U.S. INC","2017-07-27T00:00:00.000","22959.17",,"143256","GENERAL GOVERNMENT","GOVERNMENTAL","CAPITAL PROJECTS","GOB 2009 CLEAN WATER CLEANUP","16T","TEMESCAL CANYON PRK PHASE II","50FD17","AD26180000005587","SUPPLIES & OTHER SERVICES",,"1","2018-01 (JUL)","2018-01","7","JULY,2017","JULY","FMS",,,"50","GOB 2009 CLEAN WATER CLEANUP","100035931","60693-0626","CHECK","PAID","PRC501816T500023",,,"2017-07-20T00:00:00.000","1","1","SC50MSACO16120715M","SC/GAE-ARCADIS, CO#120715 DIS-ENCUMBER,STO#49-06/49-14","TEMESCAL CANYON, NTP#9, TOS#49 STO#49-09,ENCUMBER $344,592.00 WORK ORDER#EW40029F","0",,"0","0","0","0",,"2017-10-26T00:00:00.000","1",,,,,"CITY",,,,"USD",,"100035931-ARCADIS U.S. INC"
"4539880","2018","NON_DEPARTMENTAL","ARCADIS U.S. INC","2017-07-13T00:00:00.000","22219.87",,"143256","GENERAL GOVERNMENT","GOVERNMENTAL","CAPITAL PROJECTS","GOB 2009 CLEAN WATER CLEANUP","16T","ALBION RIVERSIDE PARK IMPROVEMENTS","50KXAD","AD26180000001520","SUPPLIES & OTHER SERVICES",,"1","2018-01 (JUL)","2018-01","7","JULY,2017","JULY","FMS",,,"50","GOB 2009 CLEAN WATER CLEANUP","100035931","60693-0626","CHECK","PAID","PRC501816T500009",,,"2017-06-26T00:00:00.000","1","2","SC50MSACO16120715M","SC/GAE-ARCADIS, CO#120715 DIS-ENCUMBER,STO#49-06/49-14","ALBION RIVERSIDE, NTP#11, STO#49-11, WO#EW40060F= $337,464.35","0",,"0","0","0","0",,"2017-10-26T00:00:00.000","1",,,,,"CITY",,,,"USD",,"100035931-ARCADIS U.S. INC"
"4544658","2018","NON_DEPARTMENTAL","OHL-USA INC","2017-07-25T00:00:00.000","19268.75",,"2732354","GENERAL GOVERNMENT","GOVERNMENTAL","CAPITAL PROJECTS","GOB 2011A CLEAN WATER CLEANUP","16V","MACHADO LAKE ECOSYSTEM REHAB","50HYAC","AD26180000004320","IMPROVEMENTS OTHER THAN BUILDINGS",,"1","2018-01 (JUL)","2018-01","7","JULY,2017","JULY","FMS",,,"50","GOB 2011A CLEAN WATER CLEANUP","VC0000014741","92614-7279","CHECK","PAID","PRC501816V500019",,,"2017-06-02T00:00:00.000","1","1","SC50MSACO14123672KO","SC-OHL USA-MACHADO LAKE  CHANGE ORDER#045","MACHADO LAKE ECOSYSTEM REHABILITATION","0",,"0","0","0","0",,"2017-12-21T00:00:00.000","1",,,,,"CITY",,,,"USD",,"VC0000014741-OHL-USA INC"
"4539400","2018","NON_DEPARTMENTAL","CAROLLO ENGINEERS APC","2017-07-20T00:00:00.000","15905.64",,"3012385","GENERAL GOVERNMENT","GOVERNMENTAL","CAPITAL PROJECTS","GOB 2009 CLEAN WATER CLEANUP","16T","PENMAR WATER QLTY PHASE II","50FZAA","AD26180000003355","SUPPLIES & OTHER SERVICES",,"1","2018-01 (JUL)","2018-01","7","JULY,2017","JULY","FMS",,,"50","GOB 2009 CLEAN WATER CLEANUP","100024382","84130-0835","CHECK","PAID","PRC501816T500017",,,"2017-07-13T00:00:00.000","1","1","SC50MSACO13120707M","SC - CAROLLO ENGINEERS, CO#120707,TEMESCAL","PENMAR WATER QUALITY PH II NTP#8, STO#23-09,WO#EW40028D,$175,673.00","0",,"0","0","0","0",,"2017-08-22T00:00:00.000","1",,,,,"CITY",,,,"USD",,"100024382-CAROLLO ENGINEERS APC"
"4540632","2018","NON_DEPARTMENTAL","ICF JONES & STOKES, INC.","2017-07-12T00:00:00.000","10131.05",,"861804","GENERAL GOVERNMENT","GOVERNMENTAL","CAPITAL PROJECTS","GOB 2011A CLEAN WATER CLEANUP","16V","MACHADO LAKE ECOSYSTEM REHAB","50HWAA","AD26180000001254","SUPPLIES & OTHER SERVICES",,"1","2018-01 (JUL)","2018-01","7","JULY,2017","JULY","FMS",,,"50","GOB 2011A CLEAN WATER CLEANUP","100024616","15253-5904","CHECK","PAID","PRC501816V500003",,,"2017-06-21T00:00:00.000","1","1","SC50MSACO14123097M","SC-ICF JONES & STOKES, NTP#2

16V/50/50HWAA","PROP.O,16V/50HWAA,INV#0121658","0",,"0","0","0","0",,"2017-07-28T00:00:00.000","1",,,,,"CITY",,,,"USD",,"100024616-ICF JONES & STOKES, INC."
"4539878","2018","NON_DEPARTMENTAL","ARCADIS U.S. INC","2017-07-12T00:00:00.000","10009.22",,"143256","GENERAL GOVERNMENT","GOVERNMENTAL","CAPITAL PROJECTS","GOB 2009 CLEAN WATER CLEANUP","16T","MACHADO LAKE-PHASE I","50FC18","AD26180000001260","SUPPLIES & OTHER SERVICES",,"1","2018-01 (JUL)","2018-01","7","JULY,2017","JULY","FMS",,,"50","GOB 2009 CLEAN WATER CLEANUP","100035931","60693-0626","CHECK","PAID","PRC501816T500005",,,"2017-06-26T00:00:00.000","1","1","SC50MSACO16120715M","SC/GAE-ARCADIS, CO#120715 DIS-ENCUMBER,STO#49-06/49-14","PROP O-16T/0FC18/MACHADO TOS#49-02","0",,"0","0","0","0",,"2017-10-26T00:00:00.000","1",,,,,"CITY",,,,"USD",,"100035931-ARCADIS U.S. INC"
"4540633","2018","NON_DEPARTMENTAL","ICF JONES & STOKES, INC.","2017-07-28T00:00:00.000","8319.58",,"861804","GENERAL GOVERNMENT","GOVERNMENTAL","CAPITAL PROJECTS","GOB 2011A CLEAN WATER CLEANUP","16V","MACHADO LAKE ECOSYSTEM REHAB","50HWAA","AD26180000005967","SUPPLIES & OTHER SERVICES",,"1","2018-01 (JUL)","2018-01","7","JULY,2017","JULY","FMS",,,"50","GOB 2011A CLEAN WATER CLEANUP","100024616","15253-5904","CHECK","PAID","PRC501816V500025",,,"2017-07-03T00:00:00.000","1","1","SC50MSACO14123097M","SC-ICF JONES & STOKES, NTP#2

16V/50/50HWAA","MACHADO LAKE ECOSYSTEM TOS #EMGD-003-T,NTP#2, ENCUMBER=$49,511.00","0",,"0","0","0","0",,"2017-07-28T00:00:00.000","1",,,,,"CITY",,,,"USD",,"100024616-ICF JONES & STOKES, INC."
"4539398","2018","NON_DEPARTMENTAL","CAROLLO ENGINEERS APC","2017-07-26T00:00:00.000","8118.59",,"3012385","GENERAL GOVERNMENT","GOVERNMENTAL","CAPITAL PROJECTS","GOB 2009 CLEAN WATER CLEANUP","16T","PENMAR WATER QLTY PHASE II","50FZAA","AD26180000004857","SUPPLIES & OTHER SERVICES",,"1","2018-01 (JUL)","2018-01","7","JULY,2017","JULY","FMS",,,"50","GOB 2009 CLEAN WATER CLEANUP","100024382","84130-0835","CHECK","PAID","PRC501816T500021",,,"2017-07-18T00:00:00.000","1","1","SC50MSACO13120707M","SC - CAROLLO ENGINEERS, CO#120707,TEMESCAL","PENMAR WATER QUALITY PH II ,WO#EW40028D","0",,"0","0","0","0",,"2017-08-22T00:00:00.000","1",,,,,"CITY",,,,"USD",,"100024382-CAROLLO ENGINEERS APC"
"4539399","2018","NON_DEPARTMENTAL","CAROLLO ENGINEERS APC","2017-07-18T00:00:00.000","6437.63",,"3012385","GENERAL GOVERNMENT","GOVERNMENTAL","CAPITAL PROJECTS","GOB 2009 CLEAN WATER CLEANUP","16T","PENMAR WATER QLTY PHASE II","50FZAA","AD26180000002260","SUPPLIES & OTHER SERVICES",,"1","2018-01 (JUL)","2018-01","7","JULY,2017","JULY","FMS",,,"50","GOB 2009 CLEAN WATER CLEANUP","100024382","84130-0835","CHECK","PAID","PRC501816T500014",,,"2017-06-23T00:00:00.000","1","1","SC50MSACO13120707M","SC - CAROLLO ENGINEERS, CO#120707,TEMESCAL","PENMAR WATER QUALITY PH II NTP#8, STO#23-09,WO#EW40028D,$175,673.00","0",,"0","0","0","0",,"2017-08-22T00:00:00.000","1",,,,,"CITY",,,,"USD",,"100024382-CAROLLO ENGINEERS APC"
"4540754","2018","NON_DEPARTMENTAL","SWCA INCORPORATED","2017-07-31T00:00:00.000","6178.35",,"2466104","GENERAL GOVERNMENT","GOVERNMENTAL","CAPITAL PROJECTS","GOB 2009 CLEAN WATER CLEANUP","16T","PENMAR WATER QLTY PHASE II","50FZAA","AD26180000006426","SUPPLIES & OTHER SERVICES",,"1","2018-01 (JUL)","2018-01","7","JULY,2017","JULY","FMS",,,"50","GOB 2009 CLEAN WATER CLEANUP","100036600","60009","CHECK","PAID","PRC501816T500026",,,"2017-07-27T00:00:00.000","1","1","SC50MSACO15123103MO","SC-SWCA,PROP.O  TOS#EMGS-011,ENCUMBER $4,785.30","SWCA TOS#EMGS-011, CULTURAL MITIGATION AND ARCHEOLOGICAL MONITORING-PENMAR PH II","0",,"0","0","0","0",,"2018-04-19T00:00:00.000","1",,,,,"CITY",,,,"USD",,"100036600-SWCA INCORPORATED"
"4539394","2018","NON_DEPARTMENTAL","CAROLLO ENGINEERS APC","2017-07-26T00:00:00.000","6070.9",,"3012385","GENERAL GOVERNMENT","GOVERNMENTAL","CAPITAL PROJECTS","GOB 2009 CLEAN WATER CLEANUP","16T","TEMESCAL CANYON PRK PHASE II","50FD17","AD26180000004857","SUPPLIES & OTHER SERVICES",,"1","2018-01 (JUL)","2018-01","7","JULY,2017","JULY","FMS",,,"50","GOB 2009 CLEAN WATER CLEANUP","100024382","84130-0835","CHECK","PAID","PRC501816T500021",,,"2017-07-18T00:00:00.000","1","2","SC50MSACO13120707M","SC - CAROLLO ENGINEERS, CO#120707,TEMESCAL","TEMESCAL CANYON PARK  PH II, EW40029D","0",,"0","0","0","0",,"2017-08-22T00:00:00.000","1",,,,,"CITY",,,,"USD",,"100024382-CAROLLO ENGINEERS APC"
"4539397","2018","NON_DEPARTMENTAL","CAROLLO ENGINEERS APC","2017-07-18T00:00:00.000","5606.82",,"3012385","GENERAL GOVERNMENT","GOVERNMENTAL","CAPITAL PROJECTS","GOB 2009 CLEAN WATER CLEANUP","16T","TEMESCAL CANYON PRK PHASE II","50FD17","AD26180000002260","SUPPLIES & OTHER SERVICES",,"1","2018-01 (JUL)","2018-01","7","JULY,2017","JULY","FMS",,,"50","GOB 2009 CLEAN WATER CLEANUP","100024382","84130-0835","CHECK","PAID","PRC501816T500014",,,"2017-06-23T00:00:00.000","1","2","SC50MSACO13120707M","SC - CAROLLO ENGINEERS, CO#120707,TEMESCAL","TEMESCAL CANYON PARK  PH II, NTP#7,STO#23.08=$25,670.00NTP#8,STO#23.09=$136,791.00TOTAL=$162,461","0",,"0","0","0","0",,"2017-08-22T00:00:00.000","1",,,,,"CITY",,,,"USD",,"100024382-CAROLLO ENGINEERS APC"
"4539396","2018","NON_DEPARTMENTAL","CAROLLO ENGINEERS APC","2017-07-20T00:00:00.000","5359.39",,"3012385","GENERAL GOVERNMENT","GOVERNMENTAL","CAPITAL PROJECTS","GOB 2009 CLEAN WATER CLEANUP","16T","TEMESCAL CANYON PRK PHASE II","50FD17","AD26180000003355","SUPPLIES & OTHER SERVICES",,"1","2018-01 (JUL)","2018-01","7","JULY,2017","JULY","FMS",,,"50","GOB 2009 CLEAN WATER CLEANUP","100024382","84130-0835","CHECK","PAID","PRC501816T500017",,,"2017-07-13T00:00:00.000","1","2","SC50MSACO13120707M","SC - CAROLLO ENGINEERS, CO#120707,TEMESCAL","TEMESCAL CANYON PARK  PH II, NTP#7,STO#23.08=$25,670.00NTP#8,STO#23.09=$136,791.00TOTAL=$162,461","0",,"0","0","0","0",,"2017-08-22T00:00:00.000","1",,,,,"CITY",,,,"USD",,"100024382-CAROLLO ENGINEERS APC"
"4539401","2018","NON_DEPARTMENTAL","CAROLLO ENGINEERS APC","2017-07-28T00:00:00.000","4623.1",,"3012385","GENERAL GOVERNMENT","GOVERNMENTAL","CAPITAL PROJECTS","GOB 2009 CLEAN WATER CLEANUP","16T","PENMAR WATER QLTY PHASE II","50FZAA","AD26180000005836","SUPPLIES & OTHER SERVICES",,"1","2018-01 (JUL)","2018-01","7","JULY,2017","JULY","FMS",,,"50","GOB 2009 CLEAN WATER CLEANUP","100024382","84130-0835","CHECK","PAID","PRC501816T500024",,,"2017-07-25T00:00:00.000","1","1","SC50MSACO13120707M","SC - CAROLLO ENGINEERS, CO#120707,TEMESCAL","PENMAR WATER QUALITY PH II NTP#8, STO#23-09,WO#EW40028D,$175,673.00","0",,"0","0","0","0",,"2017-08-22T00:00:00.000","1",,,,,"CITY",,,,"USD",,"100024382-CAROLLO ENGINEERS APC"
"4539875","2018","NON_DEPARTMENTAL","ARCADIS U.S. INC","2017-07-19T00:00:00.000","4336.27",,"143256","GENERAL GOVERNMENT","GOVERNMENTAL","CAPITAL PROJECTS","GOB 2009 CLEAN WATER CLEANUP","16T","PENMAR WATER QLTY PHASE II","50FZAA","AD26180000002553","SUPPLIES & OTHER SERVICES",,"1","2018-01 (JUL)","2018-01","7","JULY,2017","JULY","FMS",,,"50","GOB 2009 CLEAN WATER CLEANUP","100035931","60693-0626","CHECK","PAID","PRC501816T500007",,,"2017-05-01T00:00:00.000","1","1","SC50MSACO16120715M","SC/GAE-ARCADIS, CO#120715 DIS-ENCUMBER,STO#49-06/49-14","PENMAR WATER PHII, NTP#8, TOS#49 STO#49-08,ENC $312,492.00,WO#EW40028F","0",,"0","0","0","0",,"2017-10-26T00:00:00.000","1",,,,,"CITY",,,,"USD",,"100035931-ARCADIS U.S. INC"
"4540755","2018","NON_DEPARTMENTAL","SWCA INCORPORATED","2017-07-17T00:00:00.000","3682.3",,"2466104","GENERAL GOVERNMENT","GOVERNMENTAL","CAPITAL PROJECTS","GOB 2009 CLEAN WATER CLEANUP","16T","PENMAR WATER QLTY PHASE II","50FZAA","AD26180000001896","SUPPLIES & OTHER SERVICES",,"1","2018-01 (JUL)","2018-01","7","JULY,2017","JULY","FMS",,,"50","GOB 2009 CLEAN WATER CLEANUP","100036600","60009","CHECK","PAID","PRC501816T500013",,,"2017-06-20T00:00:00.000","1","2","SC50MSACO15123103MO","SC-SWCA,PROP.O  TOS#EMGS-011,ENCUMBER $4,785.30","SWCA TOS#EMGS-011, CULTURAL MITIGATION AND ARCHEOLOGICAL MONITORING-PENMAR PH II","0",,"0","0","0","0",,"2018-04-19T00:00:00.000","1",,,,,"CITY",,,,"USD",,"100036600-SWCA INCORPORATED"
"4539879","2018","NON_DEPARTMENTAL","ARCADIS U.S. INC","2017-07-13T00:00:00.000","3406.18",,"143256","GENERAL GOVERNMENT","GOVERNMENTAL","CAPITAL PROJECTS","GOB 2009 CLEAN WATER CLEANUP","16T","MACHADO LAKE ECOSYSTEM REHAB","50FC19","AD26180000001520","SUPPLIES & OTHER SERVICES",,"1","2018-01 (JUL)","2018-01","7","JULY,2017","JULY","FMS",,,"50","GOB 2009 CLEAN WATER CLEANUP","100035931","60693-0626","CHECK","PAID","PRC501816T500010",,,"2017-06-26T00:00:00.000","1","3","SC50MSACO16120715M","SC/GAE-ARCADIS, CO#120715 DIS-ENCUMBER,STO#49-06/49-14","MACHADO ECOSYSTEM, NTP#13,TOS#49-14, WO#EW40022F=$95,000.00","0",,"0","0","0","0",,"2017-10-26T00:00:00.000","1",,,,,"CITY",,,,"USD",,"100035931-ARCADIS U.S. INC"
"4539873","2018","NON_DEPARTMENTAL","ARCADIS U.S. INC","2017-07-13T00:00:00.000","2953.6",,"143256","GENERAL GOVERNMENT","GOVERNMENTAL","CAPITAL PROJECTS","GOB 2009 CLEAN WATER CLEANUP","16T","TEMESCAL CANYON PRK PHASE II","50FD17","AD26180000001520","SUPPLIES & OTHER SERVICES",,"1","2018-01 (JUL)","2018-01","7","JULY,2017","JULY","FMS",,,"50","GOB 2009 CLEAN WATER CLEANUP","100035931","60693-0626","CHECK","PAID","PRC501816T500008",,,"2017-06-26T00:00:00.000","1","1","SC50MSACO16120715M","SC/GAE-ARCADIS, CO#120715 DIS-ENCUMBER,STO#49-06/49-14","TEMESCAL CANYON, NTP#9, TOS#49 STO#49-09,ENCUMBER $344,592.00 WORK ORDER#EW40029F","0",,"0","0","0","0",,"2017-10-26T00:00:00.000","1",,,,,"CITY",,,,"USD",,"100035931-ARCADIS U.S. INC"
"4539395","2018","NON_DEPARTMENTAL","CAROLLO ENGINEERS APC","2017-07-28T00:00:00.000","2561.42",,"3012385","GENERAL GOVERNMENT","GOVERNMENTAL","CAPITAL PROJECTS","GOB 2009 CLEAN WATER CLEANUP","16T","TEMESCAL CANYON PRK PHASE II","50FD17","AD26180000005836","SUPPLIES & OTHER SERVICES",,"1","2018-01 (JUL)","2018-01","7","JULY,2017","JULY","FMS",,,"50","GOB 2009 CLEAN WATER CLEANUP","100024382","84130-0835","CHECK","PAID","PRC501816T500024",,,"2017-07-25T00:00:00.000","1","2","SC50MSACO13120707M","SC - CAROLLO ENGINEERS, CO#120707,TEMESCAL","TEMESCAL CANYON PARK  PH II, NTP#7,STO#23.08=$25,670.00NTP#8,STO#23.09=$136,791.00TOTAL=$162,461","0",,"0","0","0","0",,"2017-08-22T00:00:00.000","1",,,,,"CITY",,,,"USD",,"100024382-CAROLLO ENGINEERS APC"
"4540753","2018","NON_DEPARTMENTAL","SWCA INCORPORATED","2017-07-17T00:00:00.000","1942.77",,"2466104","GENERAL GOVERNMENT","GOVERNMENTAL","CAPITAL PROJECTS","GOB 2009 CLEAN WATER CLEANUP","16T","PENMAR WATER QLTY PHASE II","50FZAA","AD26180000001896","SUPPLIES & OTHER SERVICES",,"1","2018-01 (JUL)","2018-01","7","JULY,2017","JULY","FMS",,,"50","GOB 2009 CLEAN WATER CLEANUP","100036600","60009","CHECK","PAID","PRC501816T00001",,,"2017-06-21T00:00:00.000","1","1","SC50MSACO15123103MO","SC-SWCA,PROP.O  TOS#EMGS-011,ENCUMBER $4,785.30","SWCA TOS#EMGS-011, CULTURAL MITIGATION AND ARCHEOLOGICAL MONITORING-PENMAR PH II","0",,"0","0","0","0",,"2018-04-19T00:00:00.000","1",,,,,"CITY",,,,"USD",,"100036600-SWCA INCORPORATED"
"4549958","2018","NON_DEPARTMENTAL","AECOM TECHNICAL SERVICES INC","2017-07-12T00:00:00.000","562.5",,"50695","GENERAL GOVERNMENT","GOVERNMENTAL","CAPITAL PROJECTS","GOB 2009 CLEAN WATER CLEANUP","16T","WESTCHESTER STORMWATER BMP","50FA28","AD26180000001257","SUPPLIES & OTHER SERVICES",,"1","2018-01 (JUL)","2018-01","7","JULY,2017","JULY","FMS",,,"50","GOB 2009 CLEAN WATER CLEANUP","100032542","60674","CHECK","PAID","PRC501816T500004",,,"2017-06-30T00:00:00.000","1","1",,"P-319; TOS#52; ENC $231,831.06","PROP.O ARGO DRAIN /WESTCHETER,INV#37933875 ,",,,,,,"0",,"2017-09-18T00:00:00.000","1",,,,,"CITY",,,,"USD",,"100032542-AECOM TECHNICAL SERVICES INC"
"4323001","2017","APPROPRIATIONS TO SPECIAL PURPOSE FUND","GREEN BUILDING CORPORATION","2017-06-08T00:00:00.000","191284.39","CO127429","0002605248","GENERAL GOVERNMENT","GOVERNMENTAL","CAPITAL PROJECTS","GOB 2009 CLEAN WATER CLEANUP","16T","PENMAR WATER QLTY PHASE II","50FZAA","AD26170000075164","SUPPLIES & OTHER SERVICES",,"12","2017-12 (JUN)","2017-04","6","JUNE,2017","JUNE","FMS","GREEN BUILDING CORPORATION","http://cityclerk.lacity.org/lacityclerkconnect/index.cfm?fa=ccon.viewrecord&contractnum=C-127429","50","GOB 2009 CLEAN WATER CLEANUP","VC0000014690","91406","CHECK","PAID","GAX501716T500159",,,"2017-05-31T00:00:00.000","1","1","GAE50CO17127429KO","PENMAR WATER QLTY PHASE II",,,,,,,,,,"1",,,,,,,,,,,"VC0000014690 - GREEN BUILDING CORPORATION"
"4321272","2017","APPROPRIATIONS TO SPECIAL PURPOSE FUND","CAROLLO ENGINEERS APC","2017-06-02T00:00:00.000","120745.21","CO124324","0000659039","GENERAL GOVERNMENT","GOVERNMENTAL","CAPITAL PROJECTS","GOB 2009 CLEAN WATER CLEANUP","16T","PROP O OPTIMIZATION","50MYAF","AD26170000067682","SUPPLIES & OTHER SERVICES",,"12","2017-12 (JUN)","2017-04","6","JUNE,2017","JUNE","FMS","CAROLLO ENGINEERS, INC.","http://cityclerk.lacity.org/lacityclerkconnect/index.cfm?fa=ccon.viewrecord&contractnum=C-124324","50","GOB 2009 CLEAN WATER CLEANUP","100024382",,"CHECK","PAID","GAX501716T500157",,,"2017-05-26T00:00:00.000","1","1","GAE50CO16124324MC","PROP O OPTIMIZATION",,,,,,,,,,"1",,,,,,,,,,,"100024382 - CAROLLO ENGINEERS APC"
"4323036","2017","APPROPRIATIONS TO SPECIAL PURPOSE FUND","GREEN BUILDING CORPORATION","2017-06-02T00:00:00.000","42102.01","CO127470","0002605248","GENERAL GOVERNMENT","GOVERNMENTAL","CAPITAL PROJECTS","GOB 2009 CLEAN WATER CLEANUP","16T","TEMESCAL CANYON PRK PHASE II","50FD17","AD26170000067685","SUPPLIES & OTHER SERVICES",,"12","2017-12 (JUN)","2017-04","6","JUNE,2017","JUNE","FMS","GREEN BUILDING CORPORATION","http://cityclerk.lacity.org/lacityclerkconnect/index.cfm?fa=ccon.viewrecord&contractnum=C-127470","50","GOB 2009 CLEAN WATER CLEANUP","VC0000014690","91406","CHECK","PAID","GAX501716T500158",,,"2017-05-30T00:00:00.000","1","1","GAE50CO17127470KO","TEMESCAL CANYON PRK PHASE II",,,,,,,,,,"1",,,,,,,,,,,"VC0000014690 - GREEN BUILDING CORPORATION"
"4320894","2017","APPROPRIATIONS TO SPECIAL PURPOSE FUND","ARCADIS U.S. INC","2017-06-08T00:00:00.000","33488.63","CO120715","0000143256","GENERAL GOVERNMENT","GOVERNMENTAL","CAPITAL PROJECTS","GOB 2009 CLEAN WATER CLEANUP","16T","PENMAR WATER QLTY PHASE II","50FZAA","AD26170000075162","SUPPLIES & OTHER SERVICES",,"12","2017-12 (JUN)","2017-04","6","JUNE,2017","JUNE","FMS","ARCADIS U.S., INC.","http://cityclerk.lacity.org/lacityclerkconnect/index.cfm?fa=ccon.viewrecord&contractnum=C-120715","50","GOB 2009 CLEAN WATER CLEANUP","100035931",,"CHECK","PAID","GAX501716T500160",,,"2017-05-16T00:00:00.000","1","1","GAE50CO16120715M","PENMAR WATER QLTY PHASE II",,,,,,,,,,"5",,,,,,,,,,,"100035931 - ARCADIS U.S. INC"
"4320895","2017","APPROPRIATIONS TO SPECIAL PURPOSE FUND","ARCADIS U.S. INC","2017-06-08T00:00:00.000","33146.73","CO120715","0000143256","GENERAL GOVERNMENT","GOVERNMENTAL","CAPITAL PROJECTS","GOB 2009 CLEAN WATER CLEANUP","16T","TEMESCAL CANYON PRK PHASE II","50FD17","AD26170000075046","SUPPLIES & OTHER SERVICES",,"12","2017-12 (JUN)","2017-04","6","JUNE,2017","JUNE","FMS","ARCADIS U.S., INC.","http://cityclerk.lacity.org/lacityclerkconnect/index.cfm?fa=ccon.viewrecord&contractnum=C-120715","50","GOB 2009 CLEAN WATER CLEANUP","100035931",,"CHECK","PAID","GAX501716T500161",,,"2017-05-16T00:00:00.000","1","1","GAE50CO16120715M","TEMESCAL CANYON PRK PHASE II",,,,,,,,,,"4",,,,,,,,,,,"100035931 - ARCADIS U.S. INC"
"4321377","2017","APPROPRIATIONS TO SPECIAL PURPOSE FUND","THE TRUST FOR PUBLIC LAND","2017-06-08T00:00:00.000","20939.16","CO124362","0002461342","GENERAL GOVERNMENT","GOVERNMENTAL","CAPITAL PROJECTS","GOB 2011A CLEAN WATER CLEANUP","16V","AVALON GREEN ALLEY SOUTH","50KXAB","AD26170000075163","SUPPLIES & OTHER SERVICES",,"12","2017-12 (JUN)","2017-04","6","JUNE,2017","JUNE","FMS","THE TRUST FOR PUBLIC LAND","http://cityclerk.lacity.org/lacityclerkconnect/index.cfm?fa=ccon.viewrecord&contractnum=C-124362","50","GOB 2011A CLEAN WATER CLEANUP","100038842","94104","CHECK","PAID","GAX501716V500162",,,"2017-06-02T00:00:00.000","1","1","GAE50CO16124362M","AVALON GREEN ALLEY SOUTH",,,,,,,,,,"1",,,,,,,,,,,"100038842 - THE TRUST FOR PUBLIC LAND"
"4320079","2017","APPROPRIATIONS TO SPECIAL PURPOSE FUND","ICF JONES & STOKES, INC.","2017-06-12T00:00:00.000","6917.36","CO123097","0000861804","GENERAL GOVERNMENT","GOVERNMENTAL","CAPITAL PROJECTS","GOB 2011A CLEAN WATER CLEANUP","16V","MACHADO LAKE ECOSYSTEM REHAB","50HWAA","AD26170000078422","SUPPLIES & OTHER SERVICES",,"12","2017-12 (JUN)","2017-04","6","JUNE,2017","JUNE","FMS","ICF JONES & STOKES, INC.","http://cityclerk.lacity.org/lacityclerkconnect/index.cfm?fa=ccon.viewrecord&contractnum=C-123097","50","GOB 2011A CLEAN WATER CLEANUP","100024616",,"CHECK","PAID","GAX501716V500163",,,"2017-05-16T00:00:00.000","1","1","GAE50CO14123097M","MACHADO LAKE ECOSYSTEM REHAB",,,,,,,,,,"1",,,,,,,,,,,"100024616 - ICF JONES & STOKES, INC."
"4318126","2017","APPROPRIATIONS TO SPECIAL PURPOSE FUND","AECOM TECHNICAL SERVICES INC","2017-06-19T00:00:00.000","5062.5","CO120714","0000050695","GENERAL GOVERNMENT","GOVERNMENTAL","CAPITAL PROJECTS","GOB 2009 CLEAN WATER CLEANUP","16T","WESTCHESTER STORMWATER BMP","50FA28","AD26170000084144","SUPPLIES & OTHER SERVICES",,"12","2017-12 (JUN)","2017-04","6","JUNE,2017","JUNE","FMS","AECOM TECHNICAL SERVICES, INC.","http://cityclerk.lacity.org/lacityclerkconnect/index.cfm?fa=ccon.viewrecord&contractnum=C-120714","50","GOB 2009 CLEAN WATER CLEANUP","100032542","60674","CHECK","PAID","GAX501716T500164",,,"2017-06-14T00:00:00.000","1","1","GAE50CO13120714M","WESTCHESTER STORMWATER BMP",,,,,,,,,,"4",,,,,,,,,,,"100032542 - AECOM TECHNICAL SERVICES INC"
"4172690","2017","APPROPRIATIONS TO SPECIAL PURPOSE FUND","OHL-USA INC","2017-05-10T00:00:00.000","359633.45","CO123672","0002732354","GENERAL GOVERNMENT","GOVERNMENTAL","CAPITAL PROJECTS","GOB 2011A CLEAN WATER CLEANUP","16V","MACHADO LAKE ECOSYSTEM REHAB","50HWAA","AD26170000061731","IMPROVEMENTS OTHER THAN BUILDINGS",,"11","2017-11 (MAY)","2017-04","5","MAY,2017","MAY","FMS","OHL USA, INC.","http://cityclerk.lacity.org/lacityclerkconnect/index.cfm?fa=ccon.viewrecord&contractnum=C-123672","50","GOB 2011A CLEAN WATER CLEANUP","VC0000014741",,"CHECK","PAID","GAX501716V500145",,,"2017-04-29T00:00:00.000","1","1","GAE50CO14123672KO","MACHADO LAKE ECOSYSTEM REHAB",,,,,,,,,,"2",,,,,,,,,,,"VC0000014741 - OHL-USA INC"
"4174255","2017","APPROPRIATIONS TO SPECIAL PURPOSE FUND","GREEN BUILDING CORPORATION","2017-05-02T00:00:00.000","147413.97","CO127429","0002605248","GENERAL GOVERNMENT","GOVERNMENTAL","CAPITAL PROJECTS","GOB 2009 CLEAN WATER CLEANUP","16T","PENMAR WATER QLTY PHASE II","50FZAA","AD26170000059868","SUPPLIES & OTHER SERVICES",,"11","2017-11 (MAY)","2017-04","5","MAY,2017","MAY","FMS","GREEN BUILDING CORPORATION","http://cityclerk.lacity.org/lacityclerkconnect/index.cfm?fa=ccon.viewrecord&contractnum=C-127429","50","GOB 2009 CLEAN WATER CLEANUP","VC0000014690","91406","CHECK","PAID","GAX501716T500143",,,"2017-04-27T00:00:00.000","1","1","GAE50CO17127429KO","PENMAR WATER QLTY PHASE II",,,,,,,,,,"1",,,,,,,,,,,"VC0000014690 - GREEN BUILDING CORPORATION"
"4174257","2017","APPROPRIATIONS TO SPECIAL PURPOSE FUND","GREEN BUILDING CORPORATION","2017-05-01T00:00:00.000","69805.05","CO127470","0002605248","GENERAL GOVERNMENT","GOVERNMENTAL","CAPITAL PROJECTS","GOB 2009 CLEAN WATER CLEANUP","16T","TEMESCAL CANYON PRK PHASE II","50FD17","AD26170000059610","SUPPLIES & OTHER SERVICES",,"11","2017-11 (MAY)","2017-04","5","MAY,2017","MAY","FMS","GREEN BUILDING CORPORATION","http://cityclerk.lacity.org/lacityclerkconnect/index.cfm?fa=ccon.viewrecord&contractnum=C-127470","50","GOB 2009 CLEAN WATER CLEANUP","VC0000014690","91406","CHECK","PAID","GAX501716T500144",,,"2017-04-27T00:00:00.000","1","1","GAE50CO17127470KO","TEMESCAL CANYON PRK PHASE II",,,,,,,,,,"1",,,,,,,,,,,"VC0000014690 - GREEN BUILDING CORPORATION"
"4173232","2017","APPROPRIATIONS TO SPECIAL PURPOSE FUND","ARCADIS U.S. INC","2017-05-30T00:00:00.000","57397.94","CO120715","0000143256","GENERAL GOVERNMENT","GOVERNMENTAL","CAPITAL PROJECTS","GOB 2009 CLEAN WATER CLEANUP","16T","MACHADO LAKE ECOSYSTEM REHAB","50FC19","AD26170000066736","SUPPLIES & OTHER SERVICES",,"11","2017-11 (MAY)","2017-04","5","MAY,2017","MAY","FMS","ARCADIS U.S., INC.","http://cityclerk.lacity.org/lacityclerkconnect/index.cfm?fa=ccon.viewrecord&contractnum=C-120715","50","GOB 2009 CLEAN WATER CLEANUP","100035931",,"CHECK","PAID","GAX501716T500155",,,"2017-05-16T00:00:00.000","1","3","GAE50CO16120715M","MACHADO LAKE ECOSYSTEM REHAB",,,,,,,,,,"10",,,,,,,,,,,"100035931 - ARCADIS U.S. INC"
"4173235","2017","APPROPRIATIONS TO SPECIAL PURPOSE FUND","ARCADIS U.S. INC","2017-05-17T00:00:00.000","56511.89","CO120715","0000143256","GENERAL GOVERNMENT","GOVERNMENTAL","CAPITAL PROJECTS","GOB 2009 CLEAN WATER CLEANUP","16T","ALBION RIVERSIDE PARK IMPROVEMENTS","50KXAD","AD26170000064124","SUPPLIES & OTHER SERVICES",,"11","2017-11 (MAY)","2017-04","5","MAY,2017","MAY","FMS","ARCADIS U.S., INC.","http://cityclerk.lacity.org/lacityclerkconnect/index.cfm?fa=ccon.viewrecord&contractnum=C-120715","50","GOB 2009 CLEAN WATER CLEANUP","100035931",,"CHECK","PAID","GAX501716T500151",,,"2017-05-16T00:00:00.000","1","1","GAE50CO16120715M","ALBION RIVERSIDE PARK IMPROVEMENTS",,,,,,,,,,"9",,,,,,,,,,,"100035931 - ARCADIS U.S. INC"
"4173233","2017","APPROPRIATIONS TO SPECIAL PURPOSE FUND","ARCADIS U.S. INC","2017-05-30T00:00:00.000","40310.15","CO120715","0000143256","GENERAL GOVERNMENT","GOVERNMENTAL","CAPITAL PROJECTS","GOB 2009 CLEAN WATER CLEANUP","16T","MACHADO LAKE-PHASE I","50FC18","AD26170000066736","SUPPLIES & OTHER SERVICES",,"11","2017-11 (MAY)","2017-04","5","MAY,2017","MAY","FMS","ARCADIS U.S., INC.","http://cityclerk.lacity.org/lacityclerkconnect/index.cfm?fa=ccon.viewrecord&contractnum=C-120715","50","GOB 2009 CLEAN WATER CLEANUP","100035931",,"CHECK","PAID","GAX501716T500154",,,"2017-05-16T00:00:00.000","1","2","GAE50CO16120715M","MACHADO LAKE-PHASE I",,,,,,,,,,"7",,,,,,,,,,,"100035931 - ARCADIS U.S. INC"
"4189303","2017","APPROPRIATIONS TO SPECIAL PURPOSE FUND","TETRA TECH INC","2017-05-15T00:00:00.000","37234.35","CO120705","0000697684","GENERAL GOVERNMENT","GOVERNMENTAL","CAPITAL PROJECTS","GOB 2008A CLEAN WATER CLEANUP","16Q","ALISO CREEK-LIMEKILN CREEK RESTORATION","50KYAG","AD26170000063563","SUPPLIES & OTHER SERVICES",,"11","2017-11 (MAY)","2017-04","5","MAY,2017","MAY","FMS","TETRA TECH, INC.","http://cityclerk.lacity.org/lacityclerkconnect/index.cfm?fa=ccon.viewrecord&contractnum=C-120705","50","GOB 2008A CLEAN WATER CLEANUP","100001158",,"CHECK","PAID","GAX501716Q500147",,,"2017-05-03T00:00:00.000","1","1","GAE50CO17120705MO","ALISO CREEK-LIMEKILN CREEK RESTORATION",,,,,,,,,,"1",,,,,,,,,,,"100001158 - TETRA TECH INC"
"4173185","2017","APPROPRIATIONS TO SPECIAL PURPOSE FUND","CDM SMITH INC","2017-05-18T00:00:00.000","36322.66","CO120703","0002002979","GENERAL GOVERNMENT","GOVERNMENTAL","CAPITAL PROJECTS","GOB 2011A CLEAN WATER CLEANUP","16V","MACHADO LAKE ECOSYSTEM REHAB","50HWAA","AD26170000064524","SUPPLIES & OTHER SERVICES",,"11","2017-11 (MAY)","2017-04","5","MAY,2017","MAY","FMS","CDM SMITH INC.","http://cityclerk.lacity.org/lacityclerkconnect/index.cfm?fa=ccon.viewrecord&contractnum=C-120703","50","GOB 2011A CLEAN WATER CLEANUP","100001119",,"CHECK","PAID","GAX501716V5000152",,,"2017-04-18T00:00:00.000","1","1","GAE50CO13120703M","MACHADO LAKE ECOSYSTEM REHAB",,,,,,,,,,"4",,,,,,,,,,,"100001119 - CDM SMITH INC"
"4173237","2017","APPROPRIATIONS TO SPECIAL PURPOSE FUND","ARCADIS U.S. INC","2017-05-15T00:00:00.000","26931.95","CO120715","0000143256","GENERAL GOVERNMENT","GOVERNMENTAL","CAPITAL PROJECTS","GOB 2011A CLEAN WATER CLEANUP","16V","MACHADO LAKE ECOSYSTEM REHAB","50HWAA","AD26170000063566","SUPPLIES & OTHER SERVICES",,"11","2017-11 (MAY)","2017-04","5","MAY,2017","MAY","FMS","ARCADIS U.S., INC.","http://cityclerk.lacity.org/lacityclerkconnect/index.cfm?fa=ccon.viewrecord&contractnum=C-120715","50","GOB 2011A CLEAN WATER CLEANUP","100035931",,"CHECK","PAID","GAX501716V500148",,,"2017-04-14T00:00:00.000","1","1","GAE50CO16120715M","MACHADO LAKE ECOSYSTEM REHAB",,,,,,,,,,"3",,,,,,,,,,,"100035931 - ARCADIS U.S. INC"
"4173239","2017","APPROPRIATIONS TO SPECIAL PURPOSE FUND","ARCADIS U.S. INC","2017-05-11T00:00:00.000","25324.47","CO120715","0000143256","GENERAL GOVERNMENT","GOVERNMENTAL","CAPITAL PROJECTS","GOB 2009 CLEAN WATER CLEANUP","16T","MACHADO LAKE-PHASE I","50FC18","AD26170000061947","SUPPLIES & OTHER SERVICES",,"11","2017-11 (MAY)","2017-04","5","MAY,2017","MAY","FMS","ARCADIS U.S., INC.","http://cityclerk.lacity.org/lacityclerkconnect/index.cfm?fa=ccon.viewrecord&contractnum=C-120715","50","GOB 2009 CLEAN WATER CLEANUP","100035931",,"CHECK","PAID","GAX501716T500146",,,"2017-04-14T00:00:00.000","1","1","GAE50CO16120715M","MACHADO LAKE-PHASE I",,,,,,,,,,"7",,,,,,,,,,,"100035931 - ARCADIS U.S. INC"
"4189305","2017","APPROPRIATIONS TO SPECIAL PURPOSE FUND","CAROLLO ENGINEERS APC","2017-05-05T00:00:00.000","23797.87","CO120707","0000659039","GENERAL GOVERNMENT","GOVERNMENTAL","CAPITAL PROJECTS","GOB 2009 CLEAN WATER CLEANUP","16T","PENMAR WATER QLTY PHASE II","50FZAA","AD26170000060663","SUPPLIES & OTHER SERVICES",,"11","2017-11 (MAY)","2017-04","5","MAY,2017","MAY","FMS","CAROLLO ENGINEERS","http://cityclerk.lacity.org/lacityclerkconnect/index.cfm?fa=ccon.viewrecord&contractnum=C-120707","50","GOB 2009 CLEAN WATER CLEANUP","100024382",,"CHECK","PAID","GAX501716T500142",,,"2017-04-24T00:00:00.000","1","1","GAE50CO13120707M","PENMAR WATER QLTY PHASE II",,,,,,,,,,"1",,,,,,,,,,,"100024382 - CAROLLO ENGINEERS APC"
"4173238","2017","APPROPRIATIONS TO SPECIAL PURPOSE FUND","ARCADIS U.S. INC","2017-05-15T00:00:00.000","15726.67","CO120715","0000143256","GENERAL GOVERNMENT","GOVERNMENTAL","CAPITAL PROJECTS","GOB 2009 CLEAN WATER CLEANUP","16T","TEMESCAL CANYON PRK PHASE II","50FD17","AD26170000063525","SUPPLIES & OTHER SERVICES",,"11","2017-11 (MAY)","2017-04","5","MAY,2017","MAY","FMS","ARCADIS U.S., INC.","http://cityclerk.lacity.org/lacityclerkconnect/index.cfm?fa=ccon.viewrecord&contractnum=C-120715","50","GOB 2009 CLEAN WATER CLEANUP","100035931",,"CHECK","PAID","GAX501716T500150",,,"2017-04-14T00:00:00.000","1","1","GAE50CO16120715M","TEMESCAL CANYON PRK PHASE II",,,,,,,,,,"4",,,,,,,,,,,"100035931 - ARCADIS U.S. INC"
"4173236","2017","APPROPRIATIONS TO SPECIAL PURPOSE FUND","ARCADIS U.S. INC","2017-05-15T00:00:00.000","15582.91","CO120715","0000143256","GENERAL GOVERNMENT","GOVERNMENTAL","CAPITAL PROJECTS","GOB 2009 CLEAN WATER CLEANUP","16T","PENMAR WATER QLTY PHASE II","50FZAA","AD26170000063524","SUPPLIES & OTHER SERVICES",,"11","2017-11 (MAY)","2017-04","5","MAY,2017","MAY","FMS","ARCADIS U.S., INC.","http://cityclerk.lacity.org/lacityclerkconnect/index.cfm?fa=ccon.viewrecord&contractnum=C-120715","50","GOB 2009 CLEAN WATER CLEANUP","100035931",,"CHECK","PAID","GAX501716T500149",,,"2017-04-14T00:00:00.000","1","1","GAE50CO16120715M","PENMAR WATER QLTY PHASE II",,,,,,,,,,"5",,,,,,,,,,,"100035931 - ARCADIS U.S. INC"
"4189306","2017","APPROPRIATIONS TO SPECIAL PURPOSE FUND","CAROLLO ENGINEERS APC","2017-05-05T00:00:00.000","10294.37","CO120707","0000659039","GENERAL GOVERNMENT","GOVERNMENTAL","CAPITAL PROJECTS","GOB 2009 CLEAN WATER CLEANUP","16T","TEMESCAL CANYON PRK PHASE II","50FD17","AD26170000060663","SUPPLIES & OTHER SERVICES",,"11","2017-11 (MAY)","2017-04","5","MAY,2017","MAY","FMS","CAROLLO ENGINEERS","http://cityclerk.lacity.org/lacityclerkconnect/index.cfm?fa=ccon.viewrecord&contractnum=C-120707","50","GOB 2009 CLEAN WATER CLEANUP","100024382",,"CHECK","PAID","GAX501716T500142",,,"2017-04-24T00:00:00.000","1","2","GAE50CO13120707M","TEMESCAL CANYON PRK PHASE II",,,,,,,,,,"2",,,,,,,,,,,"100024382 - CAROLLO ENGINEERS APC"
"4173234","2017","APPROPRIATIONS TO SPECIAL PURPOSE FUND","ARCADIS U.S. INC","2017-05-30T00:00:00.000","2329.26","CO120715","0000143256","GENERAL GOVERNMENT","GOVERNMENTAL","CAPITAL PROJECTS","GOB 2008A CLEAN WATER CLEANUP","16Q","MACHADO LAKE-PHASE I","50EA27","AD26170000066736","SUPPLIES & OTHER SERVICES",,"11","2017-11 (MAY)","2017-04","5","MAY,2017","MAY","FMS","ARCADIS U.S., INC.","http://cityclerk.lacity.org/lacityclerkconnect/index.cfm?fa=ccon.viewrecord&contractnum=C-120715","50","GOB 2008A CLEAN WATER CLEANUP","100035931",,"CHECK","PAID","GAX501716Q500153",,,"2017-05-16T00:00:00.000","1","1","GAE50CO16120715M","MACHADO LAKE-PHASE I",,,,,,,,,,"8",,,,,,,,,,,"100035931 - ARCADIS U.S. INC"
"4189332","2017","APPROPRIATIONS TO SPECIAL PURPOSE FUND","AECOM TECHNICAL SERVICES INC","2017-05-30T00:00:00.000","535.5","CO120714","0000050695","GENERAL GOVERNMENT","GOVERNMENTAL","CAPITAL PROJECTS","GOB 2009 CLEAN WATER CLEANUP","16T","WESTCHESTER STORMWATER BMP","50FA28","AD26170000066735","SUPPLIES & OTHER SERVICES",,"11","2017-11 (MAY)","2017-04","5","MAY,2017","MAY","FMS","AECOM TECHNICAL SERVICES, INC.","http://cityclerk.lacity.org/lacityclerkconnect/index.cfm?fa=ccon.viewrecord&contractnum=C-120714","50","GOB 2009 CLEAN WATER CLEANUP","100032542","60674","CHECK","PAID","GAX501716T500156",,,"2017-05-25T00:00:00.000","1","1","GAE50CO13120714M","WESTCHESTER STORMWATER BMP",,,,,,,,,,"4",,,,,,,,,,,"100032542 - AECOM TECHNICAL SERVICES INC"
"4119424","2017","APPROPRIATIONS TO SPECIAL PURPOSE FUND","OHL-USA INC","2017-04-26T00:00:00.000","474890.9","CO123672","0002732354","GENERAL GOVERNMENT","GOVERNMENTAL","CAPITAL PROJECTS","GOB 2011A CLEAN WATER CLEANUP","16V","MACHADO LAKE ECOSYSTEM REHAB","50HWAA","AD26170000058865","IMPROVEMENTS OTHER THAN BUILDINGS",,"10","2017-10 (APR)","2017-04","4","APRIL,2017","APRIL","FMS","OHL USA, INC.","http://cityclerk.lacity.org/lacityclerkconnect/index.cfm?fa=ccon.viewrecord&contractnum=C-123672","50","GOB 2011A CLEAN WATER CLEANUP","VC0000014741",,"CHECK","PAID","GAX501716V500141",,,"2017-04-17T00:00:00.000","1","1","GAE50CO14123672KO","MACHADO LAKE ECOSYSTEM REHAB",,,,,,,,,,"2",,,,,,,,,,,"VC0000014741 - OHL-USA INC"
"4119874","2017","APPROPRIATIONS TO SPECIAL PURPOSE FUND","CAROLLO ENGINEERS APC","2017-04-07T00:00:00.000","128169.29","CO124324","0000659039","GENERAL GOVERNMENT","GOVERNMENTAL","CAPITAL PROJECTS","GOB 2009 CLEAN WATER CLEANUP","16T","PROP O OPTIMIZATION","50MYAF","AD26170000054529","SUPPLIES & OTHER SERVICES",,"10","2017-10 (APR)","2017-04","4","APRIL,2017","APRIL","FMS","CAROLLO ENGINEERS, INC.","http://cityclerk.lacity.org/lacityclerkconnect/index.cfm?fa=ccon.viewrecord&contractnum=C-124324","50","GOB 2009 CLEAN WATER CLEANUP","100024382",,"CHECK","PAID","GAX501716V500137",,,"2017-03-31T00:00:00.000","1","1","GAE50CO16124324MC","PROP O OPTIMIZATION",,,,,,,,,,"1",,,,,,,,,,,"100024382 - CAROLLO ENGINEERS APC"
"4119683","2017","APPROPRIATIONS TO SPECIAL PURPOSE FUND","CDM SMITH INC","2017-04-17T00:00:00.000","22205.39","CO120703","0002002979","GENERAL GOVERNMENT","GOVERNMENTAL","CAPITAL PROJECTS","GOB 2011A CLEAN WATER CLEANUP","16V","MACHADO LAKE ECOSYSTEM REHAB","50HWAA","AD26170000056232","SUPPLIES & OTHER SERVICES",,"10","2017-10 (APR)","2017-04","4","APRIL,2017","APRIL","FMS","CDM SMITH INC.","http://cityclerk.lacity.org/lacityclerkconnect/index.cfm?fa=ccon.viewrecord&contractnum=C-120703","50","GOB 2011A CLEAN WATER CLEANUP","100001119",,"CHECK","PAID","GAX501716V5000139",,,"2017-03-13T00:00:00.000","1","1","GAE50CO13120703M","MACHADO LAKE ECOSYSTEM REHAB",,,,,,,,,,"5",,,,,,,,,,,"100001119 - CDM SMITH INC"
"4130596","2017","APPROPRIATIONS TO SPECIAL PURPOSE FUND","CAROLLO ENGINEERS APC","2017-04-03T00:00:00.000","13172.75","CO120707","0000659039","GENERAL GOVERNMENT","GOVERNMENTAL","CAPITAL PROJECTS","GOB 2009 CLEAN WATER CLEANUP","16T","PENMAR WATER QLTY PHASE II","50FZAA","AD26170000053466","SUPPLIES & OTHER SERVICES",,"10","2017-10 (APR)","2017-04","4","APRIL,2017","APRIL","FMS","CAROLLO ENGINEERS","http://cityclerk.lacity.org/lacityclerkconnect/index.cfm?fa=ccon.viewrecord&contractnum=C-120707","50","GOB 2009 CLEAN WATER CLEANUP","100024382",,"CHECK","PAID","GAX501716T500131",,,"2017-03-10T00:00:00.000","1","1","GAE50CO13120707M","PENMAR WATER QLTY PHASE II",,,,,,,,,,"1",,,,,,,,,,,"100024382 - CAROLLO ENGINEERS APC"
"4119682","2017","APPROPRIATIONS TO SPECIAL PURPOSE FUND","CDM SMITH INC","2017-04-03T00:00:00.000","12885.61","CO120703","0002002979","GENERAL GOVERNMENT","GOVERNMENTAL","CAPITAL PROJECTS","GOB 2011A CLEAN WATER CLEANUP","16V","MACHADO LAKE ECOSYSTEM REHAB","50HWAA","AD26170000053460","SUPPLIES & OTHER SERVICES",,"10","2017-10 (APR)","2017-04","4","APRIL,2017","APRIL","FMS","CDM SMITH INC.","http://cityclerk.lacity.org/lacityclerkconnect/index.cfm?fa=ccon.viewrecord&contractnum=C-120703","50","GOB 2011A CLEAN WATER CLEANUP","100001119",,"CHECK","PAID","GAX501716V500133",,,"2017-03-13T00:00:00.000","1","1","GAE50CO13120703M","MACHADO LAKE ECOSYSTEM REHAB",,,,,,,,,,"5",,,,,,,,,,,"100001119 - CDM SMITH INC"
"4119750","2017","APPROPRIATIONS TO SPECIAL PURPOSE FUND","ICF JONES & STOKES, INC.","2017-04-05T00:00:00.000","11209.55","CO123097","0000861804","GENERAL GOVERNMENT","GOVERNMENTAL","CAPITAL PROJECTS","GOB 2011A CLEAN WATER CLEANUP","16V","MACHADO LAKE ECOSYSTEM REHAB","50HWAA","AD26170000053963","SUPPLIES & OTHER SERVICES",,"10","2017-10 (APR)","2017-04","4","APRIL,2017","APRIL","FMS","ICF JONES & STOKES, INC.","http://cityclerk.lacity.org/lacityclerkconnect/index.cfm?fa=ccon.viewrecord&contractnum=C-123097","50","GOB 2011A CLEAN WATER CLEANUP","100024616",,"CHECK","PAID","GAX501716V500134",,,"2017-03-09T00:00:00.000","1","1","GAE50CO14123097M","MACHADO LAKE ECOSYSTEM REHAB",,,,,,,,,,"2",,,,,,,,,,,"100024616 - ICF JONES & STOKES, INC."
"4119751","2017","APPROPRIATIONS TO SPECIAL PURPOSE FUND","ICF JONES & STOKES, INC.","2017-04-05T00:00:00.000","9286.36","CO123097","0000861804","GENERAL GOVERNMENT","GOVERNMENTAL","CAPITAL PROJECTS","GOB 2011A CLEAN WATER CLEANUP","16V","MACHADO LAKE ECOSYSTEM REHAB","50HWAA","AD26170000053964","SUPPLIES & OTHER SERVICES",,"10","2017-10 (APR)","2017-04","4","APRIL,2017","APRIL","FMS","ICF JONES & STOKES, INC.","http://cityclerk.lacity.org/lacityclerkconnect/index.cfm?fa=ccon.viewrecord&contractnum=C-123097","50","GOB 2011A CLEAN WATER CLEANUP","100024616",,"CHECK","PAID","GAX501716V500135",,,"2017-03-09T00:00:00.000","1","1","GAE50CO14123097M","MACHADO LAKE ECOSYSTEM REHAB",,,,,,,,,,"2",,,,,,,,,,,"100024616 - ICF JONES & STOKES, INC."
"4130595","2017","APPROPRIATIONS TO SPECIAL PURPOSE FUND","CAROLLO ENGINEERS APC","2017-04-03T00:00:00.000","6425.75","CO120707","0000659039","GENERAL GOVERNMENT","GOVERNMENTAL","CAPITAL PROJECTS","GOB 2009 CLEAN WATER CLEANUP","16T","TEMESCAL CANYON PRK PHASE II","50FD17","AD26170000053466","SUPPLIES & OTHER SERVICES",,"10","2017-10 (APR)","2017-04","4","APRIL,2017","APRIL","FMS","CAROLLO ENGINEERS","http://cityclerk.lacity.org/lacityclerkconnect/index.cfm?fa=ccon.viewrecord&contractnum=C-120707","50","GOB 2009 CLEAN WATER CLEANUP","100024382",,"CHECK","PAID","GAX501716T500131",,,"2017-03-20T00:00:00.000","1","2","GAE50CO13120707M","TEMESCAL CANYON PRK PHASE II",,,,,,,,,,"2",,,,,,,,,,,"100024382 - CAROLLO ENGINEERS APC"
"4119752","2017","APPROPRIATIONS TO SPECIAL PURPOSE FUND","ICF JONES & STOKES, INC.","2017-04-06T00:00:00.000","6034.33","CO123097","0000861804","GENERAL GOVERNMENT","GOVERNMENTAL","CAPITAL PROJECTS","GOB 2011A CLEAN WATER CLEANUP","16V","MACHADO LAKE ECOSYSTEM REHAB","50HWAA","AD26170000054194","SUPPLIES & OTHER SERVICES",,"10","2017-10 (APR)","2017-04","4","APRIL,2017","APRIL","FMS","ICF JONES & STOKES, INC.","http://cityclerk.lacity.org/lacityclerkconnect/index.cfm?fa=ccon.viewrecord&contractnum=C-123097","50","GOB 2011A CLEAN WATER CLEANUP","100024616",,"CHECK","PAID","GAX501716V500136",,,"2017-03-09T00:00:00.000","1","1","GAE50CO14123097M","MACHADO LAKE ECOSYSTEM REHAB",,,,,,,,,,"2",,,,,,,,,,,"100024616 - ICF JONES & STOKES, INC."
"4119719","2017","APPROPRIATIONS TO SPECIAL PURPOSE FUND","ARCADIS U.S. INC","2017-04-17T00:00:00.000","5932.21","CO120715","0000143256","GENERAL GOVERNMENT","GOVERNMENTAL","CAPITAL PROJECTS","GOB 2009 CLEAN WATER CLEANUP","16T","ALBION RIVERSIDE PARK IMPROVEMENTS","50KXAD","AD26170000056237","SUPPLIES & OTHER SERVICES",,"10","2017-10 (APR)","2017-04","4","APRIL,2017","APRIL","FMS","ARCADIS U.S., INC.","http://cityclerk.lacity.org/lacityclerkconnect/index.cfm?fa=ccon.viewrecord&contractnum=C-120715","50","GOB 2009 CLEAN WATER CLEANUP","100035931",,"CHECK","PAID","GAX501716T500140",,,"2017-04-14T00:00:00.000","1","1","GAE50CO16120715M","ALBION RIVERSIDE PARK IMPROVEMENTS",,,,,,,,,,"9",,,,,,,,,,,"100035931 - ARCADIS U.S. INC"
"4128881","2017","APPROPRIATIONS TO SPECIAL PURPOSE FUND","STATE WATER RESOURCES CONTROL BOARD","2017-04-03T00:00:00.000","957",,"6666666666","GENERAL GOVERNMENT","GOVERNMENTAL","CAPITAL PROJECTS","GOB 2009 CLEAN WATER CLEANUP","16T","ALBION RIVERSIDE PARK IMPROVEMENTS","50KXAD","AD26170000053461","SUPPLIES & OTHER SERVICES",,"10","2017-10 (APR)","2017-04","4","APRIL,2017","APRIL","FMS",,,"50","GOB 2009 CLEAN WATER CLEANUP","100002610",,"CHECK","PAID","GAX501716T500132",,,"2017-03-17T00:00:00.000","1","1","GAEAE50AE1716T002M","ALBION RIVERSIDE PARK IMPROVEMENTS",,,,,,,,,,"1",,,,,,,,,,,"100002610 - STATE WATER RESOURCES CONTROL BOARD"
"4119762","2017","APPROPRIATIONS TO SPECIAL PURPOSE FUND","SWCA INCORPORATED","2017-04-11T00:00:00.000","38.09","CO123103","0002466104","GENERAL GOVERNMENT","GOVERNMENTAL","CAPITAL PROJECTS","GOB 2009 CLEAN WATER CLEANUP","16T","PENMAR WATER QLTY PHASE II","50FZAA","AD26170000055130","SUPPLIES & OTHER SERVICES",,"10","2017-10 (APR)","2017-04","4","APRIL,2017","APRIL","FMS","SWCA ENVIRONMENTAL CONSULTANT","http://cityclerk.lacity.org/lacityclerkconnect/index.cfm?fa=ccon.viewrecord&contractnum=C-123103","50","GOB 2009 CLEAN WATER CLEANUP","100036600","60009","CHECK","PAID","GAX501716T500138",,,"2017-04-07T00:00:00.000","1","1","GAE50CO15123103MO","PENMAR WATER QLTY PHASE II",,,,,,,,,,"1",,,,,,,,,,,"100036600 - SWCA INCORPORATED"
"4036798","2017","APPROPRIATIONS TO SPECIAL PURPOSE FUND","OHL-USA INC","2017-03-08T00:00:00.000","426815.52","CO123672","0002732354","GENERAL GOVERNMENT","GOVERNMENTAL","CAPITAL PROJECTS","GOB 2011A CLEAN WATER CLEANUP","16V","MACHADO LAKE ECOSYSTEM REHAB","50HWAA","AD26170000048736","IMPROVEMENTS OTHER THAN BUILDINGS",,"9","2017-09 (MAR)","2017-03","3","MARCH,2017","MARCH","FMS","OHL USA, INC.","http://cityclerk.lacity.org/lacityclerkconnect/index.cfm?fa=ccon.viewrecord&contractnum=C-123672","50","GOB 2011A CLEAN WATER CLEANUP","VC0000014741",,"CHECK","PAID","GAX501716V500126",,,"2017-03-01T00:00:00.000","1","1","GAE50CO14123672KO","MACHADO LAKE ECOSYSTEM REHAB",,,,,,,,,,"2",,,,,,,,,,,"VC0000014741 - OHL-USA INC"
"4038234","2017","APPROPRIATIONS TO SPECIAL PURPOSE FUND","GREEN BUILDING CORPORATION","2017-03-21T00:00:00.000","136144.5","CO127470","0002605248","GENERAL GOVERNMENT","GOVERNMENTAL","CAPITAL PROJECTS","GOB 2009 CLEAN WATER CLEANUP","16T","TEMESCAL CANYON PRK PHASE II","50FD17","AD26170000051056","SUPPLIES & OTHER SERVICES",,"9","2017-09 (MAR)","2017-03","3","MARCH,2017","MARCH","FMS","GREEN BUILDING CORPORATION","http://cityclerk.lacity.org/lacityclerkconnect/index.cfm?fa=ccon.viewrecord&contractnum=C-127470","50","GOB 2009 CLEAN WATER CLEANUP","VC0000014690","91406","CHECK","PAID","GAX501716T500130",,,"2017-03-14T00:00:00.000","1","1","GAE50CO17127470KO","TEMESCAL CANYON PRK PHASE II",,,,,,,,,,"1",,,,,,,,,,,"VC0000014690 - GREEN BUILDING CORPORATION"
"4038227","2017","APPROPRIATIONS TO SPECIAL PURPOSE FUND","GREEN BUILDING CORPORATION","2017-03-20T00:00:00.000","82350.75","CO127429","0002605248","GENERAL GOVERNMENT","GOVERNMENTAL","CAPITAL PROJECTS","GOB 2009 CLEAN WATER CLEANUP","16T","PENMAR WATER QLTY PHASE II","50FZAA","AD26170000050836","SUPPLIES & OTHER SERVICES",,"9","2017-09 (MAR)","2017-03","3","MARCH,2017","MARCH","FMS","GREEN BUILDING CORPORATION","http://cityclerk.lacity.org/lacityclerkconnect/index.cfm?fa=ccon.viewrecord&contractnum=C-127429","50","GOB 2009 CLEAN WATER CLEANUP","VC0000014690","91406","CHECK","PAID","GAX501716T500129",,,"2017-03-14T00:00:00.000","1","1","GAE50CO17127429KO","PENMAR WATER QLTY PHASE II",,,,,,,,,,"1",,,,,,,,,,,"VC0000014690 - GREEN BUILDING CORPORATION"
"4037167","2017","APPROPRIATIONS TO SPECIAL PURPOSE FUND","ICF JONES & STOKES, INC.","2017-03-03T00:00:00.000","28731.23","CO123097","0000861804","GENERAL GOVERNMENT","GOVERNMENTAL","CAPITAL PROJECTS","GOB 2011A CLEAN WATER CLEANUP","16V","MACHADO LAKE ECOSYSTEM REHAB","50HWAA","AD26170000047761","SUPPLIES & OTHER SERVICES",,"9","2017-09 (MAR)","2017-03","3","MARCH,2017","MARCH","FMS","ICF JONES & STOKES, INC.","http://cityclerk.lacity.org/lacityclerkconnect/index.cfm?fa=ccon.viewrecord&contractnum=C-123097","50","GOB 2011A CLEAN WATER CLEANUP","100024616",,"CHECK","PAID","GAX501716V500120",,,"2016-08-08T00:00:00.000","1","1","GAE50CO14123097M","MACHADO LAKE ECOSYSTEM REHAB",,,,,,,,,,"2",,,,,,,,,,,"100024616 - ICF JONES & STOKES, INC."
"4036799","2017","APPROPRIATIONS TO SPECIAL PURPOSE FUND","OHL-USA INC","2017-03-09T00:00:00.000","22463.98","CO123672","0002732354","GENERAL GOVERNMENT","GOVERNMENTAL","CAPITAL PROJECTS","GOB 2011A CLEAN WATER CLEANUP","16V","MACHADO LAKE ECOSYSTEM REHAB","50HWAA","EFT26170000007038","IMPROVEMENTS OTHER THAN BUILDINGS",,"9","2017-09 (MAR)","2017-03","3","MARCH,2017","MARCH","FMS","OHL USA, INC.","http://cityclerk.lacity.org/lacityclerkconnect/index.cfm?fa=ccon.viewrecord&contractnum=C-123672","50","GOB 2011A CLEAN WATER CLEANUP","VC0000014741","10017","EFT","PAID","GAX501716V500127",,,"2017-03-01T00:00:00.000","1","1","GAE50CO14123672KO","MACHADO LAKE ECOSYSTEM REHAB",,,,,,,,,,"2",,,,,,,,,,,"VC0000014741 - OHL-USA INC"
"4037166","2017","APPROPRIATIONS TO SPECIAL PURPOSE FUND","ICF JONES & STOKES, INC.","2017-03-03T00:00:00.000","17213.04","CO123097","0000861804","GENERAL GOVERNMENT","GOVERNMENTAL","CAPITAL PROJECTS","GOB 2011A CLEAN WATER CLEANUP","16V","MACHADO LAKE ECOSYSTEM REHAB","50HWAA","AD26170000047761","SUPPLIES & OTHER SERVICES",,"9","2017-09 (MAR)","2017-03","3","MARCH,2017","MARCH","FMS","ICF JONES & STOKES, INC.","http://cityclerk.lacity.org/lacityclerkconnect/index.cfm?fa=ccon.viewrecord&contractnum=C-123097","50","GOB 2011A CLEAN WATER CLEANUP","100024616",,"CHECK","PAID","GAX501716V500120",,,"2016-08-23T00:00:00.000","1","2","GAE50CO14123097M","MACHADO LAKE ECOSYSTEM REHAB",,,,,,,,,,"3",,,,,,,,,,,"100024616 - ICF JONES & STOKES, INC."
"4037160","2017","APPROPRIATIONS TO SPECIAL PURPOSE FUND","ICF JONES & STOKES, INC.","2017-03-03T00:00:00.000","16887.3","CO123097","0000861804","GENERAL GOVERNMENT","GOVERNMENTAL","CAPITAL PROJECTS","GOB 2011A CLEAN WATER CLEANUP","16V","MACHADO LAKE ECOSYSTEM REHAB","50HWAA","AD26170000047761","SUPPLIES & OTHER SERVICES",,"9","2017-09 (MAR)","2017-03","3","MARCH,2017","MARCH","FMS","ICF JONES & STOKES, INC.","http://cityclerk.lacity.org/lacityclerkconnect/index.cfm?fa=ccon.viewrecord&contractnum=C-123097","50","GOB 2011A CLEAN WATER CLEANUP","100024616",,"CHECK","PAID","GAX501716V500120",,,"2016-11-08T00:00:00.000","1","4","GAE50CO14123097M","MACHADO LAKE ECOSYSTEM REHAB",,,,,,,,,,"5",,,,,,,,,,,"100024616 - ICF JONES & STOKES, INC."
"4037111","2017","APPROPRIATIONS TO SPECIAL PURPOSE FUND","ARCADIS U.S. INC","2017-03-09T00:00:00.000","16426.89","CO120715","0000143256","GENERAL GOVERNMENT","GOVERNMENTAL","CAPITAL PROJECTS","GOB 2009 CLEAN WATER CLEANUP","16T","MACHADO LAKE-PHASE I","50FC18","EFT26170000007036","SUPPLIES & OTHER SERVICES",,"9","2017-09 (MAR)","2017-03","3","MARCH,2017","MARCH","FMS","ARCADIS U.S., INC.","http://cityclerk.lacity.org/lacityclerkconnect/index.cfm?fa=ccon.viewrecord&contractnum=C-120715","50","GOB 2009 CLEAN WATER CLEANUP","100035931",,"EFT","PAID","GAX501716T500117",,,"2017-02-10T00:00:00.000","1","1","GAE50CO16120715M","MACHADO LAKE-PHASE I",,,,,,,,,,"8",,,,,,,,,,,"100035931 - ARCADIS U.S. INC"
"4037163","2017","APPROPRIATIONS TO SPECIAL PURPOSE FUND","ICF JONES & STOKES, INC.","2017-03-03T00:00:00.000","14365.95","CO123097","0000861804","GENERAL GOVERNMENT","GOVERNMENTAL","CAPITAL PROJECTS","GOB 2011A CLEAN WATER CLEANUP","16V","MACHADO LAKE ECOSYSTEM REHAB","50HWAA","AD26170000047761","SUPPLIES & OTHER SERVICES",,"9","2017-09 (MAR)","2017-03","3","MARCH,2017","MARCH","FMS","ICF JONES & STOKES, INC.","http://cityclerk.lacity.org/lacityclerkconnect/index.cfm?fa=ccon.viewrecord&contractnum=C-123097","50","GOB 2011A CLEAN WATER CLEANUP","100024616",,"CHECK","PAID","GAX501716V500120",,,"2016-09-29T00:00:00.000","1","3","GAE50CO14123097M","MACHADO LAKE ECOSYSTEM REHAB",,,,,,,,,,"4",,,,,,,,,,,"100024616 - ICF JONES & STOKES, INC."
"4037154","2017","APPROPRIATIONS TO SPECIAL PURPOSE FUND","ICF JONES & STOKES, INC.","2017-03-06T00:00:00.000","9572.69","CO123097","0000861804","GENERAL GOVERNMENT","GOVERNMENTAL","CAPITAL PROJECTS","GOB 2011A CLEAN WATER CLEANUP","16V","MACHADO LAKE ECOSYSTEM REHAB","50HWAA","AD26170000048109","SUPPLIES & OTHER SERVICES",,"9","2017-09 (MAR)","2017-03","3","MARCH,2017","MARCH","FMS","ICF JONES & STOKES, INC.","http://cityclerk.lacity.org/lacityclerkconnect/index.cfm?fa=ccon.viewrecord&contractnum=C-123097","50","GOB 2011A CLEAN WATER CLEANUP","100024616",,"CHECK","PAID","GAX501716V500125",,,"2014-02-21T00:00:00.000","1","1","GAE50CO14123097M","MACHADO LAKE ECOSYSTEM REHAB",,,,,,,,,,"2",,,,,,,,,,,"100024616 - ICF JONES & STOKES, INC."
"4049606","2017","APPROPRIATIONS TO SPECIAL PURPOSE FUND","CAROLLO ENGINEERS APC","2017-03-23T00:00:00.000","9000","CO120707","0000659039","GENERAL GOVERNMENT","GOVERNMENTAL","CAPITAL PROJECTS","GOB 2011A CLEAN WATER CLEANUP","16V","BROADWAY STRMWTR GREENWAY","50KXAC","AD26170000051857","SUPPLIES & OTHER SERVICES",,"9","2017-09 (MAR)","2017-03","3","MARCH,2017","MARCH","FMS","CAROLLO ENGINEERS","http://cityclerk.lacity.org/lacityclerkconnect/index.cfm?fa=ccon.viewrecord&contractnum=C-120707","50","GOB 2011A CLEAN WATER CLEANUP","100024382",,"CHECK","PAID","GAX501716V500130",,,"2017-03-21T00:00:00.000","1","1","GAE50CO13120707M","BROADWAY STRMWTR GREENWAY",,,,,,,,,,"3",,,,,,,,,,,"100024382 - CAROLLO ENGINEERS APC"
"4037168","2017","APPROPRIATIONS TO SPECIAL PURPOSE FUND","SWCA INCORPORATED","2017-03-14T00:00:00.000","3832.28","CO123103","0002466104","GENERAL GOVERNMENT","GOVERNMENTAL","CAPITAL PROJECTS","GOB 2009 CLEAN WATER CLEANUP","16T","PENMAR WATER QLTY PHASE II","50FZAA","AD26170000049810","SUPPLIES & OTHER SERVICES",,"9","2017-09 (MAR)","2017-03","3","MARCH,2017","MARCH","FMS","SWCA ENVIRONMENTAL CONSULTANT","http://cityclerk.lacity.org/lacityclerkconnect/index.cfm?fa=ccon.viewrecord&contractnum=C-123103","50","GOB 2009 CLEAN WATER CLEANUP","100036600","60009","CHECK","PAID","GAX501716T500128",,,"2017-03-10T00:00:00.000","1","1","GAE50CO15123103MO","PENMAR WATER QLTY PHASE II",,,,,,,,,,"1",,,,,,,,,,,"100036600 - SWCA INCORPORATED"
"3992988","2017","APPROPRIATIONS TO SPECIAL PURPOSE FUND","OHL-USA INC","2017-02-10T00:00:00.000","451210.48","CO123672","0002732354","GENERAL GOVERNMENT","GOVERNMENTAL","CAPITAL PROJECTS","GOB 2011A CLEAN WATER CLEANUP","16V","MACHADO LAKE ECOSYSTEM REHAB","50HWAA","AD26170000043799","IMPROVEMENTS OTHER THAN BUILDINGS",,"8","2017-08 (FEB)","2017-03","2","FEBRUARY,2017","FEBRUARY","FMS","OHL USA, INC.","http://cityclerk.lacity.org/lacityclerkconnect/index.cfm?fa=ccon.viewrecord&contractnum=C-123672","50","GOB 2011A CLEAN WATER CLEANUP","VC0000014741",,"CHECK","PAID","GAX501716V500113",,,"2017-01-31T00:00:00.000","1","1","GAE50CO14123672KO","MACHADO LAKE ECOSYSTEM REHAB",,,,,,,,,,"2",,,,,,,,,,,"VC0000014741 - OHL-USA INC"
"3994319","2017","APPROPRIATIONS TO SPECIAL PURPOSE FUND","GREEN BUILDING CORPORATION","2017-02-27T00:00:00.000","106975.7","CO127470","0002605248","GENERAL GOVERNMENT","GOVERNMENTAL","CAPITAL PROJECTS","GOB 2009 CLEAN WATER CLEANUP","16T","TEMESCAL CANYON PRK PHASE II","50FD17","AD26170000046537","SUPPLIES & OTHER SERVICES",,"8","2017-08 (FEB)","2017-03","2","FEBRUARY,2017","FEBRUARY","FMS","GREEN BUILDING CORPORATION","http://cityclerk.lacity.org/lacityclerkconnect/index.cfm?fa=ccon.viewrecord&contractnum=C-127470","50","GOB 2009 CLEAN WATER CLEANUP","VC0000014690","91406","CHECK","PAID","GAX501716T500119",,,"2017-02-15T00:00:00.000","1","1","GAE50CO17127470KO","TEMESCAL CANYON PRK PHASE II",,,,,,,,,,"1",,,,,,,,,,,"VC0000014690 - GREEN BUILDING CORPORATION"
"3993364","2017","APPROPRIATIONS TO SPECIAL PURPOSE FUND","THE TRUST FOR PUBLIC LAND","2017-02-24T00:00:00.000","72661.19","CO124362","0002461342","GENERAL GOVERNMENT","GOVERNMENTAL","CAPITAL PROJECTS","GOB 2011A CLEAN WATER CLEANUP","16V","AVALON GREEN ALLEY SOUTH","50KXAB","AD26170000046276","SUPPLIES & OTHER SERVICES",,"8","2017-08 (FEB)","2017-03","2","FEBRUARY,2017","FEBRUARY","FMS","THE TRUST FOR PUBLIC LAND","http://cityclerk.lacity.org/lacityclerkconnect/index.cfm?fa=ccon.viewrecord&contractnum=C-124362","50","GOB 2011A CLEAN WATER CLEANUP","100038842","94104","CHECK","PAID","GAX501716V500123",,,"2016-09-13T00:00:00.000","1","1","GAE50CO16124362M","AVALON GREEN ALLEY SOUTH",,,,,,,,,,"1",,,,,,,,,,,"100038842 - THE TRUST FOR PUBLIC LAND"
"3994307","2017","APPROPRIATIONS TO SPECIAL PURPOSE FUND","GREEN BUILDING CORPORATION","2017-02-23T00:00:00.000","67374.48","CO127429","0002605248","GENERAL GOVERNMENT","GOVERNMENTAL","CAPITAL PROJECTS","GOB 2009 CLEAN WATER CLEANUP","16T","PENMAR WATER QLTY PHASE II","50FZAA","AD26170000046057","SUPPLIES & OTHER SERVICES",,"8","2017-08 (FEB)","2017-03","2","FEBRUARY,2017","FEBRUARY","FMS","GREEN BUILDING CORPORATION","http://cityclerk.lacity.org/lacityclerkconnect/index.cfm?fa=ccon.viewrecord&contractnum=C-127429","50","GOB 2009 CLEAN WATER CLEANUP","VC0000014690","91406","CHECK","PAID","GAX501716T500118",,,"2017-02-15T00:00:00.000","1","1","GAE50CO17127429KO","PENMAR WATER QLTY PHASE II",,,,,,,,,,"1",,,,,,,,,,,"VC0000014690 - GREEN BUILDING CORPORATION"
"3993130","2017","APPROPRIATIONS TO SPECIAL PURPOSE FUND","ARCADIS U.S. INC","2017-02-24T00:00:00.000","30198.39","CO120715","0000143256","GENERAL GOVERNMENT","GOVERNMENTAL","CAPITAL PROJECTS","GOB 2011A CLEAN WATER CLEANUP","16V","MACHADO LAKE ECOSYSTEM REHAB","50HWAA","AD26170000046275","SUPPLIES & OTHER SERVICES",,"8","2017-08 (FEB)","2017-03","2","FEBRUARY,2017","FEBRUARY","FMS","ARCADIS U.S., INC.","http://cityclerk.lacity.org/lacityclerkconnect/index.cfm?fa=ccon.viewrecord&contractnum=C-120715","50","GOB 2011A CLEAN WATER CLEANUP","100035931",,"CHECK","PAID","GAX501716V500122",,,"2017-02-21T00:00:00.000","1","1","GAE50CO16120715M","MACHADO LAKE ECOSYSTEM REHAB",,,,,,,,,,"3",,,,,,,,,,,"100035931 - ARCADIS U.S. INC"
"3992989","2017","APPROPRIATIONS TO SPECIAL PURPOSE FUND","OHL-USA INC","2017-02-13T00:00:00.000","23747.92","CO123672","0002732354","GENERAL GOVERNMENT","GOVERNMENTAL","CAPITAL PROJECTS","GOB 2011A CLEAN WATER CLEANUP","16V","MACHADO LAKE ECOSYSTEM REHAB","50HWAA","EFT26170000006347","IMPROVEMENTS OTHER THAN BUILDINGS",,"8","2017-08 (FEB)","2017-03","2","FEBRUARY,2017","FEBRUARY","FMS","OHL USA, INC.","http://cityclerk.lacity.org/lacityclerkconnect/index.cfm?fa=ccon.viewrecord&contractnum=C-123672","50","GOB 2011A CLEAN WATER CLEANUP","VC0000014741","10017","EFT","PAID","GAX501716V500114",,,"2017-01-31T00:00:00.000","1","1","GAE50CO14123672KO","MACHADO LAKE ECOSYSTEM REHAB",,,,,,,,,,"2",,,,,,,,,,,"VC0000014741 - OHL-USA INC"
"4003828","2017","APPROPRIATIONS TO SPECIAL PURPOSE FUND","CAROLLO ENGINEERS APC","2017-02-06T00:00:00.000","16870.93","CO120707","0000659039","GENERAL GOVERNMENT","GOVERNMENTAL","CAPITAL PROJECTS","GOB 2009 CLEAN WATER CLEANUP","16T","TEMESCAL CANYON PRK PHASE II","50FD17","AD26170000042793","SUPPLIES & OTHER SERVICES",,"8","2017-08 (FEB)","2017-03","2","FEBRUARY,2017","FEBRUARY","FMS","CAROLLO ENGINEERS","http://cityclerk.lacity.org/lacityclerkconnect/index.cfm?fa=ccon.viewrecord&contractnum=C-120707","50","GOB 2009 CLEAN WATER CLEANUP","100024382",,"CHECK","PAID","GAX501716T500112",,,"2017-01-24T00:00:00.000","1","2","GAE50CO13120707M","TEMESCAL CANYON PRK PHASE II",,,,,,,,,,"2",,,,,,,,,,,"100024382 - CAROLLO ENGINEERS APC"
"3993092","2017","APPROPRIATIONS TO SPECIAL PURPOSE FUND","CDM SMITH INC","2017-02-24T00:00:00.000","16750.2","CO120703","0002002979","GENERAL GOVERNMENT","GOVERNMENTAL","CAPITAL PROJECTS","GOB 2011A CLEAN WATER CLEANUP","16V","MACHADO LAKE ECOSYSTEM REHAB","50HWAA","AD26170000046271","SUPPLIES & OTHER SERVICES",,"8","2017-08 (FEB)","2017-03","2","FEBRUARY,2017","FEBRUARY","FMS","CDM SMITH INC.","http://cityclerk.lacity.org/lacityclerkconnect/index.cfm?fa=ccon.viewrecord&contractnum=C-120703","50","GOB 2011A CLEAN WATER CLEANUP","100001119",,"CHECK","PAID","GAX501716V500121",,,"2017-02-09T00:00:00.000","1","1","GAE50CO13120703M","MACHADO LAKE ECOSYSTEM REHAB",,,,,,,,,,"5",,,,,,,,,,,"100001119 - CDM SMITH INC"
"3993133","2017","APPROPRIATIONS TO SPECIAL PURPOSE FUND","ARCADIS U.S. INC","2017-02-14T00:00:00.000","13669.03","CO120715","0000143256","GENERAL GOVERNMENT","GOVERNMENTAL","CAPITAL PROJECTS","GOB 2009 CLEAN WATER CLEANUP","16T","PENMAR WATER QLTY PHASE II","50FZAA","AD26170000044407","SUPPLIES & OTHER SERVICES",,"8","2017-08 (FEB)","2017-03","2","FEBRUARY,2017","FEBRUARY","FMS","ARCADIS U.S., INC.","http://cityclerk.lacity.org/lacityclerkconnect/index.cfm?fa=ccon.viewrecord&contractnum=C-120715","50","GOB 2009 CLEAN WATER CLEANUP","100035931",,"CHECK","PAID","GAX501716T500115",,,"2016-02-10T00:00:00.000","830585","1","GAE50CO16120715M","PENMAR WATER QLTY PHASE II",,,,,,,,,,"6",,,,,,,,,,,"100035931 - ARCADIS U.S. INC"
"3993131","2017","APPROPRIATIONS TO SPECIAL PURPOSE FUND","ARCADIS U.S. INC","2017-02-14T00:00:00.000","13654.83","CO120715","0000143256","GENERAL GOVERNMENT","GOVERNMENTAL","CAPITAL PROJECTS","GOB 2009 CLEAN WATER CLEANUP","16T","TEMESCAL CANYON PRK PHASE II","50FD17","AD26170000044408","SUPPLIES & OTHER SERVICES",,"8","2017-08 (FEB)","2017-03","2","FEBRUARY,2017","FEBRUARY","FMS","ARCADIS U.S., INC.","http://cityclerk.lacity.org/lacityclerkconnect/index.cfm?fa=ccon.viewrecord&contractnum=C-120715","50","GOB 2009 CLEAN WATER CLEANUP","100035931",,"CHECK","PAID","GAX501716T500116",,,"2017-02-10T00:00:00.000","1","1","GAE50CO16120715M","TEMESCAL CANYON PRK PHASE II",,,,,,,,,,"5",,,,,,,,,,,"100035931 - ARCADIS U.S. INC"
"3993363","2017","APPROPRIATIONS TO SPECIAL PURPOSE FUND","THE TRUST FOR PUBLIC LAND","2017-02-24T00:00:00.000","10555.99","CO124362","0002461342","GENERAL GOVERNMENT","GOVERNMENTAL","CAPITAL PROJECTS","GOB 2011A CLEAN WATER CLEANUP","16V","AVALON GREEN ALLEY SOUTH","50KXAB","AD26170000046276","SUPPLIES & OTHER SERVICES",,"8","2017-08 (FEB)","2017-03","2","FEBRUARY,2017","FEBRUARY","FMS","THE TRUST FOR PUBLIC LAND","http://cityclerk.lacity.org/lacityclerkconnect/index.cfm?fa=ccon.viewrecord&contractnum=C-124362","50","GOB 2011A CLEAN WATER CLEANUP","100038842","94104","CHECK","PAID","GAX501716V500123",,,"2016-11-29T00:00:00.000","1","2","GAE50CO16124362M","AVALON GREEN ALLEY SOUTH",,,,,,,,,,"2",,,,,,,,,,,"100038842 - THE TRUST FOR PUBLIC LAND"
"4003827","2017","APPROPRIATIONS TO SPECIAL PURPOSE FUND","CAROLLO ENGINEERS APC","2017-02-06T00:00:00.000","9906.45","CO120707","0000659039","GENERAL GOVERNMENT","GOVERNMENTAL","CAPITAL PROJECTS","GOB 2009 CLEAN WATER CLEANUP","16T","PENMAR WATER QLTY PHASE II","50FZAA","AD26170000042793","SUPPLIES & OTHER SERVICES",,"8","2017-08 (FEB)","2017-03","2","FEBRUARY,2017","FEBRUARY","FMS","CAROLLO ENGINEERS","http://cityclerk.lacity.org/lacityclerkconnect/index.cfm?fa=ccon.viewrecord&contractnum=C-120707","50","GOB 2009 CLEAN WATER CLEANUP","100024382",,"CHECK","PAID","GAX501716T500112",,,"2017-01-24T00:00:00.000","1","1","GAE50CO13120707M","PENMAR WATER QLTY PHASE II",,,,,,,,,,"1",,,,,,,,,,,"100024382 - CAROLLO ENGINEERS APC"
"3993287","2017","APPROPRIATIONS TO SPECIAL PURPOSE FUND","CAROLLO ENGINEERS APC","2017-02-02T00:00:00.000","8000.74","CO124324","0000659039","GENERAL GOVERNMENT","GOVERNMENTAL","CAPITAL PROJECTS","GOB 2009 CLEAN WATER CLEANUP","16T","PROP O OPTIMIZATION","50MYAF","AD26170000042288","SUPPLIES & OTHER SERVICES",,"8","2017-08 (FEB)","2017-03","2","FEBRUARY,2017","FEBRUARY","FMS","CAROLLO ENGINEERS, INC.","http://cityclerk.lacity.org/lacityclerkconnect/index.cfm?fa=ccon.viewrecord&contractnum=C-124324","50","GOB 2009 CLEAN WATER CLEANUP","100024382",,"CHECK","PAID","GAX501716T500111",,,"2017-01-13T00:00:00.000","1","2","GAE50CO16124324MC","PROP O OPTIMIZATION",,,,,,,,,,"2",,,,,,,,,,,"100024382 - CAROLLO ENGINEERS APC"
"4004658","2017","APPROPRIATIONS TO SPECIAL PURPOSE FUND","LOS ANGELES ENGINEERING, INC.","2017-02-01T00:00:00.000","3497.5","CO119253","0000846937","GENERAL GOVERNMENT","GOVERNMENTAL","CAPITAL PROJECTS","GOB 2009 CLEAN WATER CLEANUP","16T","TEMESCAL CANYON PRK STORMWATER","50FD14","AD26170000042067","IMPROVEMENTS OTHER THAN BUILDINGS",,"8","2017-08 (FEB)","2017-03","2","FEBRUARY,2017","FEBRUARY","FMS","LOS ANGELES ENGINEERING, INC.","http://cityclerk.lacity.org/lacityclerkconnect/index.cfm?fa=ccon.viewrecord&contractnum=C-119253","50","GOB 2009 CLEAN WATER CLEANUP","100003863","91723","CHECK","PAID","GAX501716T500110",,,"2017-01-31T00:00:00.000","1","1","GAE50CO12119253K","TEMESCAL CANYON PRK STORMWATER",,,,,,,,,,"1",,,,,,,,,,,"100003863 - LOS ANGELES ENGINEERING, INC."
"3993286","2017","APPROPRIATIONS TO SPECIAL PURPOSE FUND","CAROLLO ENGINEERS APC","2017-02-02T00:00:00.000","2496.82","CO124324","0000659039","GENERAL GOVERNMENT","GOVERNMENTAL","CAPITAL PROJECTS","GOB 2009 CLEAN WATER CLEANUP","16T","PROP O OPTIMIZATION","50KYAF","AD26170000042288","SUPPLIES & OTHER SERVICES",,"8","2017-08 (FEB)","2017-03","2","FEBRUARY,2017","FEBRUARY","FMS","CAROLLO ENGINEERS, INC.","http://cityclerk.lacity.org/lacityclerkconnect/index.cfm?fa=ccon.viewrecord&contractnum=C-124324","50","GOB 2009 CLEAN WATER CLEANUP","100024382",,"CHECK","PAID","GAX501716T500111",,,"2017-01-13T00:00:00.000","1","1","GAE50CO16124324MC","PROP O OPTIMIZATION",,,,,,,,,,"1",,,,,,,,,,,"100024382 - CAROLLO ENGINEERS APC"
"3993132","2017","APPROPRIATIONS TO SPECIAL PURPOSE FUND","ARCADIS U.S. INC","2017-02-28T00:00:00.000","1442.97","CO120715","0000143256","GENERAL GOVERNMENT","GOVERNMENTAL","CAPITAL PROJECTS","GOB 2009 CLEAN WATER CLEANUP","16T","ALBION RIVERSIDE PARK IMPROVEMENTS","50KXAD","AD26170000047107","SUPPLIES & OTHER SERVICES",,"8","2017-08 (FEB)","2017-03","2","FEBRUARY,2017","FEBRUARY","FMS","ARCADIS U.S., INC.","http://cityclerk.lacity.org/lacityclerkconnect/index.cfm?fa=ccon.viewrecord&contractnum=C-120715","50","GOB 2009 CLEAN WATER CLEANUP","100035931",,"CHECK","PAID","GAX501716T500124",,,"2017-02-10T00:00:00.000","1","1","GAE50CO16120715M","ALBION RIVERSIDE PARK IMPROVEMENTS",,,,,,,,,,"10",,,,,,,,,,,"100035931 - ARCADIS U.S. INC"
"3914265","2017","APPROPRIATIONS TO SPECIAL PURPOSE FUND","OHL-USA INC","2017-01-17T00:00:00.000","990875.53","CO123672","0002732354","GENERAL GOVERNMENT","GOVERNMENTAL","CAPITAL PROJECTS","GOB 2011A CLEAN WATER CLEANUP","16V","MACHADO LAKE ECOSYSTEM REHAB","50HWAA","AD26170000039192","IMPROVEMENTS OTHER THAN BUILDINGS",,"7","2017-07 (JAN)","2017-03","1","JANUARY,2017","JANUARY","FMS","OHL USA, INC.","http://cityclerk.lacity.org/lacityclerkconnect/index.cfm?fa=ccon.viewrecord&contractnum=C-123672","50","GOB 2011A CLEAN WATER CLEANUP","VC0000014741",,"CHECK","PAID","GAX501716V500096",,,"2017-01-05T00:00:00.000","1","1","GAE50CO14123672KO","MACHADO LAKE ECOSYSTEM REHAB",,,,,,,,,,"2",,,,,,,,,,,"VC0000014741 - OHL-USA INC"
"3909001","2017","APPROPRIATIONS TO SPECIAL PURPOSE FUND","TETRA TECH INC","2017-01-05T00:00:00.000","154197.45","CO120705","0000697684","GENERAL GOVERNMENT","GOVERNMENTAL","CAPITAL PROJECTS","GOB 2008A CLEAN WATER CLEANUP","16Q","ALISO CREEK-LIMEKILN CREEK RESTORATION","50KYAG","AD26170000037295","SUPPLIES & OTHER SERVICES",,"7","2017-07 (JAN)","2017-03","1","JANUARY,2017","JANUARY","FMS","TETRA TECH, INC.","http://cityclerk.lacity.org/lacityclerkconnect/index.cfm?fa=ccon.viewrecord&contractnum=C-120705","50","GOB 2008A CLEAN WATER CLEANUP","100001158",,"CHECK","PAID","GAX501716Q500079",,,"2016-11-23T00:00:00.000","1","1","GAE50CO17120705MO","ALISO CREEK-LIMEKILN CREEK RESTORATION",,,,,,,,,,"1",,,,,,,,,,,"100001158 - TETRA TECH INC"
"3908215","2017","APPROPRIATIONS TO SPECIAL PURPOSE FUND","GREEN BUILDING CORPORATION","2017-01-26T00:00:00.000","127965","CO127470","0002605248","GENERAL GOVERNMENT","GOVERNMENTAL","CAPITAL PROJECTS","GOB 2009 CLEAN WATER CLEANUP","16T","TEMESCAL CANYON PRK PHASE II","50FD17","AD26170000040876","SUPPLIES & OTHER SERVICES",,"7","2017-07 (JAN)","2017-03","1","JANUARY,2017","JANUARY","FMS","GREEN BUILDING CORPORATION","http://cityclerk.lacity.org/lacityclerkconnect/index.cfm?fa=ccon.viewrecord&contractnum=C-127470","50","GOB 2009 CLEAN WATER CLEANUP","VC0000014690","91406","CHECK","PAID","GAX501716T500100",,,"2016-01-16T00:00:00.000","1","1","GAE50CO17127470KO","TEMESCAL CANYON PRK PHASE II",,,,,,,,,,"1",,,,,,,,,,,"VC0000014690 - GREEN BUILDING CORPORATION"
"3917071","2017","APPROPRIATIONS TO SPECIAL PURPOSE FUND","GREEN BUILDING CORPORATION","2017-01-26T00:00:00.000","109385.02","CO127429","0002605248","GENERAL GOVERNMENT","GOVERNMENTAL","CAPITAL PROJECTS","GOB 2009 CLEAN WATER CLEANUP","16T","PENMAR WATER QLTY PHASE II","50FZAA","AD26170000040875","SUPPLIES & OTHER SERVICES",,"7","2017-07 (JAN)","2017-03","1","JANUARY,2017","JANUARY","FMS","GREEN BUILDING CORPORATION","http://cityclerk.lacity.org/lacityclerkconnect/index.cfm?fa=ccon.viewrecord&contractnum=C-127429","50","GOB 2009 CLEAN WATER CLEANUP","VC0000014690","91406","CHECK","PAID","GAX501716T500099",,,"2017-01-16T00:00:00.000","1","1","GAE50CO17127429KO","PENMAR WATER QLTY PHASE II",,,,,,,,,,"1",,,,,,,,,,,"VC0000014690 - GREEN BUILDING CORPORATION"
"3914264","2017","APPROPRIATIONS TO SPECIAL PURPOSE FUND","OHL-USA INC","2017-01-13T00:00:00.000","52151.34","CO123672","0002732354","GENERAL GOVERNMENT","GOVERNMENTAL","CAPITAL PROJECTS","GOB 2011A CLEAN WATER CLEANUP","16V","MACHADO LAKE ECOSYSTEM REHAB","50HWAA","EFT26170000005480","IMPROVEMENTS OTHER THAN BUILDINGS",,"7","2017-07 (JAN)","2017-03","1","JANUARY,2017","JANUARY","FMS","OHL USA, INC.","http://cityclerk.lacity.org/lacityclerkconnect/index.cfm?fa=ccon.viewrecord&contractnum=C-123672","50","GOB 2011A CLEAN WATER CLEANUP","VC0000014741","10017","EFT","PAID","GAX501716V500095",,,"2017-01-05T00:00:00.000","1","1","GAE50CO14123672KO","MACHADO LAKE ECOSYSTEM REHAB",,,,,,,,,,"2",,,,,,,,,,,"VC0000014741 - OHL-USA INC"
"3909445","2017","APPROPRIATIONS TO SPECIAL PURPOSE FUND","CDM SMITH INC","2017-01-27T00:00:00.000","35962.65","CO120703","0002002979","GENERAL GOVERNMENT","GOVERNMENTAL","CAPITAL PROJECTS","GOB 2011A CLEAN WATER CLEANUP","16V","MACHADO LAKE ECOSYSTEM REHAB","50HWAA","AD26170000041021","SUPPLIES & OTHER SERVICES",,"7","2017-07 (JAN)","2017-03","1","JANUARY,2017","JANUARY","FMS","CDM SMITH INC.","http://cityclerk.lacity.org/lacityclerkconnect/index.cfm?fa=ccon.viewrecord&contractnum=C-120703","50","GOB 2011A CLEAN WATER CLEANUP","100001119",,"CHECK","PAID","GAX501716V500108",,,"2016-12-08T00:00:00.000","1","1","GAE50CO13120703M","MACHADO LAKE ECOSYSTEM REHAB",,,,,,,,,,"5",,,,,,,,,,,"100001119 - CDM SMITH INC"
"3910172","2017","APPROPRIATIONS TO SPECIAL PURPOSE FUND","ARCADIS U.S. INC","2017-01-09T00:00:00.000","29412.57","CO120715","0000143256","GENERAL GOVERNMENT","GOVERNMENTAL","CAPITAL PROJECTS","GOB 2009 CLEAN WATER CLEANUP","16T","ALBION RIVERSIDE PARK IMPROVEMENTS","50KXAD","AD26170000037735","SUPPLIES & OTHER SERVICES",,"7","2017-07 (JAN)","2017-03","1","JANUARY,2017","JANUARY","FMS","ARCADIS U.S., INC.","http://cityclerk.lacity.org/lacityclerkconnect/index.cfm?fa=ccon.viewrecord&contractnum=C-120715","50","GOB 2009 CLEAN WATER CLEANUP","100035931",,"CHECK","PAID","GAX501716T500092",,,"2016-12-16T00:00:00.000","1","1","GAE50CO16120715M","ALBION RIVERSIDE PARK IMPROVEMENTS",,,,,,,,,,"11",,,,,,,,,,,"100035931 - ARCADIS U.S. INC"
"3915115","2017","APPROPRIATIONS TO SPECIAL PURPOSE FUND","CDM SMITH INC","2017-01-27T00:00:00.000","27527.1","CO120703","0002002979","GENERAL GOVERNMENT","GOVERNMENTAL","CAPITAL PROJECTS","GOB 2011A CLEAN WATER CLEANUP","16V","MACHADO LAKE ECOSYSTEM REHAB","50HWAA","AD26170000041022","SUPPLIES & OTHER SERVICES",,"7","2017-07 (JAN)","2017-03","1","JANUARY,2017","JANUARY","FMS","CDM SMITH INC.","http://cityclerk.lacity.org/lacityclerkconnect/index.cfm?fa=ccon.viewrecord&contractnum=C-120703","50","GOB 2011A CLEAN WATER CLEANUP","100001119",,"CHECK","PAID","GAX501716V500109",,,"2017-01-06T00:00:00.000","1","1","GAE50CO13120703M","MACHADO LAKE ECOSYSTEM REHAB",,,,,,,,,,"5",,,,,,,,,,,"100001119 - CDM SMITH INC"
"3910214","2017","APPROPRIATIONS TO SPECIAL PURPOSE FUND","ARCADIS U.S. INC","2017-01-10T00:00:00.000","26881.12","CO120715","0000143256","GENERAL GOVERNMENT","GOVERNMENTAL","CAPITAL PROJECTS","GOB 2008A CLEAN WATER CLEANUP","16Q","MACHADO LAKE-PHASE I","50EA27","AD26170000037913","SUPPLIES & OTHER SERVICES",,"7","2017-07 (JAN)","2017-03","1","JANUARY,2017","JANUARY","FMS","ARCADIS U.S., INC.","http://cityclerk.lacity.org/lacityclerkconnect/index.cfm?fa=ccon.viewrecord&contractnum=C-120715","50","GOB 2008A CLEAN WATER CLEANUP","100035931",,"CHECK","PAID","GAX501716Q500094",,,"2016-12-16T00:00:00.000","1","1","GAE50CO16120715M","MACHADO LAKE-PHASE I",,,,,,,,,,"10",,,,,,,,,,,"100035931 - ARCADIS U.S. INC"
"3917446","2017","APPROPRIATIONS TO SPECIAL PURPOSE FUND","ARCADIS U.S. INC","2017-01-26T00:00:00.000","26488.86","CO120715","0000143256","GENERAL GOVERNMENT","GOVERNMENTAL","CAPITAL PROJECTS","GOB 2011A CLEAN WATER CLEANUP","16V","MACHADO LAKE ECOSYSTEM REHAB","50HWAA","AD26170000040958","SUPPLIES & OTHER SERVICES",,"7","2017-07 (JAN)","2017-03","1","JANUARY,2017","JANUARY","FMS","ARCADIS U.S., INC.","http://cityclerk.lacity.org/lacityclerkconnect/index.cfm?fa=ccon.viewrecord&contractnum=C-120715","50","GOB 2011A CLEAN WATER CLEANUP","100035931",,"CHECK","PAID","GAX501716V500106",,,"2017-01-17T00:00:00.000","1","1","GAE50CO16120715M","MACHADO LAKE ECOSYSTEM REHAB",,,,,,,,,,"3",,,,,,,,,,,"100035931 - ARCADIS U.S. INC"
"3908217","2017","APPROPRIATIONS TO SPECIAL PURPOSE FUND","ARCADIS U.S. INC","2017-01-23T00:00:00.000","24282.78","CO120715","0000143256","GENERAL GOVERNMENT","GOVERNMENTAL","CAPITAL PROJECTS","GOB 2009 CLEAN WATER CLEANUP","16T","ALBION RIVERSIDE PARK IMPROVEMENTS","50KXAD","AD26170000040107","SUPPLIES & OTHER SERVICES",,"7","2017-07 (JAN)","2017-03","1","JANUARY,2017","JANUARY","FMS","ARCADIS U.S., INC.","http://cityclerk.lacity.org/lacityclerkconnect/index.cfm?fa=ccon.viewrecord&contractnum=C-120715","50","GOB 2009 CLEAN WATER CLEANUP","100035931",,"CHECK","PAID","GAX501716T500101",,,"2016-01-17T00:00:00.000","1","1","GAE50CO16120715M","ALBION RIVERSIDE PARK IMPROVEMENTS",,,,,,,,,,"11",,,,,,,,,,,"100035931 - ARCADIS U.S. INC"
"3917425","2017","APPROPRIATIONS TO SPECIAL PURPOSE FUND","ARCADIS U.S. INC","2017-01-25T00:00:00.000","14157.01","CO120715","0000143256","GENERAL GOVERNMENT","GOVERNMENTAL","CAPITAL PROJECTS","GOB 2009 CLEAN WATER CLEANUP","16T","TEMESCAL CANYON PRK PHASE II","50FD17","AD26170000040585","SUPPLIES & OTHER SERVICES",,"7","2017-07 (JAN)","2017-03","1","JANUARY,2017","JANUARY","FMS","ARCADIS U.S., INC.","http://cityclerk.lacity.org/lacityclerkconnect/index.cfm?fa=ccon.viewrecord&contractnum=C-120715","50","GOB 2009 CLEAN WATER CLEANUP","100035931",,"CHECK","PAID","GAX501716T500105",,,"2017-01-17T00:00:00.000","1","1","GAE50CO16120715M","TEMESCAL CANYON PRK PHASE II",,,,,,,,,,"5",,,,,,,,,,,"100035931 - ARCADIS U.S. INC"
"3917447","2017","APPROPRIATIONS TO SPECIAL PURPOSE FUND","ARCADIS U.S. INC","2017-01-24T00:00:00.000","13420.16","CO120715","0000143256","GENERAL GOVERNMENT","GOVERNMENTAL","CAPITAL PROJECTS","GOB 2009 CLEAN WATER CLEANUP","16T","PENMAR WATER QLTY PHASE II","50FZAA","AD26170000040356","SUPPLIES & OTHER SERVICES",,"7","2017-07 (JAN)","2017-03","1","JANUARY,2017","JANUARY","FMS","ARCADIS U.S., INC.","http://cityclerk.lacity.org/lacityclerkconnect/index.cfm?fa=ccon.viewrecord&contractnum=C-120715","50","GOB 2009 CLEAN WATER CLEANUP","100035931",,"CHECK","PAID","GAX501716T500103",,,"2017-01-17T00:00:00.000","1","1","GAE50CO16120715M","PENMAR WATER QLTY PHASE II",,,,,,,,,,"6",,,,,,,,,,,"100035931 - ARCADIS U.S. INC"
"3917308","2017","APPROPRIATIONS TO SPECIAL PURPOSE FUND","ARCADIS U.S. INC","2017-01-25T00:00:00.000","12531.75","CO120715","0000143256","GENERAL GOVERNMENT","GOVERNMENTAL","CAPITAL PROJECTS","GOB 2009 CLEAN WATER CLEANUP","16T","ARGO DRAIN SUB BASIN FACILITY.1","50LWAF","AD26170000040584","SUPPLIES & OTHER SERVICES",,"7","2017-07 (JAN)","2017-03","1","JANUARY,2017","JANUARY","FMS","ARCADIS U.S., INC.","http://cityclerk.lacity.org/lacityclerkconnect/index.cfm?fa=ccon.viewrecord&contractnum=C-120715","50","GOB 2009 CLEAN WATER CLEANUP","100035931",,"CHECK","PAID","GAX501716T500104",,,"2017-01-17T00:00:00.000","1","1","GAE50CO16120715M","ARGO DRAIN SUB BASIN FACILITY.1",,,,,,,,,,"2",,,,,,,,,,,"100035931 - ARCADIS U.S. INC"
"3917402","2017","APPROPRIATIONS TO SPECIAL PURPOSE FUND","ARCADIS U.S. INC","2017-01-24T00:00:00.000","11160.98","CO120715","0000143256","GENERAL GOVERNMENT","GOVERNMENTAL","CAPITAL PROJECTS","GOB 2008A CLEAN WATER CLEANUP","16Q","MACHADO LAKE-PHASE I","50EA27","AD26170000040412","SUPPLIES & OTHER SERVICES",,"7","2017-07 (JAN)","2017-03","1","JANUARY,2017","JANUARY","FMS","ARCADIS U.S., INC.","http://cityclerk.lacity.org/lacityclerkconnect/index.cfm?fa=ccon.viewrecord&contractnum=C-120715","50","GOB 2008A CLEAN WATER CLEANUP","100035931",,"CHECK","PAID","GAX501716Q500102",,,"2017-01-17T00:00:00.000","1","2","GAE50CO16120715M","MACHADO LAKE-PHASE I",,,,,,,,,,"10",,,,,,,,,,,"100035931 - ARCADIS U.S. INC"
"3911973","2017","APPROPRIATIONS TO SPECIAL PURPOSE FUND","CAROLLO ENGINEERS APC","2017-01-13T00:00:00.000","9811.43","CO120707","0000659039","GENERAL GOVERNMENT","GOVERNMENTAL","CAPITAL PROJECTS","GOB 2009 CLEAN WATER CLEANUP","16T","TEMESCAL CANYON PRK PHASE II","50FD17","AD26170000038861","SUPPLIES & OTHER SERVICES",,"7","2017-07 (JAN)","2017-03","1","JANUARY,2017","JANUARY","FMS","CAROLLO ENGINEERS","http://cityclerk.lacity.org/lacityclerkconnect/index.cfm?fa=ccon.viewrecord&contractnum=C-120707","50","GOB 2009 CLEAN WATER CLEANUP","100024382",,"CHECK","PAID","GAX501716T500097",,,"2016-12-28T00:00:00.000","1","2","GAE50CO13120707M","TEMESCAL CANYON PRK PHASE II",,,,,,,,,,"2",,,,,,,,,,,"100024382 - CAROLLO ENGINEERS APC"
"3911993","2017","APPROPRIATIONS TO SPECIAL PURPOSE FUND","CAROLLO ENGINEERS APC","2017-01-13T00:00:00.000","7428.38","CO120707","0000659039","GENERAL GOVERNMENT","GOVERNMENTAL","CAPITAL PROJECTS","GOB 2009 CLEAN WATER CLEANUP","16T","PENMAR WATER QLTY PHASE II","50FZAA","AD26170000038861","SUPPLIES & OTHER SERVICES",,"7","2017-07 (JAN)","2017-03","1","JANUARY,2017","JANUARY","FMS","CAROLLO ENGINEERS","http://cityclerk.lacity.org/lacityclerkconnect/index.cfm?fa=ccon.viewrecord&contractnum=C-120707","50","GOB 2009 CLEAN WATER CLEANUP","100024382",,"CHECK","PAID","GAX501716T500097",,,"2016-12-28T00:00:00.000","1","1","GAE50CO13120707M","PENMAR WATER QLTY PHASE II",,,,,,,,,,"1",,,,,,,,,,,"100024382 - CAROLLO ENGINEERS APC"
"3917403","2017","APPROPRIATIONS TO SPECIAL PURPOSE FUND","ARCADIS U.S. INC","2017-01-26T00:00:00.000","4685.5","CO120715","0000143256","GENERAL GOVERNMENT","GOVERNMENTAL","CAPITAL PROJECTS","GOB 2008A CLEAN WATER CLEANUP","16Q","SMB/BC MAR VISTA RECREATION CT","50EA14","AD26170000040873","SUPPLIES & OTHER SERVICES",,"7","2017-07 (JAN)","2017-03","1","JANUARY,2017","JANUARY","FMS","ARCADIS U.S., INC.","http://cityclerk.lacity.org/lacityclerkconnect/index.cfm?fa=ccon.viewrecord&contractnum=C-120715","50","GOB 2008A CLEAN WATER CLEANUP","100035931",,"CHECK","PAID","GAX501716Q500107",,,"2017-01-17T00:00:00.000","1","1","GAE50CO16120715M","SMB/BC MAR VISTA RECREATION CT",,,,,,,,,,"4",,,,,,,,,,,"100035931 - ARCADIS U.S. INC"
"3908420","2017","APPROPRIATIONS TO SPECIAL PURPOSE FUND","ARCADIS U.S. INC","2017-01-17T00:00:00.000","4185.05","CO120715","0000143256","GENERAL GOVERNMENT","GOVERNMENTAL","CAPITAL PROJECTS","GOB 2011A CLEAN WATER CLEANUP","16V","MACHADO LAKE ECOSYSTEM REHAB","50HWAA","AD26170000039191","SUPPLIES & OTHER SERVICES",,"7","2017-07 (JAN)","2017-03","1","JANUARY,2017","JANUARY","FMS","ARCADIS U.S., INC.","http://cityclerk.lacity.org/lacityclerkconnect/index.cfm?fa=ccon.viewrecord&contractnum=C-120715","50","GOB 2011A CLEAN WATER CLEANUP","100035931",,"CHECK","PAID","GAX501716V500098",,,"2016-08-26T00:00:00.000","1","1","GAE50CO16120715M","MACHADO LAKE ECOSYSTEM REHAB",,,,,,,,,,"3",,,,,,,,,,,"100035931 - ARCADIS U.S. INC"
"3917412","2017","APPROPRIATIONS TO SPECIAL PURPOSE FUND","ARCADIS U.S. INC","2017-01-24T00:00:00.000","978.91","CO120715","0000143256","GENERAL GOVERNMENT","GOVERNMENTAL","CAPITAL PROJECTS","GOB 2008A CLEAN WATER CLEANUP","16Q","MACHADO LAKE-PHASE I","50EA19","AD26170000040412","SUPPLIES & OTHER SERVICES",,"7","2017-07 (JAN)","2017-03","1","JANUARY,2017","JANUARY","FMS","ARCADIS U.S., INC.","http://cityclerk.lacity.org/lacityclerkconnect/index.cfm?fa=ccon.viewrecord&contractnum=C-120715","50","GOB 2008A CLEAN WATER CLEANUP","100035931",,"CHECK","PAID","GAX501716Q500102",,,"2017-01-17T00:00:00.000","1","1","GAE50CO16120715M","MACHADO LAKE-PHASE I",,,,,,,,,,"8",,,,,,,,,,,"100035931 - ARCADIS U.S. INC"
"3910171","2017","APPROPRIATIONS TO SPECIAL PURPOSE FUND","ARCADIS U.S. INC","2017-01-10T00:00:00.000","641.32","CO120715","0000143256","GENERAL GOVERNMENT","GOVERNMENTAL","CAPITAL PROJECTS","GOB 2009 CLEAN WATER CLEANUP","16T","ARGO DRAIN SUB BASIN FACILITY.1","50LWAF","AD26170000037914","SUPPLIES & OTHER SERVICES",,"7","2017-07 (JAN)","2017-03","1","JANUARY,2017","JANUARY","FMS","ARCADIS U.S., INC.","http://cityclerk.lacity.org/lacityclerkconnect/index.cfm?fa=ccon.viewrecord&contractnum=C-120715","50","GOB 2009 CLEAN WATER CLEANUP","100035931",,"CHECK","PAID","GAX501716T500093",,,"2016-12-16T00:00:00.000","1","1","GAE50CO16120715M","ARGO DRAIN SUB BASIN FACILITY.1",,,,,,,,,,"2",,,,,,,,,,,"100035931 - ARCADIS U.S. INC"
"3855861","2017","APPROPRIATIONS TO SPECIAL PURPOSE FUND","OHL-USA INC","2016-12-13T00:00:00.000","1480422.84","CO123672","0002732354","GENERAL GOVERNMENT","GOVERNMENTAL","CAPITAL PROJECTS","GOB 2011A CLEAN WATER CLEANUP","16V","MACHADO LAKE ECOSYSTEM REHAB","50HWAA","AD26170000033470","IMPROVEMENTS OTHER THAN BUILDINGS",,"6","2017-06 (DEC)","2017-02","12","DECEMBER,2016","DECEMBER","FMS","OHL USA, INC.","http://cityclerk.lacity.org/lacityclerkconnect/index.cfm?fa=ccon.viewrecord&contractnum=C-123672","50","GOB 2011A CLEAN WATER CLEANUP","VC0000014741",,"CHECK","PAID","GAX501716V500076",,,"2016-12-02T00:00:00.000","1","1","GAE50CO14123672KO","MACHADO LAKE ECOSYSTEM REHAB",,,,,,,,,,"2",,,,,,,,,,,"VC0000014741 - OHL-USA INC"
"3856590","2017","APPROPRIATIONS TO SPECIAL PURPOSE FUND","GREEN BUILDING CORPORATION","2016-12-23T00:00:00.000","274148.26","CO127470","0002605248","GENERAL GOVERNMENT","GOVERNMENTAL","CAPITAL PROJECTS","GOB 2009 CLEAN WATER CLEANUP","16T","TEMESCAL CANYON PRK PHASE II","50FD17","AD26170000035530","SUPPLIES & OTHER SERVICES",,"6","2017-06 (DEC)","2017-02","12","DECEMBER,2016","DECEMBER","FMS","GREEN BUILDING CORPORATION","http://cityclerk.lacity.org/lacityclerkconnect/index.cfm?fa=ccon.viewrecord&contractnum=C-127470","50","GOB 2009 CLEAN WATER CLEANUP","VC0000014690","91406","CHECK","PAID","GAX501716T500082",,,"2016-12-09T00:00:00.000","1","1","GAE50CO17127470KO","TEMESCAL CANYON PRK PHASE II",,,,,,,,,,"1",,,,,,,,,,,"VC0000014690 - GREEN BUILDING CORPORATION"
"3855854","2017","APPROPRIATIONS TO SPECIAL PURPOSE FUND","GREEN BUILDING CORPORATION","2016-12-13T00:00:00.000","96365.15","CO127429","0002605248","GENERAL GOVERNMENT","GOVERNMENTAL","CAPITAL PROJECTS","GOB 2009 CLEAN WATER CLEANUP","16T","PENMAR WATER QLTY PHASE II","50FZAA","AD26170000033469","SUPPLIES & OTHER SERVICES",,"6","2017-06 (DEC)","2017-02","12","DECEMBER,2016","DECEMBER","FMS","GREEN BUILDING CORPORATION","http://cityclerk.lacity.org/lacityclerkconnect/index.cfm?fa=ccon.viewrecord&contractnum=C-127429","50","GOB 2009 CLEAN WATER CLEANUP","VC0000014690","91406","CHECK","PAID","GAX501716T500081",,,"2016-12-09T00:00:00.000","1","1","GAE50CO17127429KO","PENMAR WATER QLTY PHASE II",,,,,,,,,,"1",,,,,,,,,,,"VC0000014690 - GREEN BUILDING CORPORATION"
"3855860","2017","APPROPRIATIONS TO SPECIAL PURPOSE FUND","OHL-USA INC","2016-12-09T00:00:00.000","77916.99","CO123672","0002732354","GENERAL GOVERNMENT","GOVERNMENTAL","CAPITAL PROJECTS","GOB 2011A CLEAN WATER CLEANUP","16V","MACHADO LAKE ECOSYSTEM REHAB","50HWAA","EFT26170000004536","IMPROVEMENTS OTHER THAN BUILDINGS",,"6","2017-06 (DEC)","2017-02","12","DECEMBER,2016","DECEMBER","FMS","OHL USA, INC.","http://cityclerk.lacity.org/lacityclerkconnect/index.cfm?fa=ccon.viewrecord&contractnum=C-123672","50","GOB 2011A CLEAN WATER CLEANUP","VC0000014741","10017","EFT","PAID","GAX501716V500077",,,"2016-12-02T00:00:00.000","1","1","GAE50CO14123672KO","MACHADO LAKE ECOSYSTEM REHAB",,,,,,,,,,"2",,,,,,,,,,,"VC0000014741 - OHL-USA INC"
"3855863","2017","APPROPRIATIONS TO SPECIAL PURPOSE FUND","ARCADIS U.S. INC","2016-12-22T00:00:00.000","53860.42","CO120715","0000143256","GENERAL GOVERNMENT","GOVERNMENTAL","CAPITAL PROJECTS","GOB 2011A CLEAN WATER CLEANUP","16V","MACHADO LAKE ECOSYSTEM REHAB","50HWAA","AD26170000035245","SUPPLIES & OTHER SERVICES",,"6","2017-06 (DEC)","2017-02","12","DECEMBER,2016","DECEMBER","FMS","ARCADIS U.S., INC.","http://cityclerk.lacity.org/lacityclerkconnect/index.cfm?fa=ccon.viewrecord&contractnum=C-120715","50","GOB 2011A CLEAN WATER CLEANUP","100035931",,"CHECK","PAID","GAX501716V500088",,,"2016-12-16T00:00:00.000","1","1","GAE50CO16120715M","MACHADO LAKE ECOSYSTEM REHAB",,,,,,,,,,"3",,,,,,,,,,,"100035931 - ARCADIS U.S. INC"
"3855856","2017","APPROPRIATIONS TO SPECIAL PURPOSE FUND","ARCADIS U.S. INC","2016-12-22T00:00:00.000","37902.28","CO120715","0000143256","GENERAL GOVERNMENT","GOVERNMENTAL","CAPITAL PROJECTS","GOB 2009 CLEAN WATER CLEANUP","16T","PENMAR WATER QLTY PHASE II","50FZAA","AD26170000035243","SUPPLIES & OTHER SERVICES",,"6","2017-06 (DEC)","2017-02","12","DECEMBER,2016","DECEMBER","FMS","ARCADIS U.S., INC.","http://cityclerk.lacity.org/lacityclerkconnect/index.cfm?fa=ccon.viewrecord&contractnum=C-120715","50","GOB 2009 CLEAN WATER CLEANUP","100035931",,"CHECK","PAID","GAX501716T500090",,,"2016-12-16T00:00:00.000","1","1","GAE50CO16120715M","PENMAR WATER QLTY PHASE II",,,,,,,,,,"6",,,,,,,,,,,"100035931 - ARCADIS U.S. INC"
"3856591","2017","APPROPRIATIONS TO SPECIAL PURPOSE FUND","ARCADIS U.S. INC","2016-12-22T00:00:00.000","31346.89","CO120715","0000143256","GENERAL GOVERNMENT","GOVERNMENTAL","CAPITAL PROJECTS","GOB 2009 CLEAN WATER CLEANUP","16T","TEMESCAL CANYON PRK PHASE II","50FD17","AD26170000035244","SUPPLIES & OTHER SERVICES",,"6","2017-06 (DEC)","2017-02","12","DECEMBER,2016","DECEMBER","FMS","ARCADIS U.S., INC.","http://cityclerk.lacity.org/lacityclerkconnect/index.cfm?fa=ccon.viewrecord&contractnum=C-120715","50","GOB 2009 CLEAN WATER CLEANUP","100035931",,"CHECK","PAID","GAX501716T500091",,,"2016-12-16T00:00:00.000","1","1","GAE50CO16120715M","TEMESCAL CANYON PRK PHASE II",,,,,,,,,,"5",,,,,,,,,,,"100035931 - ARCADIS U.S. INC"
"3855862","2017","APPROPRIATIONS TO SPECIAL PURPOSE FUND","ARCADIS U.S. INC","2016-12-13T00:00:00.000","30345.31","CO120715","0000143256","GENERAL GOVERNMENT","GOVERNMENTAL","CAPITAL PROJECTS","GOB 2011A CLEAN WATER CLEANUP","16V","MACHADO LAKE ECOSYSTEM REHAB","50HWAA","AD26170000033466","SUPPLIES & OTHER SERVICES",,"6","2017-06 (DEC)","2017-02","12","DECEMBER,2016","DECEMBER","FMS","ARCADIS U.S., INC.","http://cityclerk.lacity.org/lacityclerkconnect/index.cfm?fa=ccon.viewrecord&contractnum=C-120715","50","GOB 2011A CLEAN WATER CLEANUP","100035931",,"CHECK","PAID","GAX501716V500080",,,"2016-10-18T00:00:00.000","1","1","GAE50CO16120715M","MACHADO LAKE ECOSYSTEM REHAB",,,,,,,,,,"3",,,,,,,,,,,"100035931 - ARCADIS U.S. INC"
"3855855","2017","APPROPRIATIONS TO SPECIAL PURPOSE FUND","ARCADIS U.S. INC","2016-12-20T00:00:00.000","21809.01","CO120715","0000143256","GENERAL GOVERNMENT","GOVERNMENTAL","CAPITAL PROJECTS","GOB 2009 CLEAN WATER CLEANUP","16T","PENMAR WATER QLTY PHASE II","50FZAA","AD26170000034791","SUPPLIES & OTHER SERVICES",,"6","2017-06 (DEC)","2017-02","12","DECEMBER,2016","DECEMBER","FMS","ARCADIS U.S., INC.","http://cityclerk.lacity.org/lacityclerkconnect/index.cfm?fa=ccon.viewrecord&contractnum=C-120715","50","GOB 2009 CLEAN WATER CLEANUP","100035931",,"CHECK","PAID","GAX501716T500086",,,"2015-09-15T00:00:00.000","1","1","GAE50CO16120715M","PENMAR WATER QLTY PHASE II",,,,,,,,,,"6",,,,,,,,,,,"100035931 - ARCADIS U.S. INC"
"3855864","2017","APPROPRIATIONS TO SPECIAL PURPOSE FUND","CDM SMITH INC","2016-12-22T00:00:00.000","14086.07","CO120703","0002002979","GENERAL GOVERNMENT","GOVERNMENTAL","CAPITAL PROJECTS","GOB 2011A CLEAN WATER CLEANUP","16V","MACHADO LAKE ECOSYSTEM REHAB","50HWAA","AD26170000035365","SUPPLIES & OTHER SERVICES",,"6","2017-06 (DEC)","2017-02","12","DECEMBER,2016","DECEMBER","FMS","CDM SMITH INC.","http://cityclerk.lacity.org/lacityclerkconnect/index.cfm?fa=ccon.viewrecord&contractnum=C-120703","50","GOB 2011A CLEAN WATER CLEANUP","100001119",,"CHECK","PAID","GAX501716V500087",,,"2016-11-21T00:00:00.000","1","2","GAE50CO13120703M","MACHADO LAKE ECOSYSTEM REHAB",,,,,,,,,,"6",,,,,,,,,,,"100001119 - CDM SMITH INC"
"3855859","2017","APPROPRIATIONS TO SPECIAL PURPOSE FUND","CAROLLO ENGINEERS APC","2016-12-05T00:00:00.000","12137.89","CO120707","0000659039","GENERAL GOVERNMENT","GOVERNMENTAL","CAPITAL PROJECTS","GOB 2009 CLEAN WATER CLEANUP","16T","PENMAR WATER QLTY PHASE II","50FZAA","AD26170000031603","SUPPLIES & OTHER SERVICES",,"6","2017-06 (DEC)","2017-02","12","DECEMBER,2016","DECEMBER","FMS","CAROLLO ENGINEERS","http://cityclerk.lacity.org/lacityclerkconnect/index.cfm?fa=ccon.viewrecord&contractnum=C-120707","50","GOB 2009 CLEAN WATER CLEANUP","100024382",,"CHECK","PAID","GAX501716T500075",,,"2016-11-22T00:00:00.000","1","1","GAE50CO13120707M","PENMAR WATER QLTY PHASE II",,,,,,,,,,"1",,,,,,,,,,,"100024382 - CAROLLO ENGINEERS APC"
"3856592","2017","APPROPRIATIONS TO SPECIAL PURPOSE FUND","CAROLLO ENGINEERS APC","2016-12-05T00:00:00.000","11509.33","CO120707","0000659039","GENERAL GOVERNMENT","GOVERNMENTAL","CAPITAL PROJECTS","GOB 2009 CLEAN WATER CLEANUP","16T","TEMESCAL CANYON PRK PHASE II","50FD17","AD26170000031603","SUPPLIES & OTHER SERVICES",,"6","2017-06 (DEC)","2017-02","12","DECEMBER,2016","DECEMBER","FMS","CAROLLO ENGINEERS","http://cityclerk.lacity.org/lacityclerkconnect/index.cfm?fa=ccon.viewrecord&contractnum=C-120707","50","GOB 2009 CLEAN WATER CLEANUP","100024382",,"CHECK","PAID","GAX501716T500075",,,"2016-11-22T00:00:00.000","1","2","GAE50CO13120707M","TEMESCAL CANYON PRK PHASE II",,,,,,,,,,"2",,,,,,,,,,,"100024382 - CAROLLO ENGINEERS APC"
"3864231","2017","APPROPRIATIONS TO SPECIAL PURPOSE FUND","CAROLLO ENGINEERS APC","2016-12-01T00:00:00.000","9547.12","CO124324","0000659039","GENERAL GOVERNMENT","GOVERNMENTAL","CAPITAL PROJECTS","GOB 2009 CLEAN WATER CLEANUP","16T","PROP O OPTIMIZATION","50KYAF","AD26170000031155","SUPPLIES & OTHER SERVICES",,"6","2017-06 (DEC)","2017-02","12","DECEMBER,2016","DECEMBER","FMS","CAROLLO ENGINEERS, INC.","http://cityclerk.lacity.org/lacityclerkconnect/index.cfm?fa=ccon.viewrecord&contractnum=C-124324","50","GOB 2009 CLEAN WATER CLEANUP","100024382",,"CHECK","PAID","GAX501716T500074",,,"2016-11-17T00:00:00.000","1","1","GAE50CO16124324MC","PROP O OPTIMIZATION",,,,,,,,,,"1",,,,,,,,,,,"100024382 - CAROLLO ENGINEERS APC"
"3864232","2017","APPROPRIATIONS TO SPECIAL PURPOSE FUND","CAROLLO ENGINEERS APC","2016-12-16T00:00:00.000","6703.76","CO124324","0000659039","GENERAL GOVERNMENT","GOVERNMENTAL","CAPITAL PROJECTS","GOB 2009 CLEAN WATER CLEANUP","16T","PROP O OPTIMIZATION","50KYAF","AD26170000034266","SUPPLIES & OTHER SERVICES",,"6","2017-06 (DEC)","2017-02","12","DECEMBER,2016","DECEMBER","FMS","CAROLLO ENGINEERS, INC.","http://cityclerk.lacity.org/lacityclerkconnect/index.cfm?fa=ccon.viewrecord&contractnum=C-124324","50","GOB 2009 CLEAN WATER CLEANUP","100024382",,"CHECK","PAID","GAX501716T500083",,,"2016-12-15T00:00:00.000","1","1","GAE50CO16124324MC","PROP O OPTIMIZATION",,,,,,,,,,"1",,,,,,,,,,,"100024382 - CAROLLO ENGINEERS APC"
"3864310","2017","APPROPRIATIONS TO SPECIAL PURPOSE FUND","ARCADIS U.S. INC","2016-12-20T00:00:00.000","6181.84","CO120715","0000143256","GENERAL GOVERNMENT","GOVERNMENTAL","CAPITAL PROJECTS","GOB 2009 CLEAN WATER CLEANUP","16T","ARGO DRAIN SUB BASIN FACILITY.1","50LWAF","AD26170000034790","SUPPLIES & OTHER SERVICES",,"6","2017-06 (DEC)","2017-02","12","DECEMBER,2016","DECEMBER","FMS","ARCADIS U.S., INC.","http://cityclerk.lacity.org/lacityclerkconnect/index.cfm?fa=ccon.viewrecord&contractnum=C-120715","50","GOB 2009 CLEAN WATER CLEANUP","100035931",,"CHECK","PAID","GAX501716T500085",,,"2015-09-15T00:00:00.000","1","1","GAE50CO16120715M","ARGO DRAIN SUB BASIN FACILITY.1",,,,,,,,,,"2",,,,,,,,,,,"100035931 - ARCADIS U.S. INC"
"3855865","2017","APPROPRIATIONS TO SPECIAL PURPOSE FUND","CDM SMITH INC","2016-12-22T00:00:00.000","3283.04","CO120703","0002002979","GENERAL GOVERNMENT","GOVERNMENTAL","CAPITAL PROJECTS","GOB 2011A CLEAN WATER CLEANUP","16V","MACHADO LAKE ECOSYSTEM REHAB","50HWAA","AD26170000035365","SUPPLIES & OTHER SERVICES",,"6","2017-06 (DEC)","2017-02","12","DECEMBER,2016","DECEMBER","FMS","CDM SMITH INC.","http://cityclerk.lacity.org/lacityclerkconnect/index.cfm?fa=ccon.viewrecord&contractnum=C-120703","50","GOB 2011A CLEAN WATER CLEANUP","100001119",,"CHECK","PAID","GAX501716V500087",,,"2016-11-21T00:00:00.000","1","1","GAE50CO13120703M","MACHADO LAKE ECOSYSTEM REHAB",,,,,,,,,,"5",,,,,,,,,,,"100001119 - CDM SMITH INC"
"3855857","2017","APPROPRIATIONS TO SPECIAL PURPOSE FUND","SWCA INCORPORATED","2016-12-12T00:00:00.000","2175.91","CO123103","0002466104","GENERAL GOVERNMENT","GOVERNMENTAL","CAPITAL PROJECTS","GOB 2009 CLEAN WATER CLEANUP","16T","PENMAR WATER QLTY PHASE II","50FZAA","AD26170000033150","SUPPLIES & OTHER SERVICES",,"6","2017-06 (DEC)","2017-02","12","DECEMBER,2016","DECEMBER","FMS","SWCA ENVIRONMENTAL CONSULTANT","http://cityclerk.lacity.org/lacityclerkconnect/index.cfm?fa=ccon.viewrecord&contractnum=C-123103","50","GOB 2009 CLEAN WATER CLEANUP","100036600","60009","CHECK","PAID","GAX501716T500078",,,"2016-09-06T00:00:00.000","1","2","GAE50CO15123103MO","PENMAR WATER QLTY PHASE II",,,,,,,,,,"2",,,,,,,,,,,"100036600 - SWCA INCORPORATED"
"3855896","2017","APPROPRIATIONS TO SPECIAL PURPOSE FUND","STATE WATER RESOURCES CONTROL BOARD","2016-12-19T00:00:00.000","1386",,"6666666666","GENERAL GOVERNMENT","GOVERNMENTAL","CAPITAL PROJECTS","GOB 2009 CLEAN WATER CLEANUP","16T","MACHADO LAKE ECOSYSTEM REHAB","50FC19","AD26170000034492","SUPPLIES & OTHER SERVICES",,"6","2017-06 (DEC)","2017-02","12","DECEMBER,2016","DECEMBER","FMS",,,"50","GOB 2009 CLEAN WATER CLEANUP","100002610",,"CHECK","PAID","GAX501716T500084",,,"2016-11-28T00:00:00.000","1","1","GAEAE50AE1716T001M","MACHADO LAKE ECOSYSTEM REHAB",,,,,,,,,,"1",,,,,,,,,,,"100002610 - STATE WATER RESOURCES CONTROL BOARD"
"3864255","2017","APPROPRIATIONS TO SPECIAL PURPOSE FUND","ARCADIS U.S. INC","2016-12-01T00:00:00.000","1306.4","CO120715","0000143256","GENERAL GOVERNMENT","GOVERNMENTAL","CAPITAL PROJECTS","GOB 2009 CLEAN WATER CLEANUP","16T","ALBION RIVERSIDE PARK IMPROVEMENTS","50KXAD","AD26170000031157","SUPPLIES & OTHER SERVICES",,"6","2017-06 (DEC)","2017-02","12","DECEMBER,2016","DECEMBER","FMS","ARCADIS U.S., INC.","http://cityclerk.lacity.org/lacityclerkconnect/index.cfm?fa=ccon.viewrecord&contractnum=C-120715","50","GOB 2009 CLEAN WATER CLEANUP","100035931",,"CHECK","PAID","GAX501716T500073",,,"2016-10-26T00:00:00.000","1","1","GAE50CO16120715M","ALBION RIVERSIDE PARK IMPROVEMENTS",,,,,,,,,,"11",,,,,,,,,,,"100035931 - ARCADIS U.S. INC"
"3859191","2017","APPROPRIATIONS TO SPECIAL PURPOSE FUND","ARCADIS U.S. INC","2016-12-22T00:00:00.000","641.32","CO120715","0000143256","GENERAL GOVERNMENT","GOVERNMENTAL","CAPITAL PROJECTS","GOB 2008A CLEAN WATER CLEANUP","16Q","SMB/BC MAR VISTA RECREATION CT","50EA14","AD26170000035242","SUPPLIES & OTHER SERVICES",,"6","2017-06 (DEC)","2017-02","12","DECEMBER,2016","DECEMBER","FMS","ARCADIS U.S., INC.","http://cityclerk.lacity.org/lacityclerkconnect/index.cfm?fa=ccon.viewrecord&contractnum=C-120715","50","GOB 2008A CLEAN WATER CLEANUP","100035931",,"CHECK","PAID","GAX501716Q500089",,,"2016-12-16T00:00:00.000","1","1","GAE50CO16120715M","SMB/BC MAR VISTA RECREATION CT",,,,,,,,,,"4",,,,,,,,,,,"100035931 - ARCADIS U.S. INC"
"3855858","2017","APPROPRIATIONS TO SPECIAL PURPOSE FUND","SWCA INCORPORATED","2016-12-12T00:00:00.000","490.44","CO123103","0002466104","GENERAL GOVERNMENT","GOVERNMENTAL","CAPITAL PROJECTS","GOB 2009 CLEAN WATER CLEANUP","16T","PENMAR WATER QLTY PHASE II","50FZAA","AD26170000033150","SUPPLIES & OTHER SERVICES",,"6","2017-06 (DEC)","2017-02","12","DECEMBER,2016","DECEMBER","FMS","SWCA ENVIRONMENTAL CONSULTANT","http://cityclerk.lacity.org/lacityclerkconnect/index.cfm?fa=ccon.viewrecord&contractnum=C-123103","50","GOB 2009 CLEAN WATER CLEANUP","100036600","60009","CHECK","PAID","GAX501716T500078",,,"2016-09-06T00:00:00.000","1","1","GAE50CO15123103MO","PENMAR WATER QLTY PHASE II",,,,,,,,,,"1",,,,,,,,,,,"100036600 - SWCA INCORPORATED"
"3806710","2017","APPROPRIATIONS TO SPECIAL PURPOSE FUND","OHL-USA INC","2016-11-08T00:00:00.000","1409004.85","CO123672","2732354","GENERAL GOVERNMENT","GOVERNMENTAL","CAPITAL PROJECTS","GOB 2011A CLEAN WATER CLEANUP","16V","MACHADO LAKE ECOSYSTEM REHAB","50HWAA","AD26170000026767","IMPROVEMENTS OTHER THAN BUILDINGS",,"5","2017-05 (NOV)","2017-02","11","NOVEMBER,2016","NOVEMBER","FMS","OHL USA, INC.","http://cityclerk.lacity.org/lacityclerkconnect/index.cfm?fa=ccon.viewrecord&contractnum=C-123672","50","GOB 2011A CLEAN WATER CLEANUP","VC0000014741",,"CHECK","PAID","GAX501716V500066",,,"2016-11-01T00:00:00.000","1","1","GAE50CO14123672KO","MACHADO LAKE ECOSYSTEM REHAB",,,,,,,,,,"2",,,,,,,,,,,"VC0000014741 - OHL-USA INC"
"3807291","2017","APPROPRIATIONS TO SPECIAL PURPOSE FUND","GREEN BUILDING CORPORATION","2016-11-15T00:00:00.000","278895.44","CO127470","2605248","GENERAL GOVERNMENT","GOVERNMENTAL","CAPITAL PROJECTS","GOB 2009 CLEAN WATER CLEANUP","16T","TEMESCAL CANYON PRK PHASE II","50FD17","AD26170000027880","SUPPLIES & OTHER SERVICES",,"5","2017-05 (NOV)","2017-02","11","NOVEMBER,2016","NOVEMBER","FMS","GREEN BUILDING CORPORATION","http://cityclerk.lacity.org/lacityclerkconnect/index.cfm?fa=ccon.viewrecord&contractnum=C-127470","50","GOB 2009 CLEAN WATER CLEANUP","VC0000014690","91406","CHECK","PAID","GAX501716T500070",,,"2016-11-07T00:00:00.000","1","2","GAE50CO17127470KO","TEMESCAL CANYON PRK PHASE II",,,,,,,,,,"1",,,,,,,,,,,"VC0000014690 - GREEN BUILDING CORPORATION"
"3806708","2017","APPROPRIATIONS TO SPECIAL PURPOSE FUND","GREEN BUILDING CORPORATION","2016-11-15T00:00:00.000","215843.6","CO127429","2605248","GENERAL GOVERNMENT","GOVERNMENTAL","CAPITAL PROJECTS","GOB 2009 CLEAN WATER CLEANUP","16T","PENMAR WATER QLTY PHASE II","50FZAA","AD26170000027880","SUPPLIES & OTHER SERVICES",,"5","2017-05 (NOV)","2017-02","11","NOVEMBER,2016","NOVEMBER","FMS","GREEN BUILDING CORPORATION","http://cityclerk.lacity.org/lacityclerkconnect/index.cfm?fa=ccon.viewrecord&contractnum=C-127429","50","GOB 2009 CLEAN WATER CLEANUP","VC0000014690","91406","CHECK","PAID","GAX501716T500069",,,"2016-11-07T00:00:00.000","1","1","GAE50CO17127429KO","PENMAR WATER QLTY PHASE II",,,,,,,,,,"1",,,,,,,,,,,"VC0000014690 - GREEN BUILDING CORPORATION"
"3806711","2017","APPROPRIATIONS TO SPECIAL PURPOSE FUND","OHL-USA INC","2016-11-09T00:00:00.000","74158.15","CO123672","2732354","GENERAL GOVERNMENT","GOVERNMENTAL","CAPITAL PROJECTS","GOB 2011A CLEAN WATER CLEANUP","16V","MACHADO LAKE ECOSYSTEM REHAB","50HWAA","EFT26170000003749","IMPROVEMENTS OTHER THAN BUILDINGS",,"5","2017-05 (NOV)","2017-02","11","NOVEMBER,2016","NOVEMBER","FMS","OHL USA, INC.","http://cityclerk.lacity.org/lacityclerkconnect/index.cfm?fa=ccon.viewrecord&contractnum=C-123672","50","GOB 2011A CLEAN WATER CLEANUP","VC0000014741","10017","EFT","PAID","GAX501716V500067",,,"2016-11-01T00:00:00.000","1","1","GAE50CO14123672KO","MACHADO LAKE ECOSYSTEM REHAB",,,,,,,,,,"1",,,,,,,,,,,"VC0000014741 - OHL-USA INC"
"3809422","2017","APPROPRIATIONS TO SPECIAL PURPOSE FUND","ARCADIS U.S. INC","2016-11-30T00:00:00.000","45424.14","CO120715","143256","GENERAL GOVERNMENT","GOVERNMENTAL","CAPITAL PROJECTS","GOB 2008A CLEAN WATER CLEANUP","16Q","MACHADO LAKE-PHASE I","50EA19","AD26170000030903","SUPPLIES & OTHER SERVICES",,"5","2017-05 (NOV)","2017-02","11","NOVEMBER,2016","NOVEMBER","FMS","ARCADIS U.S., INC.","http://cityclerk.lacity.org/lacityclerkconnect/index.cfm?fa=ccon.viewrecord&contractnum=C-120715","50","GOB 2008A CLEAN WATER CLEANUP","100035931",,"CHECK","PAID","GAX501716Q500072",,,"2016-11-08T00:00:00.000","1","1","GAE50CO16120715M","MACHADO LAKE-PHASE I",,,,,,,,,,"8",,,,,,,,,,,"100035931 - ARCADIS U.S. INC"
"3806713","2017","APPROPRIATIONS TO SPECIAL PURPOSE FUND","ARCADIS U.S. INC","2016-11-03T00:00:00.000","30305.47","CO120715","143256","GENERAL GOVERNMENT","GOVERNMENTAL","CAPITAL PROJECTS","GOB 2011A CLEAN WATER CLEANUP","16V","MACHADO LAKE ECOSYSTEM REHAB","50HWAA","AD26170000025742","SUPPLIES & OTHER SERVICES",,"5","2017-05 (NOV)","2017-02","11","NOVEMBER,2016","NOVEMBER","FMS","ARCADIS U.S., INC.","http://cityclerk.lacity.org/lacityclerkconnect/index.cfm?fa=ccon.viewrecord&contractnum=C-120715","50","GOB 2011A CLEAN WATER CLEANUP","100035931",,"CHECK","PAID","GAX501716V500065",,,"2016-10-26T00:00:00.000","1","1","GAE50CO16120715M","MACHADO LAKE ECOSYSTEM REHAB",,,,,,,,,,"3",,,,,,,,,,,"100035931 - ARCADIS U.S. INC"
"3806712","2017","APPROPRIATIONS TO SPECIAL PURPOSE FUND","ARCADIS U.S. INC","2016-11-08T00:00:00.000","29822.87","CO120715","143256","GENERAL GOVERNMENT","GOVERNMENTAL","CAPITAL PROJECTS","GOB 2011A CLEAN WATER CLEANUP","16V","MACHADO LAKE ECOSYSTEM REHAB","50HWAA","AD26170000026763","SUPPLIES & OTHER SERVICES",,"5","2017-05 (NOV)","2017-02","11","NOVEMBER,2016","NOVEMBER","FMS","ARCADIS U.S., INC.","http://cityclerk.lacity.org/lacityclerkconnect/index.cfm?fa=ccon.viewrecord&contractnum=C-120715","50","GOB 2011A CLEAN WATER CLEANUP","100035931",,"CHECK","PAID","GAX501716V500068",,,"2015-09-22T00:00:00.000","1","1","GAE50CO16120715M","MACHADO LAKE ECOSYSTEM REHAB",,,,,,,,,,"3",,,,,,,,,,,"100035931 - ARCADIS U.S. INC"
"3806709","2017","APPROPRIATIONS TO SPECIAL PURPOSE FUND","CAROLLO ENGINEERS APC","2016-11-22T00:00:00.000","20094.78","CO120707","659039","GENERAL GOVERNMENT","GOVERNMENTAL","CAPITAL PROJECTS","GOB 2009 CLEAN WATER CLEANUP","16T","PENMAR WATER QLTY PHASE II","50FZAA","AD26170000029772","SUPPLIES & OTHER SERVICES",,"5","2017-05 (NOV)","2017-02","11","NOVEMBER,2016","NOVEMBER","FMS","CAROLLO ENGINEERS","http://cityclerk.lacity.org/lacityclerkconnect/index.cfm?fa=ccon.viewrecord&contractnum=C-120707","50","GOB 2009 CLEAN WATER CLEANUP","100024382",,"CHECK","PAID","GAX501716T500071",,,"2016-11-08T00:00:00.000","1","1","GAE50CO13120707M","PENMAR WATER QLTY PHASE II",,,,,,,,,,"1",,,,,,,,,,,"100024382 - CAROLLO ENGINEERS APC"
"3807292","2017","APPROPRIATIONS TO SPECIAL PURPOSE FUND","ARCADIS U.S. INC","2016-11-03T00:00:00.000","13634.08","CO120715","143256","GENERAL GOVERNMENT","GOVERNMENTAL","CAPITAL PROJECTS","GOB 2009 CLEAN WATER CLEANUP","16T","TEMESCAL CANYON PRK PHASE II","50FD17","AD26170000025741","SUPPLIES & OTHER SERVICES",,"5","2017-05 (NOV)","2017-02","11","NOVEMBER,2016","NOVEMBER","FMS","ARCADIS U.S., INC.","http://cityclerk.lacity.org/lacityclerkconnect/index.cfm?fa=ccon.viewrecord&contractnum=C-120715","50","GOB 2009 CLEAN WATER CLEANUP","100035931",,"CHECK","PAID","GAX501716T500064",,,"2016-10-26T00:00:00.000","1","2","GAE50CO16120715M","TEMESCAL CANYON PRK PHASE II",,,,,,,,,,"5",,,,,,,,,,,"100035931 - ARCADIS U.S. INC"
"3807293","2017","APPROPRIATIONS TO SPECIAL PURPOSE FUND","CAROLLO ENGINEERS APC","2016-11-22T00:00:00.000","5610.91","CO120707","659039","GENERAL GOVERNMENT","GOVERNMENTAL","CAPITAL PROJECTS","GOB 2009 CLEAN WATER CLEANUP","16T","TEMESCAL CANYON PRK PHASE II","50FD17","AD26170000029772","SUPPLIES & OTHER SERVICES",,"5","2017-05 (NOV)","2017-02","11","NOVEMBER,2016","NOVEMBER","FMS","CAROLLO ENGINEERS","http://cityclerk.lacity.org/lacityclerkconnect/index.cfm?fa=ccon.viewrecord&contractnum=C-120707","50","GOB 2009 CLEAN WATER CLEANUP","100024382",,"CHECK","PAID","GAX501716T500071",,,"2016-11-08T00:00:00.000","1","2","GAE50CO13120707M","TEMESCAL CANYON PRK PHASE II",,,,,,,,,,"2",,,,,,,,,,,"100024382 - CAROLLO ENGINEERS APC"
"3815128","2017","APPROPRIATIONS TO SPECIAL PURPOSE FUND","ARCADIS U.S. INC","2016-11-03T00:00:00.000","2101.21","CO120715","143256","GENERAL GOVERNMENT","GOVERNMENTAL","CAPITAL PROJECTS","GOB 2009 CLEAN WATER CLEANUP","16T","ARGO DRAIN SUB BASIN FACILITY.1","50LWAF","AD26170000025741","SUPPLIES & OTHER SERVICES",,"5","2017-05 (NOV)","2017-02","11","NOVEMBER,2016","NOVEMBER","FMS","ARCADIS U.S., INC.","http://cityclerk.lacity.org/lacityclerkconnect/index.cfm?fa=ccon.viewrecord&contractnum=C-120715","50","GOB 2009 CLEAN WATER CLEANUP","100035931",,"CHECK","PAID","GAX501716T500064",,,"2016-10-26T00:00:00.000","1","1","GAE50CO16120715M","ARGO DRAIN SUB BASIN FACILITY.1",,,,,,,,,,"2",,,,,,,,,,,"100035931 - ARCADIS U.S. INC"
"3763820","2017","APPROPRIATIONS TO SPECIAL PURPOSE FUND","OHL-USA INC","2016-10-06T00:00:00.000","1136853.19","CO123672","0002732354","GENERAL GOVERNMENT","GOVERNMENTAL","CAPITAL PROJECTS","GOB 2011A CLEAN WATER CLEANUP","16V","MACHADO LAKE ECOSYSTEM REHAB","50HWAA","AD26170000020464","IMPROVEMENTS OTHER THAN BUILDINGS",,"4","2017-04 (OCT)","2017-02","10","OCTOBER,2016","OCTOBER","FMS","OHL USA, INC.","http://cityclerk.lacity.org/lacityclerkconnect/index.cfm?fa=ccon.viewrecord&contractnum=C-123672","50","GOB 2011A CLEAN WATER CLEANUP","VC0000014741",,"CHECK","PAID","GAX501716V500048",,,"2016-09-29T00:00:00.000","1","1","GAE50CO14123672KO","MACHADO LAKE ECOSYSTEM REHAB",,,,,,,,,,"1",,,,,,,,,,,"VC0000014741 - OHL-USA INC"
"3763821","2017","APPROPRIATIONS TO SPECIAL PURPOSE FUND","OHL-USA INC","2016-10-06T00:00:00.000","60285.53","CO123672","0002732354","GENERAL GOVERNMENT","GOVERNMENTAL","CAPITAL PROJECTS","GOB 2011A CLEAN WATER CLEANUP","16V","MACHADO LAKE ECOSYSTEM REHAB","50HWAA","EFT26170000002743","IMPROVEMENTS OTHER THAN BUILDINGS",,"4","2017-04 (OCT)","2017-02","10","OCTOBER,2016","OCTOBER","FMS","OHL USA, INC.","http://cityclerk.lacity.org/lacityclerkconnect/index.cfm?fa=ccon.viewrecord&contractnum=C-123672","50","GOB 2011A CLEAN WATER CLEANUP","VC0000014741","10017","EFT","PAID","GAX501716V500049",,,"2016-09-29T00:00:00.000","1","1","GAE50CO14123672KO","MACHADO LAKE ECOSYSTEM REHAB",,,,,,,,,,"1",,,,,,,,,,,"VC0000014741 - OHL-USA INC"
"3758612","2017","APPROPRIATIONS TO SPECIAL PURPOSE FUND","CAROLLO ENGINEERS APC","2016-10-12T00:00:00.000","31478.56","CO124324","0000659039","GENERAL GOVERNMENT","GOVERNMENTAL","CAPITAL PROJECTS","GOB 2009 CLEAN WATER CLEANUP","16T","PROP O OPTIMIZATION","50KYAF","AD26170000021398","SUPPLIES & OTHER SERVICES",,"4","2017-04 (OCT)","2017-02","10","OCTOBER,2016","OCTOBER","FMS","CAROLLO ENGINEERS, INC.","http://cityclerk.lacity.org/lacityclerkconnect/index.cfm?fa=ccon.viewrecord&contractnum=C-124324","50","GOB 2009 CLEAN WATER CLEANUP","100024382",,"CHECK","PAID","GAX501716T500051",,,"2016-07-19T00:00:00.000","1","1","GAE50CO16124324MC","PROP O OPTIMIZATION",,,,,,,,,,"1",,,,,,,,,,,"100024382 - CAROLLO ENGINEERS APC"
"3759003","2017","APPROPRIATIONS TO SPECIAL PURPOSE FUND","CDM SMITH INC","2016-10-04T00:00:00.000","31262.12","CO120703","0002002979","GENERAL GOVERNMENT","GOVERNMENTAL","CAPITAL PROJECTS","GOB 2011A CLEAN WATER CLEANUP","16V","MACHADO LAKE ECOSYSTEM REHAB","50HWAA","AD26170000019675","SUPPLIES & OTHER SERVICES",,"4","2017-04 (OCT)","2017-02","10","OCTOBER,2016","OCTOBER","FMS","CDM SMITH INC.","http://cityclerk.lacity.org/lacityclerkconnect/index.cfm?fa=ccon.viewrecord&contractnum=C-120703","50","GOB 2011A CLEAN WATER CLEANUP","100001119",,"CHECK","PAID","GAX501716V500047",,,"2016-08-22T00:00:00.000","1","1","GAE50CO13120703M","MACHADO LAKE ECOSYSTEM REHAB",,,,,,,,,,"5",,,,,,,,,,,"100001119 - CDM SMITH INC"
"3761408","2017","APPROPRIATIONS TO SPECIAL PURPOSE FUND","CAROLLO ENGINEERS APC","2016-10-07T00:00:00.000","28088.61","CO120707","0000659039","GENERAL GOVERNMENT","GOVERNMENTAL","CAPITAL PROJECTS","GOB 2009 CLEAN WATER CLEANUP","16T","TEMESCAL CANYON PRK PHASE II","50FD17","AD26170000020727","SUPPLIES & OTHER SERVICES",,"4","2017-04 (OCT)","2017-02","10","OCTOBER,2016","OCTOBER","FMS","CAROLLO ENGINEERS","http://cityclerk.lacity.org/lacityclerkconnect/index.cfm?fa=ccon.viewrecord&contractnum=C-120707","50","GOB 2009 CLEAN WATER CLEANUP","100024382",,"CHECK","PAID","GAX501716T500050",,,"2016-09-23T00:00:00.000","1","2","GAE50CO13120707M","TEMESCAL CANYON PRK PHASE II",,,,,,,,,,"2",,,,,,,,,,,"100024382 - CAROLLO ENGINEERS APC"
"3761426","2017","APPROPRIATIONS TO SPECIAL PURPOSE FUND","CAROLLO ENGINEERS APC","2016-10-07T00:00:00.000","28082.51","CO120707","0000659039","GENERAL GOVERNMENT","GOVERNMENTAL","CAPITAL PROJECTS","GOB 2009 CLEAN WATER CLEANUP","16T","PENMAR WATER QLTY PHASE II","50FZAA","AD26170000020727","SUPPLIES & OTHER SERVICES",,"4","2017-04 (OCT)","2017-02","10","OCTOBER,2016","OCTOBER","FMS","CAROLLO ENGINEERS","http://cityclerk.lacity.org/lacityclerkconnect/index.cfm?fa=ccon.viewrecord&contractnum=C-120707","50","GOB 2009 CLEAN WATER CLEANUP","100024382",,"CHECK","PAID","GAX501716T500050",,,"2016-09-23T00:00:00.000","1","1","GAE50CO13120707M","PENMAR WATER QLTY PHASE II",,,,,,,,,,"1",,,,,,,,,,,"100024382 - CAROLLO ENGINEERS APC"
"3767123","2017","APPROPRIATIONS TO SPECIAL PURPOSE FUND","ARCADIS U.S. INC","2016-10-17T00:00:00.000","24610.99","CO120715","0000143256","GENERAL GOVERNMENT","GOVERNMENTAL","CAPITAL PROJECTS","GOB 2008A CLEAN WATER CLEANUP","16Q","MACHADO LAKE-PHASE I","50EA19","AD26170000022175","SUPPLIES & OTHER SERVICES",,"4","2017-04 (OCT)","2017-02","10","OCTOBER,2016","OCTOBER","FMS","ARCADIS U.S., INC.","http://cityclerk.lacity.org/lacityclerkconnect/index.cfm?fa=ccon.viewrecord&contractnum=C-120715","50","GOB 2008A CLEAN WATER CLEANUP","100035931",,"CHECK","PAID","GAX501716Q500055",,,"2016-10-06T00:00:00.000","1","1","GAE50CO16120715M","MACHADO LAKE-PHASE I",,,,,,,,,,"1",,,,,,,,,,,"100035931 - ARCADIS U.S. INC"
"3772774","2017","APPROPRIATIONS TO SPECIAL PURPOSE FUND","ARCADIS U.S. INC","2016-10-31T00:00:00.000","21096.59","CO120715","0000143256","GENERAL GOVERNMENT","GOVERNMENTAL","CAPITAL PROJECTS","GOB 2009 CLEAN WATER CLEANUP","16T","PENMAR WATER QLTY PHASE II","50FZAA","AD26170000025101","SUPPLIES & OTHER SERVICES",,"4","2017-04 (OCT)","2017-02","10","OCTOBER,2016","OCTOBER","FMS","ARCADIS U.S., INC.","http://cityclerk.lacity.org/lacityclerkconnect/index.cfm?fa=ccon.viewrecord&contractnum=C-120715","50","GOB 2009 CLEAN WATER CLEANUP","100035931",,"CHECK","PAID","GAX501716T500061",,,"2016-10-26T00:00:00.000","1","2","GAE50CO16120715M","PENMAR WATER QLTY PHASE II",,,,,,,,,,"6",,,,,,,,,,,"100035931 - ARCADIS U.S. INC"
"3772322","2017","APPROPRIATIONS TO SPECIAL PURPOSE FUND","CAROLLO ENGINEERS APC","2016-10-31T00:00:00.000","18033.71","CO120707","0000659039","GENERAL GOVERNMENT","GOVERNMENTAL","CAPITAL PROJECTS","GOB 2009 CLEAN WATER CLEANUP","16T","PENMAR WATER QLTY PHASE II","50FZAA","AD26170000025099","SUPPLIES & OTHER SERVICES",,"4","2017-04 (OCT)","2017-02","10","OCTOBER,2016","OCTOBER","FMS","CAROLLO ENGINEERS","http://cityclerk.lacity.org/lacityclerkconnect/index.cfm?fa=ccon.viewrecord&contractnum=C-120707","50","GOB 2009 CLEAN WATER CLEANUP","100024382",,"CHECK","PAID","GAX501716T500060",,,"2016-10-24T00:00:00.000","1","1","GAE50CO13120707M","PENMAR WATER QLTY PHASE II",,,,,,,,,,"1",,,,,,,,,,,"100024382 - CAROLLO ENGINEERS APC"
"3769116","2017","APPROPRIATIONS TO SPECIAL PURPOSE FUND","ARCADIS U.S. INC","2016-10-13T00:00:00.000","16364.64","CO120715","0000143256","GENERAL GOVERNMENT","GOVERNMENTAL","CAPITAL PROJECTS","GOB 2009 CLEAN WATER CLEANUP","16T","TEMESCAL CANYON PRK PHASE II","50FD17","AD26170000021516","SUPPLIES & OTHER SERVICES",,"4","2017-04 (OCT)","2017-02","10","OCTOBER,2016","OCTOBER","FMS","ARCADIS U.S., INC.","http://cityclerk.lacity.org/lacityclerkconnect/index.cfm?fa=ccon.viewrecord&contractnum=C-120715","50","GOB 2009 CLEAN WATER CLEANUP","100035931",,"CHECK","PAID","GAX501716T500054",,,"2016-10-12T00:00:00.000","1","1","GAE50CO16120715M","TEMESCAL CANYON PRK PHASE II",,,,,,,,,,"6",,,,,,,,,,,"100035931 - ARCADIS U.S. INC"
"3760772","2017","APPROPRIATIONS TO SPECIAL PURPOSE FUND","CAROLLO ENGINEERS APC","2016-10-03T00:00:00.000","12337.08","CO124324","0000659039","GENERAL GOVERNMENT","GOVERNMENTAL","CAPITAL PROJECTS","GOB 2009 CLEAN WATER CLEANUP","16T","PROP O OPTIMIZATION","50KYAF","AD26170000019411","SUPPLIES & OTHER SERVICES",,"4","2017-04 (OCT)","2017-02","10","OCTOBER,2016","OCTOBER","FMS","CAROLLO ENGINEERS, INC.","http://cityclerk.lacity.org/lacityclerkconnect/index.cfm?fa=ccon.viewrecord&contractnum=C-124324","50","GOB 2009 CLEAN WATER CLEANUP","100024382",,"CHECK","PAID","GAX501716T500046",,,"2016-09-20T00:00:00.000","1","1","GAE50CO16124324MC","PROP O OPTIMIZATION",,,,,,,,,,"1",,,,,,,,,,,"100024382 - CAROLLO ENGINEERS APC"
"3758564","2017","APPROPRIATIONS TO SPECIAL PURPOSE FUND","ICF JONES & STOKES, INC.","2016-10-12T00:00:00.000","11923.14","CO123097","0000861804","GENERAL GOVERNMENT","GOVERNMENTAL","CAPITAL PROJECTS","GOB 2011A CLEAN WATER CLEANUP","16V","MACHADO LAKE ECOSYSTEM REHAB","50HWAA","AD26170000021399","SUPPLIES & OTHER SERVICES",,"4","2017-04 (OCT)","2017-02","10","OCTOBER,2016","OCTOBER","FMS","ICF JONES & STOKES, INC.","http://cityclerk.lacity.org/lacityclerkconnect/index.cfm?fa=ccon.viewrecord&contractnum=C-123097","50","GOB 2011A CLEAN WATER CLEANUP","100024616",,"CHECK","PAID","GAX501716V500052",,,"2016-07-12T00:00:00.000","1","1","GAE50CO14123097M","MACHADO LAKE ECOSYSTEM REHAB",,,,,,,,,,"2",,,,,,,,,,,"100024616 - ICF JONES & STOKES, INC."
"3772294","2017","APPROPRIATIONS TO SPECIAL PURPOSE FUND","CAROLLO ENGINEERS APC","2016-10-31T00:00:00.000","9504.87","CO120707","0000659039","GENERAL GOVERNMENT","GOVERNMENTAL","CAPITAL PROJECTS","GOB 2009 CLEAN WATER CLEANUP","16T","TEMESCAL CANYON PRK PHASE II","50FD17","AD26170000025099","SUPPLIES & OTHER SERVICES",,"4","2017-04 (OCT)","2017-02","10","OCTOBER,2016","OCTOBER","FMS","CAROLLO ENGINEERS","http://cityclerk.lacity.org/lacityclerkconnect/index.cfm?fa=ccon.viewrecord&contractnum=C-120707","50","GOB 2009 CLEAN WATER CLEANUP","100024382",,"CHECK","PAID","GAX501716T500060",,,"2016-10-24T00:00:00.000","1","2","GAE50CO13120707M","TEMESCAL CANYON PRK PHASE II",,,,,,,,,,"2",,,,,,,,,,,"100024382 - CAROLLO ENGINEERS APC"
"3770176","2017","APPROPRIATIONS TO SPECIAL PURPOSE FUND","CAROLLO ENGINEERS APC","2016-10-21T00:00:00.000","7975.8","CO124324","0000659039","GENERAL GOVERNMENT","GOVERNMENTAL","CAPITAL PROJECTS","GOB 2009 CLEAN WATER CLEANUP","16T","PROP O OPTIMIZATION","50KYAF","AD26170000023346","SUPPLIES & OTHER SERVICES",,"4","2017-04 (OCT)","2017-02","10","OCTOBER,2016","OCTOBER","FMS","CAROLLO ENGINEERS, INC.","http://cityclerk.lacity.org/lacityclerkconnect/index.cfm?fa=ccon.viewrecord&contractnum=C-124324","50","GOB 2009 CLEAN WATER CLEANUP","100024382",,"CHECK","PAID","GAX501716T500058",,,"2016-10-17T00:00:00.000","1","1","GAE50CO16124324MC","PROP O OPTIMIZATION",,,,,,,,,,"1",,,,,,,,,,,"100024382 - CAROLLO ENGINEERS APC"
"3767122","2017","APPROPRIATIONS TO SPECIAL PURPOSE FUND","ARCADIS U.S. INC","2016-10-17T00:00:00.000","7650.37","CO120715","0000143256","GENERAL GOVERNMENT","GOVERNMENTAL","CAPITAL PROJECTS","GOB 2008A CLEAN WATER CLEANUP","16Q","MACHADO LAKE-PHASE I","50EA19","AD26170000022175","SUPPLIES & OTHER SERVICES",,"4","2017-04 (OCT)","2017-02","10","OCTOBER,2016","OCTOBER","FMS","ARCADIS U.S., INC.","http://cityclerk.lacity.org/lacityclerkconnect/index.cfm?fa=ccon.viewrecord&contractnum=C-120715","50","GOB 2008A CLEAN WATER CLEANUP","100035931",,"CHECK","PAID","GAX501716Q500055",,,"2016-10-06T00:00:00.000","1","2","GAE50CO16120715M","MACHADO LAKE-PHASE I",,,,,,,,,,"9",,,,,,,,,,,"100035931 - ARCADIS U.S. INC"
"3758611","2017","APPROPRIATIONS TO SPECIAL PURPOSE FUND","ARCADIS U.S. INC","2016-10-21T00:00:00.000","7140.89","CO120715","0000143256","GENERAL GOVERNMENT","GOVERNMENTAL","CAPITAL PROJECTS","GOB 2008A CLEAN WATER CLEANUP","16Q","SMBLFD P3 PH2","50KWAD","AD26170000023292","SUPPLIES & OTHER SERVICES",,"4","2017-04 (OCT)","2017-02","10","OCTOBER,2016","OCTOBER","FMS","ARCADIS U.S., INC.","http://cityclerk.lacity.org/lacityclerkconnect/index.cfm?fa=ccon.viewrecord&contractnum=C-120715","50","GOB 2008A CLEAN WATER CLEANUP","100035931",,"CHECK","PAID","GAX501716Q500057",,,"2016-07-19T00:00:00.000","1","1","GAE50CO13120715M","SMBLFD P3 PH2",,,,,,,,,,"7",,,,,,,,,,,"100035931 - ARCADIS U.S. INC"
"3760256","2017","APPROPRIATIONS TO SPECIAL PURPOSE FUND","ARCADIS U.S. INC","2016-10-21T00:00:00.000","4473","CO120715","0000143256","GENERAL GOVERNMENT","GOVERNMENTAL","CAPITAL PROJECTS","GOB 2008A CLEAN WATER CLEANUP","16Q","SMBLFD P3 PH2","50KWAD","AD26170000023292","SUPPLIES & OTHER SERVICES",,"4","2017-04 (OCT)","2017-02","10","OCTOBER,2016","OCTOBER","FMS","ARCADIS U.S., INC.","http://cityclerk.lacity.org/lacityclerkconnect/index.cfm?fa=ccon.viewrecord&contractnum=C-120715","50","GOB 2008A CLEAN WATER CLEANUP","100035931",,"CHECK","PAID","GAX501716Q500057",,,"2016-09-15T00:00:00.000","1","2","GAE50CO13120715M","SMBLFD P3 PH2",,,,,,,,,,"8",,,,,,,,,,,"100035931 - ARCADIS U.S. INC"
"3758501","2017","APPROPRIATIONS TO SPECIAL PURPOSE FUND","ARCADIS U.S. INC","2016-10-31T00:00:00.000","3283.72","CO120715","0000143256","GENERAL GOVERNMENT","GOVERNMENTAL","CAPITAL PROJECTS","GOB 2011A CLEAN WATER CLEANUP","16V","BROADWAY STRMWTR GREENWAY","50KXAC","AD26170000025018","SUPPLIES & OTHER SERVICES",,"4","2017-04 (OCT)","2017-02","10","OCTOBER,2016","OCTOBER","FMS","ARCADIS U.S., INC.","http://cityclerk.lacity.org/lacityclerkconnect/index.cfm?fa=ccon.viewrecord&contractnum=C-120715","50","GOB 2011A CLEAN WATER CLEANUP","100035931",,"CHECK","PAID","GAX501716V500063",,,"2016-05-23T00:00:00.000","1","1","GAE50CO16120715M","BROADWAY STRMWTR GREENWAY",,,,,,,,,,"1",,,,,,,,,,,"100035931 - ARCADIS U.S. INC"
"3758466","2017","APPROPRIATIONS TO SPECIAL PURPOSE FUND","ARCADIS U.S. INC","2016-10-31T00:00:00.000","2565.28","CO120715","0000143256","GENERAL GOVERNMENT","GOVERNMENTAL","CAPITAL PROJECTS","GOB 2008A CLEAN WATER CLEANUP","16Q","SMB/BC MAR VISTA RECREATION CT","50EA14","AD26170000025101","SUPPLIES & OTHER SERVICES",,"4","2017-04 (OCT)","2017-02","10","OCTOBER,2016","OCTOBER","FMS","ARCADIS U.S., INC.","http://cityclerk.lacity.org/lacityclerkconnect/index.cfm?fa=ccon.viewrecord&contractnum=C-120715","50","GOB 2008A CLEAN WATER CLEANUP","100035931",,"CHECK","PAID","GAX501716Q500062",,,"2016-04-18T00:00:00.000","1","1","GAE50CO16120715M","SMB/BC MAR VISTA RECREATION CT",,,,,,,,,,"4",,,,,,,,,,,"100035931 - ARCADIS U.S. INC"
"3768441","2017","APPROPRIATIONS TO SPECIAL PURPOSE FUND","ARCADIS U.S. INC","2016-10-13T00:00:00.000","2174.64","CO120715","0000143256","GENERAL GOVERNMENT","GOVERNMENTAL","CAPITAL PROJECTS","GOB 2008A CLEAN WATER CLEANUP","16Q","SMB/BC MAR VISTA RECREATION CT","50EA14","AD26170000021515","SUPPLIES & OTHER SERVICES",,"4","2017-04 (OCT)","2017-02","10","OCTOBER,2016","OCTOBER","FMS","ARCADIS U.S., INC.","http://cityclerk.lacity.org/lacityclerkconnect/index.cfm?fa=ccon.viewrecord&contractnum=C-120715","50","GOB 2008A CLEAN WATER CLEANUP","100035931",,"CHECK","PAID","GAX501716Q500053",,,"2016-10-11T00:00:00.000","1","1","GAE50CO13120715M","SMB/BC MAR VISTA RECREATION CT",,,,,,,,,,"2",,,,,,,,,,,"100035931 - ARCADIS U.S. INC"
"3768827","2017","APPROPRIATIONS TO SPECIAL PURPOSE FUND","LOS ANGELES ENGINEERING, INC.","2016-10-17T00:00:00.000","486.49","CO119253","0000846937","GENERAL GOVERNMENT","GOVERNMENTAL","CAPITAL PROJECTS","GOB 2009 CLEAN WATER CLEANUP","16T","TEMESCAL CANYON PRK STORMWATER","50FD14","AD26170000022173","IMPROVEMENTS OTHER THAN BUILDINGS",,"4","2017-04 (OCT)","2017-02","10","OCTOBER,2016","OCTOBER","FMS","LOS ANGELES ENGINEERING, INC.","http://cityclerk.lacity.org/lacityclerkconnect/index.cfm?fa=ccon.viewrecord&contractnum=C-119253","50","GOB 2009 CLEAN WATER CLEANUP","100003863","91723","CHECK","PAID","GAX501716T500056",,,"2016-10-12T00:00:00.000","1","1","GAE50CO12119253K","TEMESCAL CANYON PRK STORMWATER",,,,,,,,,,"1",,,,,,,,,,,"100003863 - LOS ANGELES ENGINEERING, INC."
"3758641","2017","APPROPRIATIONS TO SPECIAL PURPOSE FUND","SWCA INCORPORATED","2016-10-21T00:00:00.000","264.85","CO123103","0002466104","GENERAL GOVERNMENT","GOVERNMENTAL","CAPITAL PROJECTS","GOB 2009 CLEAN WATER CLEANUP","16T","PENMAR WATER QLTY PHASE II","50FZAA","AD26170000023349","SUPPLIES & OTHER SERVICES",,"4","2017-04 (OCT)","2017-02","10","OCTOBER,2016","OCTOBER","FMS","SWCA ENVIRONMENTAL CONSULTANT","http://cityclerk.lacity.org/lacityclerkconnect/index.cfm?fa=ccon.viewrecord&contractnum=C-123103","50","GOB 2009 CLEAN WATER CLEANUP","100036600","60009","CHECK","PAID","GAX501716T500059",,,"2016-07-21T00:00:00.000","1","1","GAE50CO15123103MO","PENMAR WATER QLTY PHASE II",,,,,,,,,,"1",,,,,,,,,,,"100036600 - SWCA INCORPORATED"
"3723200","2017","APPROPRIATIONS TO SPECIAL PURPOSE FUND","OHL-USA INC","2016-09-19T00:00:00.000","996523.01","CO123672","0002732354","GENERAL GOVERNMENT","GOVERNMENTAL","CAPITAL PROJECTS","GOB 2011A CLEAN WATER CLEANUP","16V","MACHADO LAKE ECOSYSTEM REHAB","50HWAA","AD26170000016730","IMPROVEMENTS OTHER THAN BUILDINGS",,"3","2017-03 (SEP)","2017-01","9","SEPTEMBER,2016","SEPTEMBER","FMS","OHL USA, INC.","http://cityclerk.lacity.org/lacityclerkconnect/index.cfm?fa=ccon.viewrecord&contractnum=C-123672","50","GOB 2011A CLEAN WATER CLEANUP","VC0000014741",,"CHECK","PAID","GAX501716V500029",,,"2016-09-07T00:00:00.000","1","1","GAE50CO14123672KO","MACHADO LAKE ECOSYSTEM REHAB",,,,,,,,,,"1",,,,,,,,,,,"VC0000014741 - OHL-USA INC"
"3723202","2017","APPROPRIATIONS TO SPECIAL PURPOSE FUND","TRC SOLUTIONS INC","2016-09-01T00:00:00.000","243381.9","CO124330","0000450838","GENERAL GOVERNMENT","GOVERNMENTAL","CAPITAL PROJECTS","GOB 2011A CLEAN WATER CLEANUP","16V","CATCH BASIN INSERTS / OPENINGS PH IV","50KZAA","AD26170000013177","IMPROVEMENTS OTHER THAN BUILDINGS",,"3","2017-03 (SEP)","2017-01","9","SEPTEMBER,2016","SEPTEMBER","FMS","TRC SOLUTIONS, INC.","http://cityclerk.lacity.org/lacityclerkconnect/index.cfm?fa=ccon.viewrecord&contractnum=C-124330","50","GOB 2011A CLEAN WATER CLEANUP","100028899",,"CHECK","PAID","GAX501716V500025",,,"2015-08-25T00:00:00.000","1","1","GAE50CO16124330M","CATCH BASIN INSERTS / OPENINGS PH IV",,,,,,,,,,"5",,,,,,,,,,,"100028899 - TRC SOLUTIONS INC"
"3723188","2017","APPROPRIATIONS TO SPECIAL PURPOSE FUND","GREEN BUILDING CORPORATION","2016-09-27T00:00:00.000","221584.25","CO127429","0002605248","GENERAL GOVERNMENT","GOVERNMENTAL","CAPITAL PROJECTS","GOB 2009 CLEAN WATER CLEANUP","16T","PENMAR WATER QLTY PHASE II","50FZAA","AD26170000018343","SUPPLIES & OTHER SERVICES",,"3","2017-03 (SEP)","2017-01","9","SEPTEMBER,2016","SEPTEMBER","FMS","GREEN BUILDING CORPORATION","http://cityclerk.lacity.org/lacityclerkconnect/index.cfm?fa=ccon.viewrecord&contractnum=C-127429","50","GOB 2009 CLEAN WATER CLEANUP","VC0000014690","91406","CHECK","PAID","GAX501716T500041",,,"2016-09-15T00:00:00.000","1","1","GAE50CO17127429KO","PENMAR WATER QLTY PHASE II",,,,,,,,,,"1",,,,,,,,,,,"VC0000014690 - GREEN BUILDING CORPORATION"
"3723187","2017","APPROPRIATIONS TO SPECIAL PURPOSE FUND","GREEN BUILDING CORPORATION","2016-09-29T00:00:00.000","102830.5","CO127470","0002605248","GENERAL GOVERNMENT","GOVERNMENTAL","CAPITAL PROJECTS","GOB 2009 CLEAN WATER CLEANUP","16T","TEMESCAL CANYON PRK PHASE II","50FD17","AD26170000018965","SUPPLIES & OTHER SERVICES",,"3","2017-03 (SEP)","2017-01","9","SEPTEMBER,2016","SEPTEMBER","FMS","GREEN BUILDING CORPORATION","http://cityclerk.lacity.org/lacityclerkconnect/index.cfm?fa=ccon.viewrecord&contractnum=C-127470","50","GOB 2009 CLEAN WATER CLEANUP","VC0000014690","91406","CHECK","PAID","GAX501716T500045",,,"2016-09-22T00:00:00.000","1","1","GAE50CO17127470KO","TEMESCAL CANYON PRK PHASE II",,,,,,,,,,"1",,,,,,,,,,,"VC0000014690 - GREEN BUILDING CORPORATION"
"3723181","2017","APPROPRIATIONS TO SPECIAL PURPOSE FUND","ARCADIS U.S. INC","2016-09-26T00:00:00.000","84559.93","CO120715","0000143256","GENERAL GOVERNMENT","GOVERNMENTAL","CAPITAL PROJECTS","GOB 2008A CLEAN WATER CLEANUP","16Q","MACHADO LAKE-PHASE I","50EA19","EFT26170000002330","SUPPLIES & OTHER SERVICES",,"3","2017-03 (SEP)","2017-01","9","SEPTEMBER,2016","SEPTEMBER","FMS","ARCADIS U.S., INC.","http://cityclerk.lacity.org/lacityclerkconnect/index.cfm?fa=ccon.viewrecord&contractnum=C-120715","50","GOB 2008A CLEAN WATER CLEANUP","100035931",,"EFT","PAID","GAX501716Q500037",,,"2016-09-02T00:00:00.000","1","1","GAE50CO16120715M","MACHADO LAKE-PHASE I",,,,,,,,,,"9",,,,,,,,,,,"100035931 - ARCADIS U.S. INC"
"3723197","2017","APPROPRIATIONS TO SPECIAL PURPOSE FUND","ARCADIS U.S. INC","2016-09-02T00:00:00.000","82397.81","CO120715","0000143256","GENERAL GOVERNMENT","GOVERNMENTAL","CAPITAL PROJECTS","GOB 2011A CLEAN WATER CLEANUP","16V","BROADWAY STRMWTR GREENWAY","50KXAC","EFT26170000001841","SUPPLIES & OTHER SERVICES",,"3","2017-03 (SEP)","2017-01","9","SEPTEMBER,2016","SEPTEMBER","FMS","ARCADIS U.S., INC.","http://cityclerk.lacity.org/lacityclerkconnect/index.cfm?fa=ccon.viewrecord&contractnum=C-120715","50","GOB 2011A CLEAN WATER CLEANUP","100035931",,"EFT","PAID","GAX501716V500027",,,"2016-08-08T00:00:00.000","1","1","GAE50CO16120715M","BROADWAY STRMWTR GREENWAY",,,,,,,,,,"2",,,,,,,,,,,"100035931 - ARCADIS U.S. INC"
"3723201","2017","APPROPRIATIONS TO SPECIAL PURPOSE FUND","OHL-USA INC","2016-09-21T00:00:00.000","52448.58","CO123672","0002732354","GENERAL GOVERNMENT","GOVERNMENTAL","CAPITAL PROJECTS","GOB 2011A CLEAN WATER CLEANUP","16V","MACHADO LAKE ECOSYSTEM REHAB","50HWAA","EFT26170000002296","IMPROVEMENTS OTHER THAN BUILDINGS",,"3","2017-03 (SEP)","2017-01","9","SEPTEMBER,2016","SEPTEMBER","FMS","OHL USA, INC.","http://cityclerk.lacity.org/lacityclerkconnect/index.cfm?fa=ccon.viewrecord&contractnum=C-123672","50","GOB 2011A CLEAN WATER CLEANUP","VC0000014741","10017","EFT","PAID","GAX501716V500030",,,"2016-09-07T00:00:00.000","1","1","GAE50CO14123672KO","MACHADO LAKE ECOSYSTEM REHAB",,,,,,,,,,"1",,,,,,,,,,,"VC0000014741 - OHL-USA INC"
"3723198","2017","APPROPRIATIONS TO SPECIAL PURPOSE FUND","ARCADIS U.S. INC","2016-09-09T00:00:00.000","40088.76","CO120715","0000143256","GENERAL GOVERNMENT","GOVERNMENTAL","CAPITAL PROJECTS","GOB 2011A CLEAN WATER CLEANUP","16V","BROADWAY STRMWTR GREENWAY","50KXAC","AD26170000014842","SUPPLIES & OTHER SERVICES",,"3","2017-03 (SEP)","2017-01","9","SEPTEMBER,2016","SEPTEMBER","FMS","ARCADIS U.S., INC.","http://cityclerk.lacity.org/lacityclerkconnect/index.cfm?fa=ccon.viewrecord&contractnum=C-120715","50","GOB 2011A CLEAN WATER CLEANUP","100035931",,"CHECK","PAID","GAX501716V500028",,,"2016-09-02T00:00:00.000","1","1","GAE50CO16120715M","BROADWAY STRMWTR GREENWAY",,,,,,,,,,"2",,,,,,,,,,,"100035931 - ARCADIS U.S. INC"
"3723194","2017","APPROPRIATIONS TO SPECIAL PURPOSE FUND","ARCADIS U.S. INC","2016-09-26T00:00:00.000","38251.26","CO120715","0000143256","GENERAL GOVERNMENT","GOVERNMENTAL","CAPITAL PROJECTS","GOB 2011A CLEAN WATER CLEANUP","16V","MACHADO LAKE ECOSYSTEM REHAB","50HWAA","AD26170000017954","SUPPLIES & OTHER SERVICES",,"3","2017-03 (SEP)","2017-01","9","SEPTEMBER,2016","SEPTEMBER","FMS","ARCADIS U.S., INC.","http://cityclerk.lacity.org/lacityclerkconnect/index.cfm?fa=ccon.viewrecord&contractnum=C-120715","50","GOB 2011A CLEAN WATER CLEANUP","100035931",,"CHECK","PAID","GAX501716V500043",,,"2016-08-08T00:00:00.000","1","2","GAE50CO16120715M","MACHADO LAKE ECOSYSTEM REHAB",,,,,,,,,,"4",,,,,,,,,,,"100035931 - ARCADIS U.S. INC"
"3723192","2017","APPROPRIATIONS TO SPECIAL PURPOSE FUND","ARCADIS U.S. INC","2016-09-19T00:00:00.000","37649.04","CO120715","0000143256","GENERAL GOVERNMENT","GOVERNMENTAL","CAPITAL PROJECTS","GOB 2009 CLEAN WATER CLEANUP","16T","PENMAR WATER QLTY PHASE II","50FZAA","AD26170000016729","SUPPLIES & OTHER SERVICES",,"3","2017-03 (SEP)","2017-01","9","SEPTEMBER,2016","SEPTEMBER","FMS","ARCADIS U.S., INC.","http://cityclerk.lacity.org/lacityclerkconnect/index.cfm?fa=ccon.viewrecord&contractnum=C-120715","50","GOB 2009 CLEAN WATER CLEANUP","100035931",,"CHECK","PAID","GAX501716T500032",,,"2016-09-02T00:00:00.000","1","3","GAE50CO16120715M","PENMAR WATER QLTY PHASE II",,,,,,,,,,"7",,,,,,,,,,,"100035931 - ARCADIS U.S. INC"
"3723182","2017","APPROPRIATIONS TO SPECIAL PURPOSE FUND","ARCADIS U.S. INC","2016-09-23T00:00:00.000","33386.65","CO120715","0000143256","GENERAL GOVERNMENT","GOVERNMENTAL","CAPITAL PROJECTS","GOB 2008A CLEAN WATER CLEANUP","16Q","MACHADO LAKE-PHASE I","50EA19","AD26170000017764","SUPPLIES & OTHER SERVICES",,"3","2017-03 (SEP)","2017-01","9","SEPTEMBER,2016","SEPTEMBER","FMS","ARCADIS U.S., INC.","http://cityclerk.lacity.org/lacityclerkconnect/index.cfm?fa=ccon.viewrecord&contractnum=C-120715","50","GOB 2008A CLEAN WATER CLEANUP","100035931",,"CHECK","PAID","GAX501716Q500040",,,"2016-09-22T00:00:00.000","1","1","GAE50CO16120715M","MACHADO LAKE-PHASE I",,,,,,,,,,"9",,,,,,,,,,,"100035931 - ARCADIS U.S. INC"
"3723193","2017","APPROPRIATIONS TO SPECIAL PURPOSE FUND","ARCADIS U.S. INC","2016-09-19T00:00:00.000","32717.45","CO120715","0000143256","GENERAL GOVERNMENT","GOVERNMENTAL","CAPITAL PROJECTS","GOB 2009 CLEAN WATER CLEANUP","16T","TEMESCAL CANYON PRK PHASE II","50FD17","AD26170000016690","SUPPLIES & OTHER SERVICES",,"3","2017-03 (SEP)","2017-01","9","SEPTEMBER,2016","SEPTEMBER","FMS","ARCADIS U.S., INC.","http://cityclerk.lacity.org/lacityclerkconnect/index.cfm?fa=ccon.viewrecord&contractnum=C-120715","50","GOB 2009 CLEAN WATER CLEANUP","100035931",,"CHECK","PAID","GAX501716T500031",,,"2016-09-02T00:00:00.000","1","1","GAE50CO16120715M","TEMESCAL CANYON PRK PHASE II",,,,,,,,,,"6",,,,,,,,,,,"100035931 - ARCADIS U.S. INC"
"3723196","2017","APPROPRIATIONS TO SPECIAL PURPOSE FUND","ICF JONES & STOKES, INC.","2016-09-23T00:00:00.000","32667.13","CO123097","0000861804","GENERAL GOVERNMENT","GOVERNMENTAL","CAPITAL PROJECTS","GOB 2011A CLEAN WATER CLEANUP","16V","MACHADO LAKE ECOSYSTEM REHAB","50HWAA","AD26170000017762","SUPPLIES & OTHER SERVICES",,"3","2017-03 (SEP)","2017-01","9","SEPTEMBER,2016","SEPTEMBER","FMS","ICF JONES & STOKES, INC.","http://cityclerk.lacity.org/lacityclerkconnect/index.cfm?fa=ccon.viewrecord&contractnum=C-123097","50","GOB 2011A CLEAN WATER CLEANUP","100024616",,"CHECK","PAID","GAX501716V500039",,,"2016-06-16T00:00:00.000","1","1","GAE50CO14123097M","MACHADO LAKE ECOSYSTEM REHAB",,,,,,,,,,"2",,,,,,,,,,,"100024616 - ICF JONES & STOKES, INC."
"3723195","2017","APPROPRIATIONS TO SPECIAL PURPOSE FUND","CDM SMITH INC","2016-09-26T00:00:00.000","18111.1","CO120703","0002002979","GENERAL GOVERNMENT","GOVERNMENTAL","CAPITAL PROJECTS","GOB 2011A CLEAN WATER CLEANUP","16V","MACHADO LAKE ECOSYSTEM REHAB","50HWAA","AD26170000017943","SUPPLIES & OTHER SERVICES",,"3","2017-03 (SEP)","2017-01","9","SEPTEMBER,2016","SEPTEMBER","FMS","CDM SMITH INC.","http://cityclerk.lacity.org/lacityclerkconnect/index.cfm?fa=ccon.viewrecord&contractnum=C-120703","50","GOB 2011A CLEAN WATER CLEANUP","100001119",,"CHECK","PAID","GAX501716V500044",,,"2016-08-22T00:00:00.000","1","1","GAE50CO13120703M","MACHADO LAKE ECOSYSTEM REHAB",,,,,,,,,,"5",,,,,,,,,,,"100001119 - CDM SMITH INC"
"3723199","2017","APPROPRIATIONS TO SPECIAL PURPOSE FUND","ARCADIS U.S. INC","2016-09-21T00:00:00.000","17827.59","CO120715","0000143256","GENERAL GOVERNMENT","GOVERNMENTAL","CAPITAL PROJECTS","GOB 2011A CLEAN WATER CLEANUP","16V","MACHADO LAKE ECOSYSTEM REHAB","50HWAA","AD26170000017338","SUPPLIES & OTHER SERVICES",,"3","2017-03 (SEP)","2017-01","9","SEPTEMBER,2016","SEPTEMBER","FMS","ARCADIS U.S., INC.","http://cityclerk.lacity.org/lacityclerkconnect/index.cfm?fa=ccon.viewrecord&contractnum=C-120715","50","GOB 2011A CLEAN WATER CLEANUP","100035931",,"CHECK","PAID","GAX501716V500036",,,"2016-08-26T00:00:00.000","1","1","GAE50CO16120715M","MACHADO LAKE ECOSYSTEM REHAB",,,,,,,,,,"4",,,,,,,,,,,"100035931 - ARCADIS U.S. INC"
"3723191","2017","APPROPRIATIONS TO SPECIAL PURPOSE FUND","TETRA TECH INC","2016-09-27T00:00:00.000","15565","CO120705","0000697684","GENERAL GOVERNMENT","GOVERNMENTAL","CAPITAL PROJECTS","GOB 2009 CLEAN WATER CLEANUP","16T","ALBION RIVERSIDE PARK IMPROVEMENTS","50KXAD","AD26170000018333","SUPPLIES & OTHER SERVICES",,"3","2017-03 (SEP)","2017-01","9","SEPTEMBER,2016","SEPTEMBER","FMS","TETRA TECH, INC.","http://cityclerk.lacity.org/lacityclerkconnect/index.cfm?fa=ccon.viewrecord&contractnum=C-120705","50","GOB 2009 CLEAN WATER CLEANUP","100001158",,"CHECK","PAID","GAX501716T500044",,,"2016-09-19T00:00:00.000","1","1","GAE50CO13120705M","ALBION RIVERSIDE PARK IMPROVEMENTS",,,,,,,,,,"1",,,,,,,,,,,"100001158 - TETRA TECH INC"
"3723180","2017","APPROPRIATIONS TO SPECIAL PURPOSE FUND","ARCADIS U.S. INC","2016-09-26T00:00:00.000","7515.27","CO120715","0000143256","GENERAL GOVERNMENT","GOVERNMENTAL","CAPITAL PROJECTS","GOB 2008A CLEAN WATER CLEANUP","16Q","SMB/BC MAR VISTA RECREATION CT","50EA14","AD26170000017954","SUPPLIES & OTHER SERVICES",,"3","2017-03 (SEP)","2017-01","9","SEPTEMBER,2016","SEPTEMBER","FMS","ARCADIS U.S., INC.","http://cityclerk.lacity.org/lacityclerkconnect/index.cfm?fa=ccon.viewrecord&contractnum=C-120715","50","GOB 2008A CLEAN WATER CLEANUP","100035931",,"CHECK","PAID","GAX501716Q500042",,,"2016-09-15T00:00:00.000","1","1","GAE50CO13120715M","SMB/BC MAR VISTA RECREATION CT",,,,,,,,,,"2",,,,,,,,,,,"100035931 - ARCADIS U.S. INC"
"3723190","2017","APPROPRIATIONS TO SPECIAL PURPOSE FUND","ARCADIS U.S. INC","2016-09-23T00:00:00.000","6562.5","CO120715","0000143256","GENERAL GOVERNMENT","GOVERNMENTAL","CAPITAL PROJECTS","GOB 2009 CLEAN WATER CLEANUP","16T","ALBION RIVERSIDE PARK IMPROVEMENTS","50KXAD","AD26170000017764","SUPPLIES & OTHER SERVICES",,"3","2017-03 (SEP)","2017-01","9","SEPTEMBER,2016","SEPTEMBER","FMS","ARCADIS U.S., INC.","http://cityclerk.lacity.org/lacityclerkconnect/index.cfm?fa=ccon.viewrecord&contractnum=C-120715","50","GOB 2009 CLEAN WATER CLEANUP","100035931",,"CHECK","PAID","GAX501716T500038",,,"2016-08-08T00:00:00.000","1","2","GAE50CO16120715M","ALBION RIVERSIDE PARK IMPROVEMENTS",,,,,,,,,,"8",,,,,,,,,,,"100035931 - ARCADIS U.S. INC"
"3723183","2017","APPROPRIATIONS TO SPECIAL PURPOSE FUND","ARCADIS U.S. INC","2016-09-19T00:00:00.000","3979.5","CO120715","0000143256","GENERAL GOVERNMENT","GOVERNMENTAL","CAPITAL PROJECTS","GOB 2008A CLEAN WATER CLEANUP","16Q","SMB/BC MAR VISTA RECREATION CT","50EA14","AD26170000016729","SUPPLIES & OTHER SERVICES",,"3","2017-03 (SEP)","2017-01","9","SEPTEMBER,2016","SEPTEMBER","FMS","ARCADIS U.S., INC.","http://cityclerk.lacity.org/lacityclerkconnect/index.cfm?fa=ccon.viewrecord&contractnum=C-120715","50","GOB 2008A CLEAN WATER CLEANUP","100035931",,"CHECK","PAID","GAX501716Q500035",,,"2016-08-08T00:00:00.000","1","2","GAE50CO13120715M","SMB/BC MAR VISTA RECREATION CT",,,,,,,,,,"3",,,,,,,,,,,"100035931 - ARCADIS U.S. INC"
"3723186","2017","APPROPRIATIONS TO SPECIAL PURPOSE FUND","ARCADIS U.S. INC","2016-09-19T00:00:00.000","3847.92","CO120715","0000143256","GENERAL GOVERNMENT","GOVERNMENTAL","CAPITAL PROJECTS","GOB 2008A CLEAN WATER CLEANUP","16Q","SMB/BC MAR VISTA RECREATION CT","50EA14","AD26170000016688","SUPPLIES & OTHER SERVICES",,"3","2017-03 (SEP)","2017-01","9","SEPTEMBER,2016","SEPTEMBER","FMS","ARCADIS U.S., INC.","http://cityclerk.lacity.org/lacityclerkconnect/index.cfm?fa=ccon.viewrecord&contractnum=C-120715","50","GOB 2008A CLEAN WATER CLEANUP","100035931",,"CHECK","PAID","GAX501716Q500033",,,"2016-09-02T00:00:00.000","1","1","GAE50CO16120715M","SMB/BC MAR VISTA RECREATION CT",,,,,,,,,,"5",,,,,,,,,,,"100035931 - ARCADIS U.S. INC"
"3723189","2017","APPROPRIATIONS TO SPECIAL PURPOSE FUND","ARCADIS U.S. INC","2016-09-23T00:00:00.000","1645","CO120715","0000143256","GENERAL GOVERNMENT","GOVERNMENTAL","CAPITAL PROJECTS","GOB 2009 CLEAN WATER CLEANUP","16T","ALBION RIVERSIDE PARK IMPROVEMENTS","50KXAD","AD26170000017764","SUPPLIES & OTHER SERVICES",,"3","2017-03 (SEP)","2017-01","9","SEPTEMBER,2016","SEPTEMBER","FMS","ARCADIS U.S., INC.","http://cityclerk.lacity.org/lacityclerkconnect/index.cfm?fa=ccon.viewrecord&contractnum=C-120715","50","GOB 2009 CLEAN WATER CLEANUP","100035931",,"CHECK","PAID","GAX501716T500038",,,"2016-09-02T00:00:00.000","1","3","GAE50CO16120715M","ALBION RIVERSIDE PARK IMPROVEMENTS",,,,,,,,,,"9",,,,,,,,,,,"100035931 - ARCADIS U.S. INC"
"3723184","2017","APPROPRIATIONS TO SPECIAL PURPOSE FUND","ARCADIS U.S. INC","2016-09-19T00:00:00.000","1338.24","CO120715","0000143256","GENERAL GOVERNMENT","GOVERNMENTAL","CAPITAL PROJECTS","GOB 2008A CLEAN WATER CLEANUP","16Q","SMB/BC MAR VISTA RECREATION CT","50EA14","AD26170000016729","SUPPLIES & OTHER SERVICES",,"3","2017-03 (SEP)","2017-01","9","SEPTEMBER,2016","SEPTEMBER","FMS","ARCADIS U.S., INC.","http://cityclerk.lacity.org/lacityclerkconnect/index.cfm?fa=ccon.viewrecord&contractnum=C-120715","50","GOB 2008A CLEAN WATER CLEANUP","100035931",,"CHECK","PAID","GAX501716Q500035",,,"2016-07-22T00:00:00.000","1","1","GAE50CO13120715M","SMB/BC MAR VISTA RECREATION CT",,,,,,,,,,"2",,,,,,,,,,,"100035931 - ARCADIS U.S. INC"
"3723185","2017","APPROPRIATIONS TO SPECIAL PURPOSE FUND","ARCADIS U.S. INC","2016-09-19T00:00:00.000","641.32","CO120715","0000143256","GENERAL GOVERNMENT","GOVERNMENTAL","CAPITAL PROJECTS","GOB 2008A CLEAN WATER CLEANUP","16Q","SMB/BC MAR VISTA RECREATION CT","50EA14","AD26170000016689","SUPPLIES & OTHER SERVICES",,"3","2017-03 (SEP)","2017-01","9","SEPTEMBER,2016","SEPTEMBER","FMS","ARCADIS U.S., INC.","http://cityclerk.lacity.org/lacityclerkconnect/index.cfm?fa=ccon.viewrecord&contractnum=C-120715","50","GOB 2008A CLEAN WATER CLEANUP","100035931",,"CHECK","PAID","GAX501716Q500034",,,"2016-08-08T00:00:00.000","1","1","GAE50CO16120715M","SMB/BC MAR VISTA RECREATION CT",,,,,,,,,,"5",,,,,,,,,,,"100035931 - ARCADIS U.S. INC"
"3518918","2017","APPROPRIATIONS TO SPECIAL PURPOSE FUND","OHL-USA INC","2016-08-17T00:00:00.000","1169810.41","CO123672","0002732354","GENERAL GOVERNMENT","GOVERNMENTAL","CAPITAL PROJECTS","GOB 2011A CLEAN WATER CLEANUP","16V","MACHADO LAKE ECOSYSTEM REHAB","50HYAC","AD26170000009395","IMPROVEMENTS OTHER THAN BUILDINGS",,"2","2017-02 (AUG)","2017-01","8","AUGUST,2016","AUGUST","FMS","OHL USA, INC.","http://cityclerk.lacity.org/lacityclerkconnect/index.cfm?fa=ccon.viewrecord&contractnum=C-123672","50","GOB 2011A CLEAN WATER CLEANUP","VC0000014741",,"CHECK","PAID","GAX501716V500015",,,"2016-08-03T00:00:00.000","1","1","GAE50CO14123672KO","MACHADO LAKE ECOSYSTEM REHAB",,,,,,,,,,"2",,,,,,,,,,,"VC0000014741 - OHL-USA INC"
"3519331","2017","APPROPRIATIONS TO SPECIAL PURPOSE FUND","TETRA TECH INC","2016-08-25T00:00:00.000","102798.3","CO120705","0000697684","GENERAL GOVERNMENT","GOVERNMENTAL","CAPITAL PROJECTS","GOB 2008A CLEAN WATER CLEANUP","16Q","ALISO CREEK-LIMEKILN CREEK RESTORATION","50KYAG","AD26170000011433","SUPPLIES & OTHER SERVICES",,"2","2017-02 (AUG)","2017-01","8","AUGUST,2016","AUGUST","FMS","TETRA TECH, INC.","http://cityclerk.lacity.org/lacityclerkconnect/index.cfm?fa=ccon.viewrecord&contractnum=C-120705","50","GOB 2008A CLEAN WATER CLEANUP","100001158",,"CHECK","PAID","GAX501716Q500017",,,"2016-07-20T00:00:00.000","1","1","GAE50CO17120705MO","ALISO CREEK-LIMEKILN CREEK RESTORATION",,,,,,,,,,"1",,,,,,,,,,,"100001158 - TETRA TECH INC"
"3519376","2017","APPROPRIATIONS TO SPECIAL PURPOSE FUND","CAROLLO ENGINEERS APC","2016-08-26T00:00:00.000","62841.29","CO124324","0000659039","GENERAL GOVERNMENT","GOVERNMENTAL","CAPITAL PROJECTS","GOB 2009 CLEAN WATER CLEANUP","16T","PROP O OPTIMIZATION","50KYAF","AD26170000011788","SUPPLIES & OTHER SERVICES",,"2","2017-02 (AUG)","2017-01","8","AUGUST,2016","AUGUST","FMS","CAROLLO ENGINEERS, INC.","http://cityclerk.lacity.org/lacityclerkconnect/index.cfm?fa=ccon.viewrecord&contractnum=C-124324","50","GOB 2009 CLEAN WATER CLEANUP","100024382",,"CHECK","PAID","GAX501716T500023",,,"2016-08-17T00:00:00.000","1","1","GAE50CO16124324MC","PROP O OPTIMIZATION",,,,,,,,,,"1",,,,,,,,,,,"100024382 - CAROLLO ENGINEERS APC"
"3518928","2017","APPROPRIATIONS TO SPECIAL PURPOSE FUND","OHL-USA INC","2016-08-12T00:00:00.000","62082.84","CO123672","0002732354","GENERAL GOVERNMENT","GOVERNMENTAL","CAPITAL PROJECTS","GOB 2011A CLEAN WATER CLEANUP","16V","MACHADO LAKE ECOSYSTEM REHAB","50HYAC","EFT26170000001240","IMPROVEMENTS OTHER THAN BUILDINGS",,"2","2017-02 (AUG)","2017-01","8","AUGUST,2016","AUGUST","FMS","OHL USA, INC.","http://cityclerk.lacity.org/lacityclerkconnect/index.cfm?fa=ccon.viewrecord&contractnum=C-123672","50","GOB 2011A CLEAN WATER CLEANUP","VC0000014741",,"EFT","PAID","GAX501716V500016",,,"2016-08-03T00:00:00.000","1","1","GAE50CO14123672KO","MACHADO LAKE ECOSYSTEM REHAB",,,,,,,,,,"2",,,,,,,,,,,"VC0000014741 - OHL-USA INC"
"3519778","2017","APPROPRIATIONS TO SPECIAL PURPOSE FUND","CDM SMITH INC","2016-08-12T00:00:00.000","23952.91","CO120703","0002002979","GENERAL GOVERNMENT","GOVERNMENTAL","CAPITAL PROJECTS","GOB 2011A CLEAN WATER CLEANUP","16V","MACHADO LAKE ECOSYSTEM REHAB","50HWAA","AD26170000008339","SUPPLIES & OTHER SERVICES",,"2","2017-02 (AUG)","2017-01","8","AUGUST,2016","AUGUST","FMS","CDM SMITH INC.","http://cityclerk.lacity.org/lacityclerkconnect/index.cfm?fa=ccon.viewrecord&contractnum=C-120703","50","GOB 2011A CLEAN WATER CLEANUP","100001119",,"CHECK","PAID","GAX501716V500019",,,"2016-07-12T00:00:00.000","1","1","GAE50CO13120703M","MACHADO LAKE ECOSYSTEM REHAB",,,,,,,,,,"5",,,,,,,,,,,"100001119 - CDM SMITH INC"
"3519338","2017","APPROPRIATIONS TO SPECIAL PURPOSE FUND","GEOCON WEST INC","2016-08-18T00:00:00.000","20370","CO121563","0002106785","GENERAL GOVERNMENT","GOVERNMENTAL","CAPITAL PROJECTS","GOB 2009 CLEAN WATER CLEANUP","16T","ALBION DAIRY PARK","50FC17","AD26170000009697","SUPPLIES & OTHER SERVICES",,"2","2017-02 (AUG)","2017-01","8","AUGUST,2016","AUGUST","FMS","GEOCON WEST, INC.","http://cityclerk.lacity.org/lacityclerkconnect/index.cfm?fa=ccon.viewrecord&contractnum=C-121563","50","GOB 2009 CLEAN WATER CLEANUP","100024593","92121","CHECK","PAID","GAX501716T500020",,,"2016-06-30T00:00:00.000","1","1","GAE50CO17121563MO","ALBION DAIRY PARK",,,,,,,,,,"1",,,,,,,,,,,"100024593 - GEOCON WEST INC"
"3519570","2017","APPROPRIATIONS TO SPECIAL PURPOSE FUND","TETRA TECH INC","2016-08-26T00:00:00.000","15714.27","CO120705","0000697684","GENERAL GOVERNMENT","GOVERNMENTAL","CAPITAL PROJECTS","GOB 2009 CLEAN WATER CLEANUP","16T","ALBION RIVERSIDE PARK IMPROVEMENTS","50KXAD","AD26170000011786","SUPPLIES & OTHER SERVICES",,"2","2017-02 (AUG)","2017-01","8","AUGUST,2016","AUGUST","FMS","TETRA TECH, INC.","http://cityclerk.lacity.org/lacityclerkconnect/index.cfm?fa=ccon.viewrecord&contractnum=C-120705","50","GOB 2009 CLEAN WATER CLEANUP","100001158",,"CHECK","PAID","GAX501716T500024",,,"2016-08-23T00:00:00.000","1","1","GAE50CO13120705M","ALBION RIVERSIDE PARK IMPROVEMENTS",,,,,,,,,,"2",,,,,,,,,,,"100001158 - TETRA TECH INC"
"3519777","2017","APPROPRIATIONS TO SPECIAL PURPOSE FUND","ICF JONES & STOKES, INC.","2016-08-12T00:00:00.000","9284.13","CO123097","0000861804","GENERAL GOVERNMENT","GOVERNMENTAL","CAPITAL PROJECTS","GOB 2011A CLEAN WATER CLEANUP","16V","MACHADO LAKE ECOSYSTEM REHAB","50HWAA","AD26170000008342","SUPPLIES & OTHER SERVICES",,"2","2017-02 (AUG)","2017-01","8","AUGUST,2016","AUGUST","FMS","ICF JONES & STOKES, INC.","http://cityclerk.lacity.org/lacityclerkconnect/index.cfm?fa=ccon.viewrecord&contractnum=C-123097","50","GOB 2011A CLEAN WATER CLEANUP","100024616",,"CHECK","PAID","GAX501716V500018",,,"2016-06-23T00:00:00.000","1","1","GAE50CO14123097M","MACHADO LAKE ECOSYSTEM REHAB",,,,,,,,,,"2",,,,,,,,,,,"100024616 - ICF JONES & STOKES, INC."
"3519685","2017","APPROPRIATIONS TO SPECIAL PURPOSE FUND","ARCADIS U.S. INC","2016-08-31T00:00:00.000","6547.75","CO120715","0000143256","GENERAL GOVERNMENT","GOVERNMENTAL","CAPITAL PROJECTS","GOB 2009 CLEAN WATER CLEANUP","16T","PENMAR WATER QLTY PHASE II","50FZAA","AD26170000012854","SUPPLIES & OTHER SERVICES",,"2","2017-02 (AUG)","2017-01","8","AUGUST,2016","AUGUST","FMS","ARCADIS U.S., INC.","http://cityclerk.lacity.org/lacityclerkconnect/index.cfm?fa=ccon.viewrecord&contractnum=C-120715","50","GOB 2009 CLEAN WATER CLEANUP","100035931",,"CHECK","PAID","GAX501716T500026",,,"2015-08-08T00:00:00.000","1","1","GAE50CO16120715M","PENMAR WATER QLTY PHASE II",,,,,,,,,,"7",,,,,,,,,,,"100035931 - ARCADIS U.S. INC"
"3519642","2017","APPROPRIATIONS TO SPECIAL PURPOSE FUND","ARCADIS U.S. INC","2016-08-24T00:00:00.000","3432.98","CO120715","0000143256","GENERAL GOVERNMENT","GOVERNMENTAL","CAPITAL PROJECTS","GOB 2009 CLEAN WATER CLEANUP","16T","TEMESCAL CANYON PRK PHASE II","50FD17","AD26170000011043","SUPPLIES & OTHER SERVICES",,"2","2017-02 (AUG)","2017-01","8","AUGUST,2016","AUGUST","FMS","ARCADIS U.S., INC.","http://cityclerk.lacity.org/lacityclerkconnect/index.cfm?fa=ccon.viewrecord&contractnum=C-120715","50","GOB 2009 CLEAN WATER CLEANUP","100035931",,"CHECK","PAID","GAX501716T500021",,,"2016-08-08T00:00:00.000","1","1","GAE50CO16120715M","TEMESCAL CANYON PRK PHASE II",,,,,,,,,,"6",,,,,,,,,,,"100035931 - ARCADIS U.S. INC"
"3519683","2017","APPROPRIATIONS TO SPECIAL PURPOSE FUND","CAROLLO ENGINEERS APC","2016-08-24T00:00:00.000","2785.12","CO120707","0000659039","GENERAL GOVERNMENT","GOVERNMENTAL","CAPITAL PROJECTS","GOB 2009 CLEAN WATER CLEANUP","16T","TEMESCAL CANYON PRK PHASE II","50FD17","AD26170000011042","SUPPLIES & OTHER SERVICES",,"2","2017-02 (AUG)","2017-01","8","AUGUST,2016","AUGUST","FMS","CAROLLO ENGINEERS","http://cityclerk.lacity.org/lacityclerkconnect/index.cfm?fa=ccon.viewrecord&contractnum=C-120707","50","GOB 2009 CLEAN WATER CLEANUP","100024382",,"CHECK","PAID","GAX501716T500022",,,"2016-07-28T00:00:00.000","1","2","GAE50CO13120707M","TEMESCAL CANYON PRK PHASE II",,,,,,,,,,"2",,,,,,,,,,,"100024382 - CAROLLO ENGINEERS APC"
"3519684","2017","APPROPRIATIONS TO SPECIAL PURPOSE FUND","CAROLLO ENGINEERS APC","2016-08-24T00:00:00.000","1453.02","CO120707","0000659039","GENERAL GOVERNMENT","GOVERNMENTAL","CAPITAL PROJECTS","GOB 2009 CLEAN WATER CLEANUP","16T","PENMAR WATER QLTY PHASE II","50FZAA","AD26170000011042","SUPPLIES & OTHER SERVICES",,"2","2017-02 (AUG)","2017-01","8","AUGUST,2016","AUGUST","FMS","CAROLLO ENGINEERS","http://cityclerk.lacity.org/lacityclerkconnect/index.cfm?fa=ccon.viewrecord&contractnum=C-120707","50","GOB 2009 CLEAN WATER CLEANUP","100024382",,"CHECK","PAID","GAX501716T500022",,,"2016-07-28T00:00:00.000","1","1","GAE50CO13120707M","PENMAR WATER QLTY PHASE II",,,,,,,,,,"1",,,,,,,,,,,"100024382 - CAROLLO ENGINEERS APC"
"3464338","2017","APPROPRIATIONS TO SPECIAL PURPOSE FUND","OHL-USA INC","2016-07-07T00:00:00.000","1550282.02","CO123672","0002732354","GENERAL GOVERNMENT","GOVERNMENTAL","CAPITAL PROJECTS","GOB 2011A CLEAN WATER CLEANUP","16V","MACHADO LAKE ECOSYSTEM REHAB","50HWAA","AD26170000000765","IMPROVEMENTS OTHER THAN BUILDINGS",,"1","2017-01 (JUL)","2017-01","7","JULY,2016","JULY","FMS","OHL USA, INC.","http://cityclerk.lacity.org/lacityclerkconnect/index.cfm?fa=ccon.viewrecord&contractnum=C-123672","50","GOB 2011A CLEAN WATER CLEANUP","VC0000014741",,"CHECK","PAID","GAX501716V500003",,,"2016-06-16T00:00:00.000","1","1","GAE50CO14123672KO","MACHADO LAKE ECOSYSTEM REHAB",,,,,,,,,,"1",,,,,,,,,,,"VC0000014741 - OHL-USA INC"
"3464333","2017","APPROPRIATIONS TO SPECIAL PURPOSE FUND","OHL-USA INC","2016-07-14T00:00:00.000","823576.66","CO123672","0002732354","GENERAL GOVERNMENT","GOVERNMENTAL","CAPITAL PROJECTS","GOB 2011A CLEAN WATER CLEANUP","16V","MACHADO LAKE ECOSYSTEM REHAB","50HYAC","AD26170000002095","IMPROVEMENTS OTHER THAN BUILDINGS",,"1","2017-01 (JUL)","2017-01","7","JULY,2016","JULY","FMS","OHL USA, INC.","http://cityclerk.lacity.org/lacityclerkconnect/index.cfm?fa=ccon.viewrecord&contractnum=C-123672","50","GOB 2011A CLEAN WATER CLEANUP","VC0000014741",,"CHECK","PAID","GAX501716V500007",,,"2016-06-30T00:00:00.000","1","1","GAE50CO14123672KO","MACHADO LAKE ECOSYSTEM REHAB",,,,,,,,,,"2",,,,,,,,,,,"VC0000014741 - OHL-USA INC"
"3464339","2017","APPROPRIATIONS TO SPECIAL PURPOSE FUND","OHL-USA INC","2016-07-29T00:00:00.000","146738.96","CO123672","0002732354","GENERAL GOVERNMENT","GOVERNMENTAL","CAPITAL PROJECTS","GOB 2011A CLEAN WATER CLEANUP","16V","MACHADO LAKE ECOSYSTEM REHAB","50HYAC","AD26170000005221","IMPROVEMENTS OTHER THAN BUILDINGS",,"1","2017-01 (JUL)","2017-01","7","JULY,2016","JULY","FMS","OHL USA, INC.","http://cityclerk.lacity.org/lacityclerkconnect/index.cfm?fa=ccon.viewrecord&contractnum=C-123672","50","GOB 2011A CLEAN WATER CLEANUP","VC0000014741",,"CHECK","PAID","GAX501716V500012",,,"2016-07-11T00:00:00.000","1","1","GAE50CO14123672KO","MACHADO LAKE ECOSYSTEM REHAB",,,,,,,,,,"2",,,,,,,,,,,"VC0000014741 - OHL-USA INC"
"3464336","2017","APPROPRIATIONS TO SPECIAL PURPOSE FUND","OHL-USA INC","2016-07-08T00:00:00.000","81593.79","CO123672","0002732354","GENERAL GOVERNMENT","GOVERNMENTAL","CAPITAL PROJECTS","GOB 2011A CLEAN WATER CLEANUP","16V","MACHADO LAKE ECOSYSTEM REHAB","50HWAA","EFT26170000000323","IMPROVEMENTS OTHER THAN BUILDINGS",,"1","2017-01 (JUL)","2017-01","7","JULY,2016","JULY","FMS","OHL USA, INC.","http://cityclerk.lacity.org/lacityclerkconnect/index.cfm?fa=ccon.viewrecord&contractnum=C-123672","50","GOB 2011A CLEAN WATER CLEANUP","VC0000014741","10017","EFT","PAID","GAX501716V500004",,,"2016-06-16T00:00:00.000","1","1","GAE50CO14123672KO","MACHADO LAKE ECOSYSTEM REHAB",,,,,,,,,,"1",,,,,,,,,,,"VC0000014741 - OHL-USA INC"
"3464341","2017","APPROPRIATIONS TO SPECIAL PURPOSE FUND","TRC SOLUTIONS INC","2016-07-27T00:00:00.000","52203.75","CO124330","0000450838","GENERAL GOVERNMENT","GOVERNMENTAL","CAPITAL PROJECTS","GOB 2011A CLEAN WATER CLEANUP","16V","CATCH BASIN INSERTS / OPENINGS PH IV","50KZAA","AD26170000004716","IMPROVEMENTS OTHER THAN BUILDINGS",,"1","2017-01 (JUL)","2017-01","7","JULY,2016","JULY","FMS","TRC SOLUTIONS, INC.","http://cityclerk.lacity.org/lacityclerkconnect/index.cfm?fa=ccon.viewrecord&contractnum=C-124330","50","GOB 2011A CLEAN WATER CLEANUP","100028899",,"CHECK","PAID","GAX501716V500014",,,"2016-07-26T00:00:00.000","1","1","GAE50CO16124330M","CATCH BASIN INSERTS / OPENINGS PH IV",,,,,,,,,,"5",,,,,,,,,,,"100028899 - TRC SOLUTIONS INC"
"3464334","2017","APPROPRIATIONS TO SPECIAL PURPOSE FUND","OHL-USA INC","2016-07-11T00:00:00.000","43346.14","CO123672","0002732354","GENERAL GOVERNMENT","GOVERNMENTAL","CAPITAL PROJECTS","GOB 2011A CLEAN WATER CLEANUP","16V","MACHADO LAKE ECOSYSTEM REHAB","50HYAC","EFT26170000000358","IMPROVEMENTS OTHER THAN BUILDINGS",,"1","2017-01 (JUL)","2017-01","7","JULY,2016","JULY","FMS","OHL USA, INC.","http://cityclerk.lacity.org/lacityclerkconnect/index.cfm?fa=ccon.viewrecord&contractnum=C-123672","50","GOB 2011A CLEAN WATER CLEANUP","VC0000014741",,"EFT","PAID","GAX501716V500008",,,"2016-06-30T00:00:00.000","1","1","GAE50CO14123672KO","MACHADO LAKE ECOSYSTEM REHAB",,,,,,,,,,"2",,,,,,,,,,,"VC0000014741 - OHL-USA INC"
"3464331","2017","APPROPRIATIONS TO SPECIAL PURPOSE FUND","CDM SMITH INC","2016-07-01T00:00:00.000","32824.23","CO120703","0002002979","GENERAL GOVERNMENT","GOVERNMENTAL","CAPITAL PROJECTS","GOB 2011A CLEAN WATER CLEANUP","16V","MACHADO LAKE ECOSYSTEM REHAB","50HWAA","AD26170000000032","SUPPLIES & OTHER SERVICES",,"1","2017-01 (JUL)","2017-01","7","JULY,2016","JULY","FMS","CDM SMITH INC.","http://cityclerk.lacity.org/lacityclerkconnect/index.cfm?fa=ccon.viewrecord&contractnum=C-120703","50","GOB 2011A CLEAN WATER CLEANUP","100001119",,"CHECK","PAID","GAX501716V500002",,,"2016-06-15T00:00:00.000","1","1","GAE50CO13120703M","MACHADO LAKE ECOSYSTEM REHAB",,,,,,,,,,"5",,,,,,,,,,,"100001119 - CDM SMITH INC"
"3464340","2017","APPROPRIATIONS TO SPECIAL PURPOSE FUND","OHL-USA INC","2016-07-26T00:00:00.000","31442.13","CO123672","0002732354","GENERAL GOVERNMENT","GOVERNMENTAL","CAPITAL PROJECTS","GOB 2011A CLEAN WATER CLEANUP","16V","MACHADO LAKE ECOSYSTEM REHAB","50HYAC","AD26170000004320","IMPROVEMENTS OTHER THAN BUILDINGS",,"1","2017-01 (JUL)","2017-01","7","JULY,2016","JULY","FMS","OHL USA, INC.","http://cityclerk.lacity.org/lacityclerkconnect/index.cfm?fa=ccon.viewrecord&contractnum=C-123672","50","GOB 2011A CLEAN WATER CLEANUP","VC0000014741",,"CHECK","PAID","GAX501716V500013",,,"2016-07-11T00:00:00.000","1","1","GAE50CO14123672KO","MACHADO LAKE ECOSYSTEM REHAB",,,,,,,,,,"2",,,,,,,,,,,"VC0000014741 - OHL-USA INC"
"3464327","2017","APPROPRIATIONS TO SPECIAL PURPOSE FUND","CAROLLO ENGINEERS APC","2016-07-01T00:00:00.000","24957.94","CO124324","0000659039","GENERAL GOVERNMENT","GOVERNMENTAL","CAPITAL PROJECTS","GOB 2009 CLEAN WATER CLEANUP","16T","PROP O OPTIMIZATION","50KYAF","AD26170000000034","SUPPLIES & OTHER SERVICES",,"1","2017-01 (JUL)","2017-01","7","JULY,2016","JULY","FMS","CAROLLO ENGINEERS, INC.","http://cityclerk.lacity.org/lacityclerkconnect/index.cfm?fa=ccon.viewrecord&contractnum=C-124324","50","GOB 2009 CLEAN WATER CLEANUP","100024382",,"CHECK","PAID","GAX501716T500001",,,"2016-06-21T00:00:00.000","1","1","GAE50CO16124324MC","PROP O OPTIMIZATION",,,,,,,,,,"1",,,,,,,,,,,"100024382 - CAROLLO ENGINEERS APC"
"3464330","2017","APPROPRIATIONS TO SPECIAL PURPOSE FUND","ICF JONES & STOKES, INC.","2016-07-06T00:00:00.000","24593.09","CO123097","0000861804","GENERAL GOVERNMENT","GOVERNMENTAL","CAPITAL PROJECTS","GOB 2011A CLEAN WATER CLEANUP","16V","MACHADO LAKE ECOSYSTEM REHAB","50HWAA","AD26170000000549","SUPPLIES & OTHER SERVICES",,"1","2017-01 (JUL)","2017-01","7","JULY,2016","JULY","FMS","ICF JONES & STOKES, INC.","http://cityclerk.lacity.org/lacityclerkconnect/index.cfm?fa=ccon.viewrecord&contractnum=C-123097","50","GOB 2011A CLEAN WATER CLEANUP","100024616",,"CHECK","PAID","GAX501716V500005",,,"2015-12-31T00:00:00.000","1","1","GAE50CO14123097M","MACHADO LAKE ECOSYSTEM REHAB",,,,,,,,,,"2",,,,,,,,,,,"100024616 - ICF JONES & STOKES, INC."
"3464335","2017","APPROPRIATIONS TO SPECIAL PURPOSE FUND","MIKE PRLICH & SONS INC","2016-07-11T00:00:00.000","22969.03","CO121378","0000953651","GENERAL GOVERNMENT","GOVERNMENTAL","CAPITAL PROJECTS","GOB 2011A CLEAN WATER CLEANUP","16V","BROADWAY STRMWTR GREENWAY","50KXAC","AD26170000001099","IMPROVEMENTS OTHER THAN BUILDINGS",,"1","2017-01 (JUL)","2017-01","7","JULY,2016","JULY","FMS","MIKE PRLICH & SONS, INC.","http://cityclerk.lacity.org/lacityclerkconnect/index.cfm?fa=ccon.viewrecord&contractnum=C-121378","50","GOB 2011A CLEAN WATER CLEANUP","100002237","91706","CHECK","PAID","GAX501716V500009",,,"2016-07-08T00:00:00.000","1","1","GAE50CO16121378KO","BROADWAY STRMWTR GREENWAY",,,,,,,,,,"1",,,,,,,,,,,"100002237 - MIKE PRLICH & SONS INC"
"3464328","2017","APPROPRIATIONS TO SPECIAL PURPOSE FUND","ARCADIS U.S. INC","2016-07-07T00:00:00.000","5546.1","CO120715","0000143256","GENERAL GOVERNMENT","GOVERNMENTAL","CAPITAL PROJECTS","GOB 2009 CLEAN WATER CLEANUP","16T","TEMESCAL CANYON PRK PHASE II","50FD17","AD26170000000690","SUPPLIES & OTHER SERVICES",,"1","2017-01 (JUL)","2017-01","7","JULY,2016","JULY","FMS","ARCADIS U.S., INC.","http://cityclerk.lacity.org/lacityclerkconnect/index.cfm?fa=ccon.viewrecord&contractnum=C-120715","50","GOB 2009 CLEAN WATER CLEANUP","100035931",,"CHECK","PAID","GAX501716T500006",,,"2016-06-06T00:00:00.000","1","1","GAE50CO13120715M","TEMESCAL CANYON PRK PHASE II",,,,,,,,,,"7",,,,,,,,,,,"100035931 - ARCADIS U.S. INC"
"3464329","2017","APPROPRIATIONS TO SPECIAL PURPOSE FUND","ARCADIS U.S. INC","2016-07-27T00:00:00.000","2958.68","CO120715","0000143256","GENERAL GOVERNMENT","GOVERNMENTAL","CAPITAL PROJECTS","GOB 2009 CLEAN WATER CLEANUP","16T","PENMAR WATER QLTY PHASE II","50FZAA","AD26170000004717","SUPPLIES & OTHER SERVICES",,"1","2017-01 (JUL)","2017-01","7","JULY,2016","JULY","FMS","ARCADIS U.S., INC.","http://cityclerk.lacity.org/lacityclerkconnect/index.cfm?fa=ccon.viewrecord&contractnum=C-120715","50","GOB 2009 CLEAN WATER CLEANUP","100035931",,"CHECK","PAID","GAX501716T500013",,,"2016-07-22T00:00:00.000","1","1","GAE50CO13120715M","PENMAR WATER QLTY PHASE II",,,,,,,,,,"8",,,,,,,,,,,"100035931 - ARCADIS U.S. INC"
"3464332","2017","APPROPRIATIONS TO SPECIAL PURPOSE FUND","COUNCIL FOR WATERSHED HEALTH","2016-07-15T00:00:00.000","1248.42","CO120777","0002363310","GENERAL GOVERNMENT","GOVERNMENTAL","CAPITAL PROJECTS","GOB 2011A CLEAN WATER CLEANUP","16V","ELMER AVENUE PHASE II: ELMER PASEO","50HYAA","AD26170000002237","SUPPLIES & OTHER SERVICES",,"1","2017-01 (JUL)","2017-01","7","JULY,2016","JULY","FMS","COUNCIL FOR WATERSHED HAELTH","http://cityclerk.lacity.org/lacityclerkconnect/index.cfm?fa=ccon.viewrecord&contractnum=C-120777","50","GOB 2011A CLEAN WATER CLEANUP","100001463","90012","CHECK","PAID","GAX501716V500011",,,"2016-06-24T00:00:00.000","1","1","GAE50CO13120777M","ELMER AVENUE PHASE II: ELMER PASEO",,,,,,,,,,"1",,,,,,,,,,,"100001463 - COUNCIL FOR WATERSHED HEALTH"
"3464337","2017","APPROPRIATIONS TO SPECIAL PURPOSE FUND","MIKE PRLICH & SONS INC","2016-07-11T00:00:00.000","1208.89","CO121378","0000953651","GENERAL GOVERNMENT","GOVERNMENTAL","CAPITAL PROJECTS","GOB 2011A CLEAN WATER CLEANUP","16V","BROADWAY STRMWTR GREENWAY","50KXAC","AD26170000001140","IMPROVEMENTS OTHER THAN BUILDINGS",,"1","2017-01 (JUL)","2017-01","7","JULY,2016","JULY","FMS","MIKE PRLICH & SONS, INC.","http://cityclerk.lacity.org/lacityclerkconnect/index.cfm?fa=ccon.viewrecord&contractnum=C-121378","50","GOB 2011A CLEAN WATER CLEANUP","100002237","91706","CHECK","PAID","GAX501716V500010",,,"2016-07-08T00:00:00.000","1","1","GAE50CO16121378KO","BROADWAY STRMWTR GREENWAY",,,,,,,,,,"1",,,,,,,,,,,"100002237 - MIKE PRLICH & SONS INC"
"3414618","2016","APPROPRIATIONS TO SPECIAL PURPOSE FUND","CAROLLO ENGINEERS APC","2016-06-20T00:00:00.000","88779.88","CO124324","0000659039","GENERAL GOVERNMENT","GOVERNMENTAL","CAPITAL PROJECTS","GOB 2009 CLEAN WATER CLEANUP","16T","PROP O OPTIMIZATION","50KYAF","AD26160000074554","SUPPLIES & OTHER SERVICES",,"12","2016-12 (JUN)","2016-04","6","JUNE,2016","JUNE","FMS","CAROLLO ENGINEERS, INC.","http://cityclerk.lacity.org/lacityclerkconnect/index.cfm?fa=ccon.viewrecord&contractnum=C-124324","50","GOB 2009 CLEAN WATER CLEANUP","100024382",,"CHECK","PAID","GAX501616T500198",,,"2016-05-26T00:00:00.000","1","1","GAE50CO16124324MC","PROP O OPTIMIZATION",,,,,,,,,,"1",,,,,,,,,,,"100024382 - CAROLLO ENGINEERS APC"
"3413668","2016","APPROPRIATIONS TO SPECIAL PURPOSE FUND","ARCADIS U.S. INC","2016-06-20T00:00:00.000","23478","CO120715","0000143256","GENERAL GOVERNMENT","GOVERNMENTAL","CAPITAL PROJECTS","GOB 2008A CLEAN WATER CLEANUP","16Q","SMBLFD PACKAGE 4","50EA26","AD26160000074447","SUPPLIES & OTHER SERVICES",,"12","2016-12 (JUN)","2016-04","6","JUNE,2016","JUNE","FMS","ARCADIS U.S., INC.","http://cityclerk.lacity.org/lacityclerkconnect/index.cfm?fa=ccon.viewrecord&contractnum=C-120715","50","GOB 2008A CLEAN WATER CLEANUP","100035931",,"CHECK","PAID","GAX501616Q500196",,,"2016-06-06T00:00:00.000","1","1","GAE50CO16120715M","SMBLFD PACKAGE 4",,,,,,,,,,"4",,,,,,,,,,,"100035931 - ARCADIS U.S. INC"
"3404793","2016","APPROPRIATIONS TO SPECIAL PURPOSE FUND","CDM SMITH INC","2016-06-20T00:00:00.000","20917.37","CO120703","0002002979","GENERAL GOVERNMENT","GOVERNMENTAL","CAPITAL PROJECTS","GOB 2011A CLEAN WATER CLEANUP","16V","MACHADO LAKE ECOSYSTEM REHAB","50HWAA","AD26160000074446","SUPPLIES & OTHER SERVICES",,"12","2016-12 (JUN)","2016-04","6","JUNE,2016","JUNE","FMS","CDM SMITH INC.","http://cityclerk.lacity.org/lacityclerkconnect/index.cfm?fa=ccon.viewrecord&contractnum=C-120703","50","GOB 2011A CLEAN WATER CLEANUP","100001119",,"CHECK","PAID","GAX501616V500201",,,"2016-04-29T00:00:00.000","1","1","GAE50CO13120703M","MACHADO LAKE ECOSYSTEM REHAB",,,,,,,,,,"5",,,,,,,,,,,"100001119 - CDM SMITH INC"
"3404792","2016","APPROPRIATIONS TO SPECIAL PURPOSE FUND","CDM SMITH INC","2016-06-20T00:00:00.000","19153.66","CO120703","0002002979","GENERAL GOVERNMENT","GOVERNMENTAL","CAPITAL PROJECTS","GOB 2011A CLEAN WATER CLEANUP","16V","MACHADO LAKE ECOSYSTEM REHAB","50HWAA","AD26160000074549","SUPPLIES & OTHER SERVICES",,"12","2016-12 (JUN)","2016-04","6","JUNE,2016","JUNE","FMS","CDM SMITH INC.","http://cityclerk.lacity.org/lacityclerkconnect/index.cfm?fa=ccon.viewrecord&contractnum=C-120703","50","GOB 2011A CLEAN WATER CLEANUP","100001119",,"CHECK","PAID","GAX501616V500197",,,"2016-04-29T00:00:00.000","1","1","GAE50CO13120703M","MACHADO LAKE ECOSYSTEM REHAB",,,,,,,,,,"5",,,,,,,,,,,"100001119 - CDM SMITH INC"
"3414654","2016","APPROPRIATIONS TO SPECIAL PURPOSE FUND","TETRA TECH INC","2016-06-20T00:00:00.000","10499.04","CO120705","0000697684","GENERAL GOVERNMENT","GOVERNMENTAL","CAPITAL PROJECTS","GOB 2009 CLEAN WATER CLEANUP","16T","ALBION RIVERSIDE PARK IMPROVEMENTS","50KXAD","AD26160000074550","SUPPLIES & OTHER SERVICES",,"12","2016-12 (JUN)","2016-04","6","JUNE,2016","JUNE","FMS","TETRA TECH, INC.","http://cityclerk.lacity.org/lacityclerkconnect/index.cfm?fa=ccon.viewrecord&contractnum=C-120705","50","GOB 2009 CLEAN WATER CLEANUP","100001158",,"CHECK","PAID","GAX501616T500195",,,"2016-05-23T00:00:00.000","1","1","GAE50CO13120705M","ALBION RIVERSIDE PARK IMPROVEMENTS",,,,,,,,,,"2",,,,,,,,,,,"100001158 - TETRA TECH INC"
"3405526","2016","APPROPRIATIONS TO SPECIAL PURPOSE FUND","ARCADIS U.S. INC","2016-06-20T00:00:00.000","1810.62","CO120715","0000143256","GENERAL GOVERNMENT","GOVERNMENTAL","CAPITAL PROJECTS","GOB 2009 CLEAN WATER CLEANUP","16T","TEMESCAL CANYON PRK PHASE II","50FD17","AD26160000074449","SUPPLIES & OTHER SERVICES",,"12","2016-12 (JUN)","2016-04","6","JUNE,2016","JUNE","FMS","ARCADIS U.S., INC.","http://cityclerk.lacity.org/lacityclerkconnect/index.cfm?fa=ccon.viewrecord&contractnum=C-120715","50","GOB 2009 CLEAN WATER CLEANUP","100035931",,"CHECK","PAID","GAX501616T500200",,,"2016-06-06T00:00:00.000","1","1","GAE50CO13120715M","TEMESCAL CANYON PRK PHASE II",,,,,,,,,,"7",,,,,,,,,,,"100035931 - ARCADIS U.S. INC"
"3404791","2016","APPROPRIATIONS TO SPECIAL PURPOSE FUND","ARCADIS U.S. INC","2016-06-20T00:00:00.000","467.16","CO120715","0000143256","GENERAL GOVERNMENT","GOVERNMENTAL","CAPITAL PROJECTS","GOB 2009 CLEAN WATER CLEANUP","16T","PENMAR WATER QLTY PHASE II","50FZAA","AD26160000074448","SUPPLIES & OTHER SERVICES",,"12","2016-12 (JUN)","2016-04","6","JUNE,2016","JUNE","FMS","ARCADIS U.S., INC.","http://cityclerk.lacity.org/lacityclerkconnect/index.cfm?fa=ccon.viewrecord&contractnum=C-120715","50","GOB 2009 CLEAN WATER CLEANUP","100035931",,"CHECK","PAID","GAX501616T500199",,,"2016-05-26T00:00:00.000","1","1","GAE50CO13120715M","PENMAR WATER QLTY PHASE II",,,,,,,,,,"8",,,,,,,,,,,"100035931 - ARCADIS U.S. INC"
"3391142","2016","APPROPRIATIONS TO SPECIAL PURPOSE FUND","OHL-USA INC","2016-05-18T00:00:00.000","713289.62","CO123672","0002732354","GENERAL GOVERNMENT","GOVERNMENTAL","CAPITAL PROJECTS","GOB 2011A CLEAN WATER CLEANUP","16V","MACHADO LAKE ECOSYSTEM REHAB","50HYAC","AD26160000067309","IMPROVEMENTS OTHER THAN BUILDINGS",,"11","2016-11 (MAY)","2016-04","5","MAY,2016","MAY","FMS","OHL USA, INC.","http://cityclerk.lacity.org/lacityclerkconnect/index.cfm?fa=ccon.viewrecord&contractnum=C-123672","50","GOB 2011A CLEAN WATER CLEANUP","VC0000014741",,"CHECK","PAID","GAX501616V500177",,,"2016-05-04T00:00:00.000","1","1","GAE50CO14123672KO","MACHADO LAKE ECOSYSTEM REHAB",,,,,,,,,,"2",,,,,,,,,,,"VC0000014741 - OHL-USA INC"
"3391139","2016","APPROPRIATIONS TO SPECIAL PURPOSE FUND","MIKE PRLICH & SONS INC","2016-05-12T00:00:00.000","59829.37","CO121378","0000953651","GENERAL GOVERNMENT","GOVERNMENTAL","CAPITAL PROJECTS","GOB 2011A CLEAN WATER CLEANUP","16V","BROADWAY STRMWTR GREENWAY","50KXAC","AD26160000066108","IMPROVEMENTS OTHER THAN BUILDINGS",,"11","2016-11 (MAY)","2016-04","5","MAY,2016","MAY","FMS","MIKE PRLICH & SONS, INC.","http://cityclerk.lacity.org/lacityclerkconnect/index.cfm?fa=ccon.viewrecord&contractnum=C-121378","50","GOB 2011A CLEAN WATER CLEANUP","100002237","91706","CHECK","PAID","GAX501616V500175",,,"2016-05-05T00:00:00.000","1","1","GAE50CO16121378KO","BROADWAY STRMWTR GREENWAY",,,,,,,,,,"1",,,,,,,,,,,"100002237 - MIKE PRLICH & SONS INC"
"3391037","2016","APPROPRIATIONS TO SPECIAL PURPOSE FUND","ARCADIS U.S. INC","2016-05-06T00:00:00.000","49646.27","CO120715","0000143256","GENERAL GOVERNMENT","GOVERNMENTAL","CAPITAL PROJECTS","GOB 2008A CLEAN WATER CLEANUP","16Q","MACHADO LAKE-PHASE I","50EA19","EFT26160000008210","SUPPLIES & OTHER SERVICES",,"11","2016-11 (MAY)","2016-04","5","MAY,2016","MAY","FMS","ARCADIS U.S., INC.","http://cityclerk.lacity.org/lacityclerkconnect/index.cfm?fa=ccon.viewrecord&contractnum=C-120715","50","GOB 2008A CLEAN WATER CLEANUP","100035931",,"EFT","PAID","GAX501616Q500174",,,"2016-04-29T00:00:00.000","1","1","GAE50CO16120715M","MACHADO LAKE-PHASE I",,,,,,,,,,"1",,,,,,,,,,,"100035931 - ARCADIS U.S. INC"
"3391141","2016","APPROPRIATIONS TO SPECIAL PURPOSE FUND","OHL-USA INC","2016-05-19T00:00:00.000","39681.57","CO123672","0002732354","GENERAL GOVERNMENT","GOVERNMENTAL","CAPITAL PROJECTS","GOB 2011A CLEAN WATER CLEANUP","16V","MACHADO LAKE ECOSYSTEM REHAB","50HYAC","EFT26160000008620","IMPROVEMENTS OTHER THAN BUILDINGS",,"11","2016-11 (MAY)","2016-04","5","MAY,2016","MAY","FMS","OHL USA, INC.","http://cityclerk.lacity.org/lacityclerkconnect/index.cfm?fa=ccon.viewrecord&contractnum=C-123672","50","GOB 2011A CLEAN WATER CLEANUP","VC0000014741","10017","EFT","PAID","GAX501616V500178",,,"2016-05-04T00:00:00.000","1","1","GAE50CO14123672KO","MACHADO LAKE ECOSYSTEM REHAB",,,,,,,,,,"2",,,,,,,,,,,"VC0000014741 - OHL-USA INC"
"3391046","2016","APPROPRIATIONS TO SPECIAL PURPOSE FUND","ARCADIS U.S. INC","2016-05-23T00:00:00.000","33681.43","CO120715","0000143256","GENERAL GOVERNMENT","GOVERNMENTAL","CAPITAL PROJECTS","GOB 2009 CLEAN WATER CLEANUP","16T","MACHADO LAKE-PHASE I","50FC18","AD26160000068006","SUPPLIES & OTHER SERVICES",,"11","2016-11 (MAY)","2016-04","5","MAY,2016","MAY","FMS","ARCADIS U.S., INC.","http://cityclerk.lacity.org/lacityclerkconnect/index.cfm?fa=ccon.viewrecord&contractnum=C-120715","50","GOB 2009 CLEAN WATER CLEANUP","100035931",,"CHECK","PAID","GAX501616T500186",,,"2016-01-29T00:00:00.000","1","4","GAE50CO13120715M","MACHADO LAKE-PHASE I",,,,,,,,,,"4",,,,,,,,,,,"100035931 - ARCADIS U.S. INC"
"3391143","2016","APPROPRIATIONS TO SPECIAL PURPOSE FUND","ARCADIS U.S. INC","2016-05-31T00:00:00.000","29471.99","CO120715","0000143256","GENERAL GOVERNMENT","GOVERNMENTAL","CAPITAL PROJECTS","GOB 2011A CLEAN WATER CLEANUP","16V","MACHADO LAKE ECOSYSTEM REHAB","50HWAA","AD26160000069758","SUPPLIES & OTHER SERVICES",,"11","2016-11 (MAY)","2016-04","5","MAY,2016","MAY","FMS","ARCADIS U.S., INC.","http://cityclerk.lacity.org/lacityclerkconnect/index.cfm?fa=ccon.viewrecord&contractnum=C-120715","50","GOB 2011A CLEAN WATER CLEANUP","100035931",,"CHECK","PAID","GAX501616V500193",,,"2016-05-23T00:00:00.000","1","4","GAE50CO16120715M","MACHADO LAKE ECOSYSTEM REHAB",,,,,,,,,,"5",,,,,,,,,,,"100035931 - ARCADIS U.S. INC"
"3391147","2016","APPROPRIATIONS TO SPECIAL PURPOSE FUND","ARCADIS U.S. INC","2016-05-23T00:00:00.000","28993.02","CO120715","0000143256","GENERAL GOVERNMENT","GOVERNMENTAL","CAPITAL PROJECTS","GOB 2011A CLEAN WATER CLEANUP","16V","BROADWAY STRMWTR GREENWAY","50KXAC","AD26160000068006","SUPPLIES & OTHER SERVICES",,"11","2016-11 (MAY)","2016-04","5","MAY,2016","MAY","FMS","ARCADIS U.S., INC.","http://cityclerk.lacity.org/lacityclerkconnect/index.cfm?fa=ccon.viewrecord&contractnum=C-120715","50","GOB 2011A CLEAN WATER CLEANUP","100035931",,"CHECK","PAID","GAX501616V500188",,,"2016-01-29T00:00:00.000","1","7","GAE50CO13120715M","BROADWAY STRMWTR GREENWAY",,,,,,,,,,"6",,,,,,,,,,,"100035931 - ARCADIS U.S. INC"
"3391044","2016","APPROPRIATIONS TO SPECIAL PURPOSE FUND","ARCADIS U.S. INC","2016-05-31T00:00:00.000","26453.39","CO120715","0000143256","GENERAL GOVERNMENT","GOVERNMENTAL","CAPITAL PROJECTS","GOB 2009 CLEAN WATER CLEANUP","16T","MACHADO LAKE-PHASE I","50FC18","AD26160000069758","SUPPLIES & OTHER SERVICES",,"11","2016-11 (MAY)","2016-04","5","MAY,2016","MAY","FMS","ARCADIS U.S., INC.","http://cityclerk.lacity.org/lacityclerkconnect/index.cfm?fa=ccon.viewrecord&contractnum=C-120715","50","GOB 2009 CLEAN WATER CLEANUP","100035931",,"CHECK","PAID","GAX501616T500191",,,"2016-05-23T00:00:00.000","1","2","GAE50CO13120715M","MACHADO LAKE-PHASE I",,,,,,,,,,"4",,,,,,,,,,,"100035931 - ARCADIS U.S. INC"
"3391146","2016","APPROPRIATIONS TO SPECIAL PURPOSE FUND","CDM SMITH INC","2016-05-17T00:00:00.000","24563.34","CO120703","0002002979","GENERAL GOVERNMENT","GOVERNMENTAL","CAPITAL PROJECTS","GOB 2011A CLEAN WATER CLEANUP","16V","MACHADO LAKE ECOSYSTEM REHAB","50HWAA","AD26160000066964","SUPPLIES & OTHER SERVICES",,"11","2016-11 (MAY)","2016-04","5","MAY,2016","MAY","FMS","CDM SMITH INC.","http://cityclerk.lacity.org/lacityclerkconnect/index.cfm?fa=ccon.viewrecord&contractnum=C-120703","50","GOB 2011A CLEAN WATER CLEANUP","100001119",,"CHECK","PAID","GAX501616V500181",,,"2016-04-21T00:00:00.000","1","1","GAE50CO13120703M","MACHADO LAKE ECOSYSTEM REHAB",,,,,,,,,,"5",,,,,,,,,,,"100001119 - CDM SMITH INC"
"3391047","2016","APPROPRIATIONS TO SPECIAL PURPOSE FUND","CAROLLO ENGINEERS APC","2016-05-18T00:00:00.000","20346.93","CO124324","0000659039","GENERAL GOVERNMENT","GOVERNMENTAL","CAPITAL PROJECTS","GOB 2009 CLEAN WATER CLEANUP","16T","PROP O OPTIMIZATION","50KYAF","AD26160000067303","SUPPLIES & OTHER SERVICES",,"11","2016-11 (MAY)","2016-04","5","MAY,2016","MAY","FMS","CAROLLO ENGINEERS, INC.","http://cityclerk.lacity.org/lacityclerkconnect/index.cfm?fa=ccon.viewrecord&contractnum=C-124324","50","GOB 2009 CLEAN WATER CLEANUP","100024382",,"CHECK","PAID","GAX501616T500182",,,"2016-05-13T00:00:00.000","1","1","GAE50CO16124324MC","PROP O OPTIMIZATION",,,,,,,,,,"1",,,,,,,,,,,"100024382 - CAROLLO ENGINEERS APC"
"3391145","2016","APPROPRIATIONS TO SPECIAL PURPOSE FUND","ICF JONES & STOKES, INC.","2016-05-17T00:00:00.000","15069.67","CO123097","0000861804","GENERAL GOVERNMENT","GOVERNMENTAL","CAPITAL PROJECTS","GOB 2011A CLEAN WATER CLEANUP","16V","MACHADO LAKE ECOSYSTEM REHAB","50HWAA","AD26160000066967","SUPPLIES & OTHER SERVICES",,"11","2016-11 (MAY)","2016-04","5","MAY,2016","MAY","FMS","ICF JONES & STOKES, INC.","http://cityclerk.lacity.org/lacityclerkconnect/index.cfm?fa=ccon.viewrecord&contractnum=C-123097","50","GOB 2011A CLEAN WATER CLEANUP","100024616",,"CHECK","PAID","GAX501616V500179",,,"2016-04-21T00:00:00.000","1","1","GAE50CO14123097M","MACHADO LAKE ECOSYSTEM REHAB",,,,,,,,,,"2",,,,,,,,,,,"100024616 - ICF JONES & STOKES, INC."
"3391148","2016","APPROPRIATIONS TO SPECIAL PURPOSE FUND","ARCADIS U.S. INC","2016-05-23T00:00:00.000","13301.91","CO120715","0000143256","GENERAL GOVERNMENT","GOVERNMENTAL","CAPITAL PROJECTS","GOB 2011A CLEAN WATER CLEANUP","16V","SMBLFD P3 PH 11","50LWAC","AD26160000068006","SUPPLIES & OTHER SERVICES",,"11","2016-11 (MAY)","2016-04","5","MAY,2016","MAY","FMS","ARCADIS U.S., INC.","http://cityclerk.lacity.org/lacityclerkconnect/index.cfm?fa=ccon.viewrecord&contractnum=C-120715","50","GOB 2011A CLEAN WATER CLEANUP","100035931",,"CHECK","PAID","GAX501616V500184",,,"2015-12-14T00:00:00.000","1","6","GAE50CO13120715M","SMBLFD P3 PH 11",,,,,,,,,,"9",,,,,,,,,,,"100035931 - ARCADIS U.S. INC"
"3391041","2016","APPROPRIATIONS TO SPECIAL PURPOSE FUND","ARCADIS U.S. INC","2016-05-18T00:00:00.000","7959","CO120715","0000143256","GENERAL GOVERNMENT","GOVERNMENTAL","CAPITAL PROJECTS","GOB 2008A CLEAN WATER CLEANUP","16Q","SMB/BC MAR VISTA RECREATION CT","50EA14","AD26160000067306","SUPPLIES & OTHER SERVICES",,"11","2016-11 (MAY)","2016-04","5","MAY,2016","MAY","FMS","ARCADIS U.S., INC.","http://cityclerk.lacity.org/lacityclerkconnect/index.cfm?fa=ccon.viewrecord&contractnum=C-120715","50","GOB 2008A CLEAN WATER CLEANUP","100035931",,"CHECK","PAID","GAX501616Q500183",,,"2016-01-29T00:00:00.000","1","2","GAE50CO13120715M","SMB/BC MAR VISTA RECREATION CT",,,,,,,,,,"4",,,,,,,,,,,"100035931 - ARCADIS U.S. INC"
"3391043","2016","APPROPRIATIONS TO SPECIAL PURPOSE FUND","ARCADIS U.S. INC","2016-05-31T00:00:00.000","7338.94","CO120715","0000143256","GENERAL GOVERNMENT","GOVERNMENTAL","CAPITAL PROJECTS","GOB 2009 CLEAN WATER CLEANUP","16T","MACHADO LAKE ECOSYSTEM REHAB","50FC19","AD26160000069758","SUPPLIES & OTHER SERVICES",,"11","2016-11 (MAY)","2016-04","5","MAY,2016","MAY","FMS","ARCADIS U.S., INC.","http://cityclerk.lacity.org/lacityclerkconnect/index.cfm?fa=ccon.viewrecord&contractnum=C-120715","50","GOB 2009 CLEAN WATER CLEANUP","100035931",,"CHECK","PAID","GAX501616T500192",,,"2016-05-18T00:00:00.000","1","3","GAE50CO13120715M","MACHADO LAKE ECOSYSTEM REHAB",,,,,,,,,,"2",,,,,,,,,,,"100035931 - ARCADIS U.S. INC"
"3391042","2016","APPROPRIATIONS TO SPECIAL PURPOSE FUND","ARCADIS U.S. INC","2016-05-18T00:00:00.000","5969.25","CO120715","0000143256","GENERAL GOVERNMENT","GOVERNMENTAL","CAPITAL PROJECTS","GOB 2008A CLEAN WATER CLEANUP","16Q","SMB/BC MAR VISTA RECREATION CT","50EA14","AD26160000067306","SUPPLIES & OTHER SERVICES",,"11","2016-11 (MAY)","2016-04","5","MAY,2016","MAY","FMS","ARCADIS U.S., INC.","http://cityclerk.lacity.org/lacityclerkconnect/index.cfm?fa=ccon.viewrecord&contractnum=C-120715","50","GOB 2008A CLEAN WATER CLEANUP","100035931",,"CHECK","PAID","GAX501616Q500183",,,"2015-12-14T00:00:00.000","1","1","GAE50CO13120715M","SMB/BC MAR VISTA RECREATION CT",,,,,,,,,,"3",,,,,,,,,,,"100035931 - ARCADIS U.S. INC"
"3391038","2016","APPROPRIATIONS TO SPECIAL PURPOSE FUND","ARCADIS U.S. INC","2016-05-23T00:00:00.000","4772.25","CO120715","0000143256","GENERAL GOVERNMENT","GOVERNMENTAL","CAPITAL PROJECTS","GOB 2008A CLEAN WATER CLEANUP","16Q","SMBLFD P3 PH2","50KWAD","AD26160000068006","SUPPLIES & OTHER SERVICES",,"11","2016-11 (MAY)","2016-04","5","MAY,2016","MAY","FMS","ARCADIS U.S., INC.","http://cityclerk.lacity.org/lacityclerkconnect/index.cfm?fa=ccon.viewrecord&contractnum=C-120715","50","GOB 2008A CLEAN WATER CLEANUP","100035931",,"CHECK","PAID","GAX501616Q500189",,,"2016-05-13T00:00:00.000","1","3","GAE50CO13120715M","SMBLFD P3 PH2",,,,,,,,,,"11",,,,,,,,,,,"100035931 - ARCADIS U.S. INC"
"3391144","2016","APPROPRIATIONS TO SPECIAL PURPOSE FUND","ICF JONES & STOKES, INC.","2016-05-17T00:00:00.000","3954.41","CO123097","0000861804","GENERAL GOVERNMENT","GOVERNMENTAL","CAPITAL PROJECTS","GOB 2011A CLEAN WATER CLEANUP","16V","MACHADO LAKE ECOSYSTEM REHAB","50HWAA","AD26160000066967","SUPPLIES & OTHER SERVICES",,"11","2016-11 (MAY)","2016-04","5","MAY,2016","MAY","FMS","ICF JONES & STOKES, INC.","http://cityclerk.lacity.org/lacityclerkconnect/index.cfm?fa=ccon.viewrecord&contractnum=C-123097","50","GOB 2011A CLEAN WATER CLEANUP","100024616",,"CHECK","PAID","GAX501616V500180",,,"2016-04-06T00:00:00.000","1","2","GAE50CO14123097M","MACHADO LAKE ECOSYSTEM REHAB",,,,,,,,,,"2",,,,,,,,,,,"100024616 - ICF JONES & STOKES, INC."
"3391045","2016","APPROPRIATIONS TO SPECIAL PURPOSE FUND","ARCADIS U.S. INC","2016-05-23T00:00:00.000","3507.79","CO120715","0000143256","GENERAL GOVERNMENT","GOVERNMENTAL","CAPITAL PROJECTS","GOB 2009 CLEAN WATER CLEANUP","16T","PENMAR WATER QLTY PHASE II","50FZAA","AD26160000068006","SUPPLIES & OTHER SERVICES",,"11","2016-11 (MAY)","2016-04","5","MAY,2016","MAY","FMS","ARCADIS U.S., INC.","http://cityclerk.lacity.org/lacityclerkconnect/index.cfm?fa=ccon.viewrecord&contractnum=C-120715","50","GOB 2009 CLEAN WATER CLEANUP","100035931",,"CHECK","PAID","GAX501616T500190",,,"2015-12-14T00:00:00.000","1","5","GAE50CO13120715M","PENMAR WATER QLTY PHASE II",,,,,,,,,,"8",,,,,,,,,,,"100035931 - ARCADIS U.S. INC"
"3391140","2016","APPROPRIATIONS TO SPECIAL PURPOSE FUND","MIKE PRLICH & SONS INC","2016-05-12T00:00:00.000","3148.92","CO121378","0000953651","GENERAL GOVERNMENT","GOVERNMENTAL","CAPITAL PROJECTS","GOB 2011A CLEAN WATER CLEANUP","16V","BROADWAY STRMWTR GREENWAY","50KXAC","AD26160000066163","IMPROVEMENTS OTHER THAN BUILDINGS",,"11","2016-11 (MAY)","2016-04","5","MAY,2016","MAY","FMS","MIKE PRLICH & SONS, INC.","http://cityclerk.lacity.org/lacityclerkconnect/index.cfm?fa=ccon.viewrecord&contractnum=C-121378","50","GOB 2011A CLEAN WATER CLEANUP","100002237","91706","CHECK","PAID","GAX501616V500176",,,"2016-05-05T00:00:00.000","1","1","GAE50CO16121378KO","BROADWAY STRMWTR GREENWAY",,,,,,,,,,"1",,,,,,,,,,,"100002237 - MIKE PRLICH & SONS INC"
"3391040","2016","APPROPRIATIONS TO SPECIAL PURPOSE FUND","ARCADIS U.S. INC","2016-05-23T00:00:00.000","2853.1","CO120715","0000143256","GENERAL GOVERNMENT","GOVERNMENTAL","CAPITAL PROJECTS","GOB 2008A CLEAN WATER CLEANUP","16Q","SMBLFD P3 PH2","50KWAD","AD26160000068006","SUPPLIES & OTHER SERVICES",,"11","2016-11 (MAY)","2016-04","5","MAY,2016","MAY","FMS","ARCADIS U.S., INC.","http://cityclerk.lacity.org/lacityclerkconnect/index.cfm?fa=ccon.viewrecord&contractnum=C-120715","50","GOB 2008A CLEAN WATER CLEANUP","100035931",,"CHECK","PAID","GAX501616Q500185",,,"2015-12-14T00:00:00.000","1","1","GAE50CO13120715M","SMBLFD P3 PH2",,,,,,,,,,"10",,,,,,,,,,,"100035931 - ARCADIS U.S. INC"
"3391039","2016","APPROPRIATIONS TO SPECIAL PURPOSE FUND","ARCADIS U.S. INC","2016-05-23T00:00:00.000","2746.17","CO120715","0000143256","GENERAL GOVERNMENT","GOVERNMENTAL","CAPITAL PROJECTS","GOB 2008A CLEAN WATER CLEANUP","16Q","SMBLFD P3 PH2","50KWAD","AD26160000068006","SUPPLIES & OTHER SERVICES",,"11","2016-11 (MAY)","2016-04","5","MAY,2016","MAY","FMS","ARCADIS U.S., INC.","http://cityclerk.lacity.org/lacityclerkconnect/index.cfm?fa=ccon.viewrecord&contractnum=C-120715","50","GOB 2008A CLEAN WATER CLEANUP","100035931",,"CHECK","PAID","GAX501616Q500187",,,"2015-01-11T00:00:00.000","1","2","GAE50CO13120715M","SMBLFD P3 PH2",,,,,,,,,,"10",,,,,,,,,,,"100035931 - ARCADIS U.S. INC"
"3391036","2016","APPROPRIATIONS TO SPECIAL PURPOSE FUND","ARCADIS U.S. INC","2016-05-31T00:00:00.000","2244.62","CO120715","0000143256","GENERAL GOVERNMENT","GOVERNMENTAL","CAPITAL PROJECTS","GOB 2008A CLEAN WATER CLEANUP","16Q","SMB/BC MAR VISTA RECREATION CT","50EA14","AD26160000069758","SUPPLIES & OTHER SERVICES",,"11","2016-11 (MAY)","2016-04","5","MAY,2016","MAY","FMS","ARCADIS U.S., INC.","http://cityclerk.lacity.org/lacityclerkconnect/index.cfm?fa=ccon.viewrecord&contractnum=C-120715","50","GOB 2008A CLEAN WATER CLEANUP","100035931",,"CHECK","PAID","GAX501616Q500194",,,"2016-05-23T00:00:00.000","1","1","GAE50CO16120715M","SMB/BC MAR VISTA RECREATION CT",,,,,,,,,,"6",,,,,,,,,,,"100035931 - ARCADIS U.S. INC"
"3304635","2016","APPROPRIATIONS TO SPECIAL PURPOSE FUND","OHL-USA INC","2016-04-12T00:00:00.000","665678.97","CO123672","0002732354","GENERAL GOVERNMENT","GOVERNMENTAL","CAPITAL PROJECTS","GOB 2011A CLEAN WATER CLEANUP","16V","MACHADO LAKE ECOSYSTEM REHAB","50HWAA","AD26160000058241","IMPROVEMENTS OTHER THAN BUILDINGS",,"10","2016-10 (APR)","2016-04","4","APRIL,2016","APRIL","FMS","OHL USA, INC.","http://cityclerk.lacity.org/lacityclerkconnect/index.cfm?fa=ccon.viewrecord&contractnum=C-123672","50","GOB 2011A CLEAN WATER CLEANUP","VC0000014741",,"CHECK","PAID","GAX501616V500167",,,"2016-03-30T00:00:00.000","1","1","GAE50CO14123672KO","MACHADO LAKE ECOSYSTEM REHAB",,,,,,,,,,"1",,,,,,,,,,,"VC0000014741 - OHL-USA INC"
"3304591","2016","APPROPRIATIONS TO SPECIAL PURPOSE FUND","THE TRUST FOR PUBLIC LAND","2016-04-05T00:00:00.000","172360.21","CO124362","0002461342","GENERAL GOVERNMENT","GOVERNMENTAL","CAPITAL PROJECTS","GOB 2011A CLEAN WATER CLEANUP","16V","AVALON GREEN ALLEY SOUTH","50KXAB","AD26160000056556","SUPPLIES & OTHER SERVICES",,"10","2016-10 (APR)","2016-04","4","APRIL,2016","APRIL","FMS","THE TRUST FOR PUBLIC LAND","http://cityclerk.lacity.org/lacityclerkconnect/index.cfm?fa=ccon.viewrecord&contractnum=C-124362","50","GOB 2011A CLEAN WATER CLEANUP","100038842","94104","CHECK","PAID","GAX501616V500158",,,"2016-03-24T00:00:00.000","1","1","GAE50CO16124362M","AVALON GREEN ALLEY SOUTH",,,,,,,,,,"1",,,,,,,,,,,"100038842 - THE TRUST FOR PUBLIC LAND"
"3304593","2016","APPROPRIATIONS TO SPECIAL PURPOSE FUND","MIKE PRLICH & SONS INC","2016-04-06T00:00:00.000","161429.14","CO121378","0000953651","GENERAL GOVERNMENT","GOVERNMENTAL","CAPITAL PROJECTS","GOB 2011A CLEAN WATER CLEANUP","16V","BROADWAY STRMWTR GREENWAY","50KXAC","AD26160000056940","IMPROVEMENTS OTHER THAN BUILDINGS",,"10","2016-10 (APR)","2016-04","4","APRIL,2016","APRIL","FMS","MIKE PRLICH & SONS, INC.","http://cityclerk.lacity.org/lacityclerkconnect/index.cfm?fa=ccon.viewrecord&contractnum=C-121378","50","GOB 2011A CLEAN WATER CLEANUP","100002237","91706","CHECK","PAID","GAX501616V500156",,,"2016-03-21T00:00:00.000","1","1","GAE50CO16121378KO","BROADWAY STRMWTR GREENWAY",,,,,,,,,,"1",,,,,,,,,,,"100002237 - MIKE PRLICH & SONS INC"
"3304637","2016","APPROPRIATIONS TO SPECIAL PURPOSE FUND","ARCADIS U.S. INC","2016-04-19T00:00:00.000","99338.26","CO120715","0000143256","GENERAL GOVERNMENT","GOVERNMENTAL","CAPITAL PROJECTS","GOB 2011A CLEAN WATER CLEANUP","16V","MACHADO LAKE ECOSYSTEM REHAB","50HWAA","AD26160000061180","SUPPLIES & OTHER SERVICES",,"10","2016-10 (APR)","2016-04","4","APRIL,2016","APRIL","FMS","ARCADIS U.S., INC.","http://cityclerk.lacity.org/lacityclerkconnect/index.cfm?fa=ccon.viewrecord&contractnum=C-120715","50","GOB 2011A CLEAN WATER CLEANUP","100035931",,"CHECK","PAID","GAX501616V500170",,,"2016-03-30T00:00:00.000","1","1","GAE50CO16120715M","MACHADO LAKE ECOSYSTEM REHAB",,,,,,,,,,"5",,,,,,,,,,,"100035931 - ARCADIS U.S. INC"
"3304567","2016","APPROPRIATIONS TO SPECIAL PURPOSE FUND","ARCADIS U.S. INC","2016-04-07T00:00:00.000","64452.6","CO120715","0000143256","GENERAL GOVERNMENT","GOVERNMENTAL","CAPITAL PROJECTS","GOB 2008A CLEAN WATER CLEANUP","16Q","MACHADO LAKE-PHASE I","50EA19","EFT26160000007343","SUPPLIES & OTHER SERVICES",,"10","2016-10 (APR)","2016-04","4","APRIL,2016","APRIL","FMS","ARCADIS U.S., INC.","http://cityclerk.lacity.org/lacityclerkconnect/index.cfm?fa=ccon.viewrecord&contractnum=C-120715","50","GOB 2008A CLEAN WATER CLEANUP","100035931",,"EFT","PAID","GAX501616Q500163",,,"2016-03-09T00:00:00.000","1","1","GAE50CO16120715M","MACHADO LAKE-PHASE I",,,,,,,,,,"1",,,,,,,,,,,"100035931 - ARCADIS U.S. INC"
"3304594","2016","APPROPRIATIONS TO SPECIAL PURPOSE FUND","CAROLLO ENGINEERS APC","2016-04-04T00:00:00.000","61110","CO120707","0000659039","GENERAL GOVERNMENT","GOVERNMENTAL","CAPITAL PROJECTS","GOB 2011A CLEAN WATER CLEANUP","16V","BROADWAY STRMWTR GREENWAY","50KXAC","AD26160000056281","SUPPLIES & OTHER SERVICES",,"10","2016-10 (APR)","2016-04","4","APRIL,2016","APRIL","FMS","CAROLLO ENGINEERS","http://cityclerk.lacity.org/lacityclerkconnect/index.cfm?fa=ccon.viewrecord&contractnum=C-120707","50","GOB 2011A CLEAN WATER CLEANUP","100024382",,"CHECK","PAID","GAX501616V500160",,,"2016-03-30T00:00:00.000","1","2","GAE50CO13120707M","BROADWAY STRMWTR GREENWAY",,,,,,,,,,"3",,,,,,,,,,,"100024382 - CAROLLO ENGINEERS APC"
"3304595","2016","APPROPRIATIONS TO SPECIAL PURPOSE FUND","CAROLLO ENGINEERS APC","2016-04-04T00:00:00.000","59141","CO120707","0000659039","GENERAL GOVERNMENT","GOVERNMENTAL","CAPITAL PROJECTS","GOB 2011A CLEAN WATER CLEANUP","16V","BROADWAY STRMWTR GREENWAY","50KXAC","AD26160000056281","SUPPLIES & OTHER SERVICES",,"10","2016-10 (APR)","2016-04","4","APRIL,2016","APRIL","FMS","CAROLLO ENGINEERS","http://cityclerk.lacity.org/lacityclerkconnect/index.cfm?fa=ccon.viewrecord&contractnum=C-120707","50","GOB 2011A CLEAN WATER CLEANUP","100024382",,"CHECK","PAID","GAX501616V500159",,,"2016-03-30T00:00:00.000","1","1","GAE50CO13120707M","BROADWAY STRMWTR GREENWAY",,,,,,,,,,"3",,,,,,,,,,,"100024382 - CAROLLO ENGINEERS APC"
"3304597","2016","APPROPRIATIONS TO SPECIAL PURPOSE FUND","ARCADIS U.S. INC","2016-04-07T00:00:00.000","49016.87","CO120715","0000143256","GENERAL GOVERNMENT","GOVERNMENTAL","CAPITAL PROJECTS","GOB 2011A CLEAN WATER CLEANUP","16V","BROADWAY STRMWTR GREENWAY","50KXAC","EFT26160000007343","SUPPLIES & OTHER SERVICES",,"10","2016-10 (APR)","2016-04","4","APRIL,2016","APRIL","FMS","ARCADIS U.S., INC.","http://cityclerk.lacity.org/lacityclerkconnect/index.cfm?fa=ccon.viewrecord&contractnum=C-120715","50","GOB 2011A CLEAN WATER CLEANUP","100035931",,"EFT","PAID","GAX501616V500164",,,"2016-03-30T00:00:00.000","1","2","GAE50CO16120715M","BROADWAY STRMWTR GREENWAY",,,,,,,,,,"2",,,,,,,,,,,"100035931 - ARCADIS U.S. INC"
"3304598","2016","APPROPRIATIONS TO SPECIAL PURPOSE FUND","TETRA TECH INC","2016-04-20T00:00:00.000","43214.24","CO120705","0000697684","GENERAL GOVERNMENT","GOVERNMENTAL","CAPITAL PROJECTS","GOB 2009 CLEAN WATER CLEANUP","16T","ALBION RIVERSIDE PARK IMPROVEMENTS","50KXAD","AD26160000061455","SUPPLIES & OTHER SERVICES",,"10","2016-10 (APR)","2016-04","4","APRIL,2016","APRIL","FMS","TETRA TECH, INC.","http://cityclerk.lacity.org/lacityclerkconnect/index.cfm?fa=ccon.viewrecord&contractnum=C-120705","50","GOB 2009 CLEAN WATER CLEANUP","100001158",,"CHECK","PAID","GAX501616T500171",,,"2016-03-11T00:00:00.000","1","1","GAE50CO13120705M","ALBION RIVERSIDE PARK IMPROVEMENTS",,,,,,,,,,"2",,,,,,,,,,,"100001158 - TETRA TECH INC"
"3304596","2016","APPROPRIATIONS TO SPECIAL PURPOSE FUND","ARCADIS U.S. INC","2016-04-07T00:00:00.000","41379.98","CO120715","0000143256","GENERAL GOVERNMENT","GOVERNMENTAL","CAPITAL PROJECTS","GOB 2011A CLEAN WATER CLEANUP","16V","BROADWAY STRMWTR GREENWAY","50KXAC","EFT26160000007343","SUPPLIES & OTHER SERVICES",,"10","2016-10 (APR)","2016-04","4","APRIL,2016","APRIL","FMS","ARCADIS U.S., INC.","http://cityclerk.lacity.org/lacityclerkconnect/index.cfm?fa=ccon.viewrecord&contractnum=C-120715","50","GOB 2011A CLEAN WATER CLEANUP","100035931",,"EFT","PAID","GAX501616V500165",,,"2016-03-30T00:00:00.000","1","3","GAE50CO16120715M","BROADWAY STRMWTR GREENWAY",,,,,,,,,,"2",,,,,,,,,,,"100035931 - ARCADIS U.S. INC"
"3304599","2016","APPROPRIATIONS TO SPECIAL PURPOSE FUND","CAROLLO ENGINEERS APC","2016-04-05T00:00:00.000","37080.49","CO124324","0000659039","GENERAL GOVERNMENT","GOVERNMENTAL","CAPITAL PROJECTS","GOB 2009 CLEAN WATER CLEANUP","16T","PROP O OPTIMIZATION","50KYAF","AD26160000056553","SUPPLIES & OTHER SERVICES",,"10","2016-10 (APR)","2016-04","4","APRIL,2016","APRIL","FMS","CAROLLO ENGINEERS, INC.","http://cityclerk.lacity.org/lacityclerkconnect/index.cfm?fa=ccon.viewrecord&contractnum=C-124324","50","GOB 2009 CLEAN WATER CLEANUP","100024382",,"CHECK","PAID","GAX501616T500161",,,"2016-03-04T00:00:00.000","1","1","GAE50CO16124324MC","PROP O OPTIMIZATION",,,,,,,,,,"1",,,,,,,,,,,"100024382 - CAROLLO ENGINEERS APC"
"3304636","2016","APPROPRIATIONS TO SPECIAL PURPOSE FUND","OHL-USA INC","2016-04-12T00:00:00.000","35035.73","CO123672","0002732354","GENERAL GOVERNMENT","GOVERNMENTAL","CAPITAL PROJECTS","GOB 2011A CLEAN WATER CLEANUP","16V","MACHADO LAKE ECOSYSTEM REHAB","50HWAA","EFT26160000007631","IMPROVEMENTS OTHER THAN BUILDINGS",,"10","2016-10 (APR)","2016-04","4","APRIL,2016","APRIL","FMS","OHL USA, INC.","http://cityclerk.lacity.org/lacityclerkconnect/index.cfm?fa=ccon.viewrecord&contractnum=C-123672","50","GOB 2011A CLEAN WATER CLEANUP","VC0000014741","10017","EFT","PAID","GAX501616V500168",,,"2016-03-30T00:00:00.000","1","1","GAE50CO14123672KO","MACHADO LAKE ECOSYSTEM REHAB",,,,,,,,,,"1",,,,,,,,,,,"VC0000014741 - OHL-USA INC"
"3304615","2016","APPROPRIATIONS TO SPECIAL PURPOSE FUND","CDM SMITH INC","2016-04-22T00:00:00.000","26810.01","CO120703","0002002979","GENERAL GOVERNMENT","GOVERNMENTAL","CAPITAL PROJECTS","GOB 2009 CLEAN WATER CLEANUP","16T","MACHADO LAKE-PHASE I","50FC18","AD26160000061979","SUPPLIES & OTHER SERVICES",,"10","2016-10 (APR)","2016-04","4","APRIL,2016","APRIL","FMS","CDM SMITH INC.","http://cityclerk.lacity.org/lacityclerkconnect/index.cfm?fa=ccon.viewrecord&contractnum=C-120703","50","GOB 2009 CLEAN WATER CLEANUP","100001119",,"CHECK","PAID","GAX501616T500173",,,"2015-10-23T00:00:00.000","1","1","GAE50CO15120703M","MACHADO LAKE-PHASE I",,,,,,,,,,"1",,,,,,,,,,,"100001119 - CDM SMITH INC"
"3304611","2016","APPROPRIATIONS TO SPECIAL PURPOSE FUND","COLICH & SONS LP","2016-04-22T00:00:00.000","19494","CO120891","0000143025","GENERAL GOVERNMENT","GOVERNMENTAL","CAPITAL PROJECTS","GOB 2009 CLEAN WATER CLEANUP","16T","ECHO PARK REHABILITATION","50FA17","AD26160000061980","IMPROVEMENTS OTHER THAN BUILDINGS",,"10","2016-10 (APR)","2016-04","4","APRIL,2016","APRIL","FMS","COLICH & SONS L.P.","http://cityclerk.lacity.org/lacityclerkconnect/index.cfm?fa=ccon.viewrecord&contractnum=C-120891","50","GOB 2009 CLEAN WATER CLEANUP","100004352","90248","CHECK","PAID","GAX501616T500172",,,"2016-04-01T00:00:00.000","1","1","GAE50CO13120891K","ECHO PARK REHABILITATION",,,,,,,,,,"3",,,,,,,,,,,"100004352 - COLICH & SONS LP"
"3304566","2016","APPROPRIATIONS TO SPECIAL PURPOSE FUND","ARCADIS U.S. INC","2016-04-08T00:00:00.000","11290.14","CO120715","0000143256","GENERAL GOVERNMENT","GOVERNMENTAL","CAPITAL PROJECTS","GOB 2008A CLEAN WATER CLEANUP","16Q","MACHADO LAKE-PHASE I","50EA19","EFT26160000007380","SUPPLIES & OTHER SERVICES",,"10","2016-10 (APR)","2016-04","4","APRIL,2016","APRIL","FMS","ARCADIS U.S., INC.","http://cityclerk.lacity.org/lacityclerkconnect/index.cfm?fa=ccon.viewrecord&contractnum=C-120715","50","GOB 2008A CLEAN WATER CLEANUP","100035931",,"EFT","PAID","GAX501616Q500166",,,"2016-03-30T00:00:00.000","1","1","GAE50CO16120715M","MACHADO LAKE-PHASE I",,,,,,,,,,"1",,,,,,,,,,,"100035931 - ARCADIS U.S. INC"
"3304592","2016","APPROPRIATIONS TO SPECIAL PURPOSE FUND","MIKE PRLICH & SONS INC","2016-04-04T00:00:00.000","8496.27","CO121378","0000953651","GENERAL GOVERNMENT","GOVERNMENTAL","CAPITAL PROJECTS","GOB 2011A CLEAN WATER CLEANUP","16V","BROADWAY STRMWTR GREENWAY","50KXAC","AD26160000056347","IMPROVEMENTS OTHER THAN BUILDINGS",,"10","2016-10 (APR)","2016-04","4","APRIL,2016","APRIL","FMS","MIKE PRLICH & SONS, INC.","http://cityclerk.lacity.org/lacityclerkconnect/index.cfm?fa=ccon.viewrecord&contractnum=C-121378","50","GOB 2011A CLEAN WATER CLEANUP","100002237","91706","CHECK","PAID","GAX501616V500157",,,"2016-03-21T00:00:00.000","1","1","GAE50CO16121378KO","BROADWAY STRMWTR GREENWAY",,,,,,,,,,"1",,,,,,,,,,,"100002237 - MIKE PRLICH & SONS INC"
"3304588","2016","APPROPRIATIONS TO SPECIAL PURPOSE FUND","ARCADIS U.S. INC","2016-04-13T00:00:00.000","6510","CO120715","0000143256","GENERAL GOVERNMENT","GOVERNMENTAL","CAPITAL PROJECTS","GOB 2008A CLEAN WATER CLEANUP","16Q","SMBLFD P3 PH2","50KWAD","AD26160000058467","SUPPLIES & OTHER SERVICES",,"10","2016-10 (APR)","2016-04","4","APRIL,2016","APRIL","FMS","ARCADIS U.S., INC.","http://cityclerk.lacity.org/lacityclerkconnect/index.cfm?fa=ccon.viewrecord&contractnum=C-120715","50","GOB 2008A CLEAN WATER CLEANUP","100035931",,"CHECK","PAID","GAX501616Q500169",,,"2016-04-08T00:00:00.000","1","1","GAE50CO13120715M","SMBLFD P3 PH2",,,,,,,,,,"11",,,,,,,,,,,"100035931 - ARCADIS U.S. INC"
"3304616","2016","APPROPRIATIONS TO SPECIAL PURPOSE FUND","ARCADIS U.S. INC","2016-04-06T00:00:00.000","768.6","CO120715","0000143256","GENERAL GOVERNMENT","GOVERNMENTAL","CAPITAL PROJECTS","GOB 2009 CLEAN WATER CLEANUP","16T","MACHADO LAKE ECOSYSTEM REHAB","50FC19","EFT26160000007237","SUPPLIES & OTHER SERVICES",,"10","2016-10 (APR)","2016-04","4","APRIL,2016","APRIL","FMS","ARCADIS U.S., INC.","http://cityclerk.lacity.org/lacityclerkconnect/index.cfm?fa=ccon.viewrecord&contractnum=C-120715","50","GOB 2009 CLEAN WATER CLEANUP","100035931",,"EFT","PAID","GAX501616T500162",,,"2016-03-23T00:00:00.000","1","1","GAE50CO13120715M","MACHADO LAKE ECOSYSTEM REHAB",,,,,,,,,,"3",,,,,,,,,,,"100035931 - ARCADIS U.S. INC"
"3180223","2016","APPROPRIATIONS TO SPECIAL PURPOSE FUND","MIKE PRLICH & SONS INC","2016-02-11T00:00:00.000","903060.87","CO121378","0000953651","GENERAL GOVERNMENT","GOVERNMENTAL","CAPITAL PROJECTS","GOB 2011A CLEAN WATER CLEANUP","16V","BROADWAY STRMWTR GREENWAY","50KXAC","AD26160000046836","IMPROVEMENTS OTHER THAN BUILDINGS",,"8","2016-08 (FEB)","2016-03","2","FEBRUARY,2016","FEBRUARY","FMS","MIKE PRLICH & SONS, INC.","http://cityclerk.lacity.org/lacityclerkconnect/index.cfm?fa=ccon.viewrecord&contractnum=C-121378","50","GOB 2011A CLEAN WATER CLEANUP","100002237","91706","CHECK","PAID","GAX501616V500122",,,"2016-01-29T00:00:00.000","1","1","GAE50CO16121378KO","BROADWAY STRMWTR GREENWAY",,,,,,,,,,"1",,,,,,,,,,,"100002237 - MIKE PRLICH & SONS INC"
"3172023","2016","APPROPRIATIONS TO SPECIAL PURPOSE FUND","OHL-USA INC","2016-02-11T00:00:00.000","699178.1","CO123672","0002732354","GENERAL GOVERNMENT","GOVERNMENTAL","CAPITAL PROJECTS","GOB 2011A CLEAN WATER CLEANUP","16V","MACHADO LAKE ECOSYSTEM REHAB","50HWAA","AD26160000046846","IMPROVEMENTS OTHER THAN BUILDINGS",,"8","2016-08 (FEB)","2016-03","2","FEBRUARY,2016","FEBRUARY","FMS","OHL USA, INC.","http://cityclerk.lacity.org/lacityclerkconnect/index.cfm?fa=ccon.viewrecord&contractnum=C-123672","50","GOB 2011A CLEAN WATER CLEANUP","VC0000014741",,"CHECK","PAID","GAX501616V500124",,,"2016-01-29T00:00:00.000","1","1","GAE50CO14123672KO","MACHADO LAKE ECOSYSTEM REHAB",,,,,,,,,,"1",,,,,,,,,,,"VC0000014741 - OHL-USA INC"
"3180224","2016","APPROPRIATIONS TO SPECIAL PURPOSE FUND","MIKE PRLICH & SONS INC","2016-02-10T00:00:00.000","43730.83","CO121378","0000953651","GENERAL GOVERNMENT","GOVERNMENTAL","CAPITAL PROJECTS","GOB 2011A CLEAN WATER CLEANUP","16V","BROADWAY STRMWTR GREENWAY","50KXAC","AD26160000046628","IMPROVEMENTS OTHER THAN BUILDINGS",,"8","2016-08 (FEB)","2016-03","2","FEBRUARY,2016","FEBRUARY","FMS","MIKE PRLICH & SONS, INC.","http://cityclerk.lacity.org/lacityclerkconnect/index.cfm?fa=ccon.viewrecord&contractnum=C-121378","50","GOB 2011A CLEAN WATER CLEANUP","100002237","91706","CHECK","PAID","GAX501616V500123",,,"2016-01-29T00:00:00.000","1","1","GAE50CO16121378KO","BROADWAY STRMWTR GREENWAY",,,,,,,,,,"1",,,,,,,,,,,"100002237 - MIKE PRLICH & SONS INC"
"3180231","2016","APPROPRIATIONS TO SPECIAL PURPOSE FUND","CAROLLO ENGINEERS APC","2016-02-16T00:00:00.000","37068.5","CO124324","0000659039","GENERAL GOVERNMENT","GOVERNMENTAL","CAPITAL PROJECTS","GOB 2009 CLEAN WATER CLEANUP","16T","PROP O OPTIMIZATION","50KYAF","AD26160000047378","SUPPLIES & OTHER SERVICES",,"8","2016-08 (FEB)","2016-03","2","FEBRUARY,2016","FEBRUARY","FMS","CAROLLO ENGINEERS, INC.","http://cityclerk.lacity.org/lacityclerkconnect/index.cfm?fa=ccon.viewrecord&contractnum=C-124324","50","GOB 2009 CLEAN WATER CLEANUP","100024382",,"CHECK","PAID","GAX501616T500126",,,"2015-12-18T00:00:00.000","1","1","GAE50CO16124324MC","PROP O OPTIMIZATION",,,,,,,,,,"1",,,,,,,,,,,"100024382 - CAROLLO ENGINEERS APC"
"3172024","2016","APPROPRIATIONS TO SPECIAL PURPOSE FUND","OHL-USA INC","2016-02-12T00:00:00.000","36798.85","CO123672","0002732354","GENERAL GOVERNMENT","GOVERNMENTAL","CAPITAL PROJECTS","GOB 2011A CLEAN WATER CLEANUP","16V","MACHADO LAKE ECOSYSTEM REHAB","50HWAA","EFT26160000005899","IMPROVEMENTS OTHER THAN BUILDINGS",,"8","2016-08 (FEB)","2016-03","2","FEBRUARY,2016","FEBRUARY","FMS","OHL USA, INC.","http://cityclerk.lacity.org/lacityclerkconnect/index.cfm?fa=ccon.viewrecord&contractnum=C-123672","50","GOB 2011A CLEAN WATER CLEANUP","VC0000014741","10017","EFT","PAID","GAX501616V500125",,,"2016-01-29T00:00:00.000","1","1","GAE50CO14123672KO","MACHADO LAKE ECOSYSTEM REHAB",,,,,,,,,,"1",,,,,,,,,,,"VC0000014741 - OHL-USA INC"
"3172022","2016","APPROPRIATIONS TO SPECIAL PURPOSE FUND","CDM SMITH INC","2016-02-22T00:00:00.000","31821.6","CO120703","0002002979","GENERAL GOVERNMENT","GOVERNMENTAL","CAPITAL PROJECTS","GOB 2011A CLEAN WATER CLEANUP","16V","MACHADO LAKE ECOSYSTEM REHAB","50HWAA","AD26160000048334","SUPPLIES & OTHER SERVICES",,"8","2016-08 (FEB)","2016-03","2","FEBRUARY,2016","FEBRUARY","FMS","CDM SMITH INC.","http://cityclerk.lacity.org/lacityclerkconnect/index.cfm?fa=ccon.viewrecord&contractnum=C-120703","50","GOB 2011A CLEAN WATER CLEANUP","100001119",,"CHECK","PAID","GAX501616V500129",,,"2015-12-18T00:00:00.000","1","1","GAE50CO13120703M","MACHADO LAKE ECOSYSTEM REHAB",,,,,,,,,,"5",,,,,,,,,,,"100001119 - CDM SMITH INC"
"3180230","2016","APPROPRIATIONS TO SPECIAL PURPOSE FUND","CAROLLO ENGINEERS APC","2016-02-22T00:00:00.000","28232.28","CO124324","0000659039","GENERAL GOVERNMENT","GOVERNMENTAL","CAPITAL PROJECTS","GOB 2009 CLEAN WATER CLEANUP","16T","PROP O OPTIMIZATION","50KYAF","AD26160000048337","SUPPLIES & OTHER SERVICES",,"8","2016-08 (FEB)","2016-03","2","FEBRUARY,2016","FEBRUARY","FMS","CAROLLO ENGINEERS, INC.","http://cityclerk.lacity.org/lacityclerkconnect/index.cfm?fa=ccon.viewrecord&contractnum=C-124324","50","GOB 2009 CLEAN WATER CLEANUP","100024382",,"CHECK","PAID","GAX501616T500130",,,"2016-02-18T00:00:00.000","1","1","GAE50CO16124324MC","PROP O OPTIMIZATION",,,,,,,,,,"1",,,,,,,,,,,"100024382 - CAROLLO ENGINEERS APC"
"3173055","2016","APPROPRIATIONS TO SPECIAL PURPOSE FUND","INTEGRA REALTY RESOURCES","2016-02-17T00:00:00.000","5000",,"0000000000","GENERAL GOVERNMENT","GOVERNMENTAL","CAPITAL PROJECTS","GOB 2009 CLEAN WATER CLEANUP","16T","TEMESCAL CANYON PRK PHASE II","50FD17","AD26160000047675","SUPPLIES & OTHER SERVICES",,"8","2016-08 (FEB)","2016-03","2","FEBRUARY,2016","FEBRUARY","FMS",,,"50","GOB 2009 CLEAN WATER CLEANUP","100031733",,"CHECK","PAID","GAX501616T500127",,,"2015-10-19T00:00:00.000","1","1","GAEAE50AE1616T001M","TEMESCAL CANYON PRK PHASE II",,,,,,,,,,"1",,,,,,,,,,,"100031733 - INTEGRA REALTY RESOURCES"
"3172019","2016","APPROPRIATIONS TO SPECIAL PURPOSE FUND","INTEGRA REALTY RESOURCES","2016-02-17T00:00:00.000","4500",,"0000000000","GENERAL GOVERNMENT","GOVERNMENTAL","CAPITAL PROJECTS","GOB 2009 CLEAN WATER CLEANUP","16T","PENMAR WATER QLTY PHASE II","50FZAA","AD26160000047675","SUPPLIES & OTHER SERVICES",,"8","2016-08 (FEB)","2016-03","2","FEBRUARY,2016","FEBRUARY","FMS",,,"50","GOB 2009 CLEAN WATER CLEANUP","100031733",,"CHECK","PAID","GAX501616T500127",,,"2015-10-19T00:00:00.000","1","2","GAEAE50AE1616T001M","PENMAR WATER QLTY PHASE II",,,,,,,,,,"2",,,,,,,,,,,"100031733 - INTEGRA REALTY RESOURCES"
"3172020","2016","APPROPRIATIONS TO SPECIAL PURPOSE FUND","EICHEL INC","2016-02-17T00:00:00.000","2000",,"0000509356","GENERAL GOVERNMENT","GOVERNMENTAL","CAPITAL PROJECTS","GOB 2009 CLEAN WATER CLEANUP","16T","PENMAR WATER QLTY PHASE II","50FZAA","AD26160000047672","SUPPLIES & OTHER SERVICES",,"8","2016-08 (FEB)","2016-03","2","FEBRUARY,2016","FEBRUARY","FMS",,,"50","GOB 2009 CLEAN WATER CLEANUP","100001694","91335","CHECK","PAID","GAX501616T500128",,,"2015-10-19T00:00:00.000","1","1","GAEAE50AE1616T003M","PENMAR WATER QLTY PHASE II",,,,,,,,,,"1",,,,,,,,,,,"100001694 - EICHEL INC"
"3173056","2016","APPROPRIATIONS TO SPECIAL PURPOSE FUND","EICHEL INC","2016-02-17T00:00:00.000","2000",,"0000509356","GENERAL GOVERNMENT","GOVERNMENTAL","CAPITAL PROJECTS","GOB 2009 CLEAN WATER CLEANUP","16T","TEMESCAL CANYON PRK PHASE II","50FD17","AD26160000047672","SUPPLIES & OTHER SERVICES",,"8","2016-08 (FEB)","2016-03","2","FEBRUARY,2016","FEBRUARY","FMS",,,"50","GOB 2009 CLEAN WATER CLEANUP","100001694","91335","CHECK","PAID","GAX501616T500128",,,"2015-10-19T00:00:00.000","1","2","GAEAE50AE1616T003M","TEMESCAL CANYON PRK PHASE II",,,,,,,,,,"2",,,,,,,,,,,"100001694 - EICHEL INC"
"3023509","2016","APPROPRIATIONS TO SPECIAL PURPOSE FUND","OHL-USA INC","2016-01-21T00:00:00.000","2269987.63","CO123672","0002732354","GENERAL GOVERNMENT","GOVERNMENTAL","CAPITAL PROJECTS","GOB 2011A CLEAN WATER CLEANUP","16V","MACHADO LAKE ECOSYSTEM REHAB","50HWAA","AD26160000042682","IMPROVEMENTS OTHER THAN BUILDINGS",,"7","2016-07 (JAN)","2016-03","1","JANUARY,2016","JANUARY","FMS","OHL USA, INC.","http://cityclerk.lacity.org/lacityclerkconnect/index.cfm?fa=ccon.viewrecord&contractnum=C-123672","50","GOB 2011A CLEAN WATER CLEANUP","VC0000014741",,"CHECK","PAID","GAX501616V500116",,,"2016-01-14T00:00:00.000","1","1","GAE50CO14123672KO","MACHADO LAKE ECOSYSTEM REHAB",,,,,,,,,,"1",,,,,,,,,,,"VC0000014741 - OHL-USA INC"
"3030642","2016","APPROPRIATIONS TO SPECIAL PURPOSE FUND","TETRA TECH INC","2016-01-13T00:00:00.000","126216","CO120705","0000697684","GENERAL GOVERNMENT","GOVERNMENTAL","CAPITAL PROJECTS","GOB 2009 CLEAN WATER CLEANUP","16T","ALBION RIVERSIDE PARK IMPROVEMENTS","50KXAD","AD26160000041266","SUPPLIES & OTHER SERVICES",,"7","2016-07 (JAN)","2016-03","1","JANUARY,2016","JANUARY","FMS","TETRA TECH, INC.","http://cityclerk.lacity.org/lacityclerkconnect/index.cfm?fa=ccon.viewrecord&contractnum=C-120705","50","GOB 2009 CLEAN WATER CLEANUP","100001158",,"CHECK","PAID","GAX501616T500114",,,"2015-12-17T00:00:00.000","1","1","GAE50CO13120705M","ALBION RIVERSIDE PARK IMPROVEMENTS",,,,,,,,,,"2",,,,,,,,,,,"100001158 - TETRA TECH INC"
"3023508","2016","APPROPRIATIONS TO SPECIAL PURPOSE FUND","OHL-USA INC","2016-01-22T00:00:00.000","119473.03","CO123672","0002732354","GENERAL GOVERNMENT","GOVERNMENTAL","CAPITAL PROJECTS","GOB 2011A CLEAN WATER CLEANUP","16V","MACHADO LAKE ECOSYSTEM REHAB","50HWAA","EFT26160000005363","IMPROVEMENTS OTHER THAN BUILDINGS",,"7","2016-07 (JAN)","2016-03","1","JANUARY,2016","JANUARY","FMS","OHL USA, INC.","http://cityclerk.lacity.org/lacityclerkconnect/index.cfm?fa=ccon.viewrecord&contractnum=C-123672","50","GOB 2011A CLEAN WATER CLEANUP","VC0000014741","10017","EFT","PAID","GAX501616V500117",,,"2016-01-14T00:00:00.000","1","1","GAE50CO14123672KO","MACHADO LAKE ECOSYSTEM REHAB",,,,,,,,,,"1",,,,,,,,,,,"VC0000014741 - OHL-USA INC"
"3030600","2016","APPROPRIATIONS TO SPECIAL PURPOSE FUND","FORD E C INC","2016-01-21T00:00:00.000","104529.65","CO123562","0000115993","GENERAL GOVERNMENT","GOVERNMENTAL","CAPITAL PROJECTS","GOB 2008A CLEAN WATER CLEANUP","16Q","SMBLFD P3 PH2","50KWAD","EFT26160000005342","IMPROVEMENTS OTHER THAN BUILDINGS",,"7","2016-07 (JAN)","2016-03","1","JANUARY,2016","JANUARY","FMS","FORD E.C., INC","http://cityclerk.lacity.org/lacityclerkconnect/index.cfm?fa=ccon.viewrecord&contractnum=C-123562","50","GOB 2008A CLEAN WATER CLEANUP","100002252",,"EFT","PAID","GAX501616Q500115",,,"2016-01-12T00:00:00.000","1","1","GAE50CO14123562K","SMBLFD P3 PH2",,,,,,,,,,"1",,,,,,,,,,,"100002252 - FORD E C INC"
"3030717","2016","APPROPRIATIONS TO SPECIAL PURPOSE FUND","ARCADIS U.S. INC","2016-01-04T00:00:00.000","78425.53","CO120715","0000143256","GENERAL GOVERNMENT","GOVERNMENTAL","CAPITAL PROJECTS","GOB 2008A CLEAN WATER CLEANUP","16Q","SMBLFD P3 PH2","50KWAD","AD26160000039384","SUPPLIES & OTHER SERVICES",,"7","2016-07 (JAN)","2016-03","1","JANUARY,2016","JANUARY","FMS","ARCADIS U.S., INC.","http://cityclerk.lacity.org/lacityclerkconnect/index.cfm?fa=ccon.viewrecord&contractnum=C-120715","50","GOB 2008A CLEAN WATER CLEANUP","100035931",,"CHECK","PAID","GAX501616Q500111",,,"2015-10-23T00:00:00.000","1","1","GAE50CO13120715M","SMBLFD P3 PH2",,,,,,,,,,"10",,,,,,,,,,,"100035931 - ARCADIS U.S. INC"
"3025161","2016","APPROPRIATIONS TO SPECIAL PURPOSE FUND","FORD E C INC","2016-01-29T00:00:00.000","42070","CO122099","0000115993","GENERAL GOVERNMENT","GOVERNMENTAL","CAPITAL PROJECTS","GOB 2009 CLEAN WATER CLEANUP","16T","MACHADO LAKE-PHASE I","50FC18","AD26160000044199","IMPROVEMENTS OTHER THAN BUILDINGS",,"7","2016-07 (JAN)","2016-03","1","JANUARY,2016","JANUARY","FMS","FORD E.C., INC","http://cityclerk.lacity.org/lacityclerkconnect/index.cfm?fa=ccon.viewrecord&contractnum=C-122099","50","GOB 2009 CLEAN WATER CLEANUP","100002252",,"CHECK","PAID","GAX501616T500121",,,"2016-01-28T00:00:00.000","1","1","GAE50CO13122099K","MACHADO LAKE-PHASE I",,,,,,,,,,"1",,,,,,,,,,,"100002252 - FORD E C INC"
"3030595","2016","APPROPRIATIONS TO SPECIAL PURPOSE FUND","CAROLLO ENGINEERS APC","2016-01-26T00:00:00.000","39002.4","CO124324","0000659039","GENERAL GOVERNMENT","GOVERNMENTAL","CAPITAL PROJECTS","GOB 2009 CLEAN WATER CLEANUP","16T","PROP O OPTIMIZATION","50KYAF","AD26160000043390","SUPPLIES & OTHER SERVICES",,"7","2016-07 (JAN)","2016-03","1","JANUARY,2016","JANUARY","FMS","CAROLLO ENGINEERS, INC.","http://cityclerk.lacity.org/lacityclerkconnect/index.cfm?fa=ccon.viewrecord&contractnum=C-124324","50","GOB 2009 CLEAN WATER CLEANUP","100024382",,"CHECK","PAID","GAX501616T500118",,,"2015-12-18T00:00:00.000","1","1","GAE50CO16124324MC","PROP O OPTIMIZATION",,,,,,,,,,"1",,,,,,,,,,,"100024382 - CAROLLO ENGINEERS APC"
"3030492","2016","APPROPRIATIONS TO SPECIAL PURPOSE FUND","FORD E C INC","2016-01-19T00:00:00.000","29497.76","CO123562","0000115993","GENERAL GOVERNMENT","GOVERNMENTAL","CAPITAL PROJECTS","GOB 2009 CLEAN WATER CLEANUP","16T","SMBLFD P3 PH II","50FWAC","AD26160000042189","IMPROVEMENTS OTHER THAN BUILDINGS",,"7","2016-07 (JAN)","2016-03","1","JANUARY,2016","JANUARY","FMS","FORD E.C., INC","http://cityclerk.lacity.org/lacityclerkconnect/index.cfm?fa=ccon.viewrecord&contractnum=C-123562","50","GOB 2009 CLEAN WATER CLEANUP","100002252",,"CHECK","PAID","GAX501616T500116",,,"2016-01-12T00:00:00.000","2","1","GAE50CO14123562K","SMBLFD P3 PH II",,,,,,,,,,"2",,,,,,,,,,,"100002252 - FORD E C INC"
"3023511","2016","APPROPRIATIONS TO SPECIAL PURPOSE FUND","CDM SMITH INC","2016-01-26T00:00:00.000","19707.13","CO120703","0002002979","GENERAL GOVERNMENT","GOVERNMENTAL","CAPITAL PROJECTS","GOB 2011A CLEAN WATER CLEANUP","16V","MACHADO LAKE ECOSYSTEM REHAB","50HWAA","AD26160000043386","SUPPLIES & OTHER SERVICES",,"7","2016-07 (JAN)","2016-03","1","JANUARY,2016","JANUARY","FMS","CDM SMITH INC.","http://cityclerk.lacity.org/lacityclerkconnect/index.cfm?fa=ccon.viewrecord&contractnum=C-120703","50","GOB 2011A CLEAN WATER CLEANUP","100001119",,"CHECK","PAID","GAX501616V500120",,,"2015-12-29T00:00:00.000","1","2","GAE50CO13120703M","MACHADO LAKE ECOSYSTEM REHAB",,,,,,,,,,"5",,,,,,,,,,,"100001119 - CDM SMITH INC"
"3030715","2016","APPROPRIATIONS TO SPECIAL PURPOSE FUND","ARCADIS U.S. INC","2016-01-11T00:00:00.000","17702.83","CO120715","0000143256","GENERAL GOVERNMENT","GOVERNMENTAL","CAPITAL PROJECTS","GOB 2011A CLEAN WATER CLEANUP","16V","BROADWAY STRMWTR GREENWAY","50KXAC","AD26160000040706","SUPPLIES & OTHER SERVICES",,"7","2016-07 (JAN)","2016-03","1","JANUARY,2016","JANUARY","FMS","ARCADIS U.S., INC.","http://cityclerk.lacity.org/lacityclerkconnect/index.cfm?fa=ccon.viewrecord&contractnum=C-120715","50","GOB 2011A CLEAN WATER CLEANUP","100035931",,"CHECK","PAID","GAX501616V500113",,,"2015-12-14T00:00:00.000","1","2","GAE50CO13120715M","BROADWAY STRMWTR GREENWAY",,,,,,,,,,"12",,,,,,,,,,,"100035931 - ARCADIS U.S. INC"
"3023510","2016","APPROPRIATIONS TO SPECIAL PURPOSE FUND","CDM SMITH INC","2016-01-26T00:00:00.000","13267.33","CO120703","0002002979","GENERAL GOVERNMENT","GOVERNMENTAL","CAPITAL PROJECTS","GOB 2011A CLEAN WATER CLEANUP","16V","MACHADO LAKE ECOSYSTEM REHAB","50HWAA","AD26160000043386","SUPPLIES & OTHER SERVICES",,"7","2016-07 (JAN)","2016-03","1","JANUARY,2016","JANUARY","FMS","CDM SMITH INC.","http://cityclerk.lacity.org/lacityclerkconnect/index.cfm?fa=ccon.viewrecord&contractnum=C-120703","50","GOB 2011A CLEAN WATER CLEANUP","100001119",,"CHECK","PAID","GAX501616V500119",,,"2015-12-22T00:00:00.000","1","1","GAE50CO13120703M","MACHADO LAKE ECOSYSTEM REHAB",,,,,,,,,,"5",,,,,,,,,,,"100001119 - CDM SMITH INC"
"3030716","2016","APPROPRIATIONS TO SPECIAL PURPOSE FUND","ARCADIS U.S. INC","2016-01-11T00:00:00.000","6684.92","CO120715","0000143256","GENERAL GOVERNMENT","GOVERNMENTAL","CAPITAL PROJECTS","GOB 2011A CLEAN WATER CLEANUP","16V","BROADWAY STRMWTR GREENWAY","50KXAC","AD26160000040706","SUPPLIES & OTHER SERVICES",,"7","2016-07 (JAN)","2016-03","1","JANUARY,2016","JANUARY","FMS","ARCADIS U.S., INC.","http://cityclerk.lacity.org/lacityclerkconnect/index.cfm?fa=ccon.viewrecord&contractnum=C-120715","50","GOB 2011A CLEAN WATER CLEANUP","100035931",,"CHECK","PAID","GAX501616V500113",,,"2015-12-14T00:00:00.000","1","1","GAE50CO13120715M","BROADWAY STRMWTR GREENWAY",,,,,,,,,,"7",,,,,,,,,,,"100035931 - ARCADIS U.S. INC"
"2977481","2016","APPROPRIATIONS TO SPECIAL PURPOSE FUND","OHL-USA INC","2015-12-16T00:00:00.000","2373264.8","CO123672","0002732354","GENERAL GOVERNMENT","GOVERNMENTAL","CAPITAL PROJECTS","GOB 2011A CLEAN WATER CLEANUP","16V","MACHADO LAKE ECOSYSTEM REHAB","50HYAC","AD26160000036644","IMPROVEMENTS OTHER THAN BUILDINGS",,"6","2016-06 (DEC)","2016-02","12","DECEMBER,2015","DECEMBER","FMS","OHL USA, INC.","http://cityclerk.lacity.org/lacityclerkconnect/index.cfm?fa=ccon.viewrecord&contractnum=C-123672","50","GOB 2011A CLEAN WATER CLEANUP","VC0000014741",,"CHECK","PAID","GAX501616V500101",,,"2015-12-08T00:00:00.000","1","1","GAE50CO14123672KO","MACHADO LAKE ECOSYSTEM REHAB",,,,,,,,,,"2",,,,,,,,,,,"VC0000014741 - OHL-USA INC"
"2986774","2016","APPROPRIATIONS TO SPECIAL PURPOSE FUND","MIKE PRLICH & SONS INC","2015-12-30T00:00:00.000","387319.08","CO121378","0000953651","GENERAL GOVERNMENT","GOVERNMENTAL","CAPITAL PROJECTS","GOB 2011A CLEAN WATER CLEANUP","16V","BROADWAY STRMWTR GREENWAY","50KXAC","AD26160000039034","IMPROVEMENTS OTHER THAN BUILDINGS",,"6","2016-06 (DEC)","2016-02","12","DECEMBER,2015","DECEMBER","FMS","MIKE PRLICH & SONS, INC.","http://cityclerk.lacity.org/lacityclerkconnect/index.cfm?fa=ccon.viewrecord&contractnum=C-121378","50","GOB 2011A CLEAN WATER CLEANUP","100002237","91706","CHECK","PAID","GAX501616V500111",,,"2015-12-18T00:00:00.000","1","1","GAE50CO16121378KO","BROADWAY STRMWTR GREENWAY",,,,,,,,,,"1",,,,,,,,,,,"100002237 - MIKE PRLICH & SONS INC"
"2981093","2016","APPROPRIATIONS TO SPECIAL PURPOSE FUND","AECOM TECHNICAL SERVICES, INC","2015-12-22T00:00:00.000","280300","CO120714","0000050695","GENERAL GOVERNMENT","GOVERNMENTAL","CAPITAL PROJECTS","GOB 2009 CLEAN WATER CLEANUP","16T","WESTCHESTER STORMWATER BMP","50FA28","AD26160000037706","SUPPLIES & OTHER SERVICES",,"6","2016-06 (DEC)","2016-02","12","DECEMBER,2015","DECEMBER","FMS","AECOM TECHNICAL SERVICES, INC.","http://cityclerk.lacity.org/lacityclerkconnect/index.cfm?fa=ccon.viewrecord&contractnum=C-120714","50","GOB 2009 CLEAN WATER CLEANUP","100032542","60674","CHECK","PAID","GAX501616T500107",,,"2015-09-29T00:00:00.000","1","2","GAE50CO13120714M","WESTCHESTER STORMWATER BMP",,,,,,,,,,"3",,,,,,,,,,,"100032542 - AECOM TECHNICAL SERVICES, INC"
"2986776","2016","APPROPRIATIONS TO SPECIAL PURPOSE FUND","MIKE PRLICH & SONS INC","2015-12-03T00:00:00.000","165119.5","CO121378","0000953651","GENERAL GOVERNMENT","GOVERNMENTAL","CAPITAL PROJECTS","GOB 2011A CLEAN WATER CLEANUP","16V","BROADWAY STRMWTR GREENWAY","50KXAC","AD26160000033853","IMPROVEMENTS OTHER THAN BUILDINGS",,"6","2016-06 (DEC)","2016-02","12","DECEMBER,2015","DECEMBER","FMS","MIKE PRLICH & SONS, INC.","http://cityclerk.lacity.org/lacityclerkconnect/index.cfm?fa=ccon.viewrecord&contractnum=C-121378","50","GOB 2011A CLEAN WATER CLEANUP","100002237","91706","CHECK","PAID","GAX501616V500096",,,"2015-11-25T00:00:00.000","1","1","GAE50CO16121378KO","BROADWAY STRMWTR GREENWAY",,,,,,,,,,"1",,,,,,,,,,,"100002237 - MIKE PRLICH & SONS INC"
"2981091","2016","APPROPRIATIONS TO SPECIAL PURPOSE FUND","AECOM TECHNICAL SERVICES, INC","2015-12-22T00:00:00.000","138000","CO120714","0000050695","GENERAL GOVERNMENT","GOVERNMENTAL","CAPITAL PROJECTS","GOB 2009 CLEAN WATER CLEANUP","16T","WESTCHESTER STORMWATER BMP","50FA28","AD26160000037706","SUPPLIES & OTHER SERVICES",,"6","2016-06 (DEC)","2016-02","12","DECEMBER,2015","DECEMBER","FMS","AECOM TECHNICAL SERVICES, INC.","http://cityclerk.lacity.org/lacityclerkconnect/index.cfm?fa=ccon.viewrecord&contractnum=C-120714","50","GOB 2009 CLEAN WATER CLEANUP","100032542","60674","CHECK","PAID","GAX501616T500106",,,"2015-12-14T00:00:00.000","1","1","GAE50CO13120714M","WESTCHESTER STORMWATER BMP",,,,,,,,,,"3",,,,,,,,,,,"100032542 - AECOM TECHNICAL SERVICES, INC"
"2977480","2016","APPROPRIATIONS TO SPECIAL PURPOSE FUND","OHL-USA INC","2015-12-17T00:00:00.000","124908.68","CO123672","0002732354","GENERAL GOVERNMENT","GOVERNMENTAL","CAPITAL PROJECTS","GOB 2011A CLEAN WATER CLEANUP","16V","MACHADO LAKE ECOSYSTEM REHAB","50HYAC","EFT26160000004249","IMPROVEMENTS OTHER THAN BUILDINGS",,"6","2016-06 (DEC)","2016-02","12","DECEMBER,2015","DECEMBER","FMS","OHL USA, INC.","http://cityclerk.lacity.org/lacityclerkconnect/index.cfm?fa=ccon.viewrecord&contractnum=C-123672","50","GOB 2011A CLEAN WATER CLEANUP","VC0000014741","10017","EFT","PAID","GAX501616V500102",,,"2015-12-08T00:00:00.000","1","1","GAE50CO14123672KO","MACHADO LAKE ECOSYSTEM REHAB",,,,,,,,,,"2",,,,,,,,,,,"VC0000014741 - OHL-USA INC"
"2986777","2016","APPROPRIATIONS TO SPECIAL PURPOSE FUND","CAROLLO ENGINEERS APC","2015-12-03T00:00:00.000","117945.53","CO120707","0000659039","GENERAL GOVERNMENT","GOVERNMENTAL","CAPITAL PROJECTS","GOB 2011A CLEAN WATER CLEANUP","16V","BROADWAY STRMWTR GREENWAY","50KXAC","AD26160000033860","SUPPLIES & OTHER SERVICES",,"6","2016-06 (DEC)","2016-02","12","DECEMBER,2015","DECEMBER","FMS","CAROLLO ENGINEERS","http://cityclerk.lacity.org/lacityclerkconnect/index.cfm?fa=ccon.viewrecord&contractnum=C-120707","50","GOB 2011A CLEAN WATER CLEANUP","100024382",,"CHECK","PAID","GAX501616V500098",,,"2015-11-12T00:00:00.000","1","1","GAE50CO13120707M","BROADWAY STRMWTR GREENWAY",,,,,,,,,,"3",,,,,,,,,,,"100024382 - CAROLLO ENGINEERS APC"
"2986858","2016","APPROPRIATIONS TO SPECIAL PURPOSE FUND","TETRA TECH INC","2015-12-03T00:00:00.000","116218.9","CO120705","0000697684","GENERAL GOVERNMENT","GOVERNMENTAL","CAPITAL PROJECTS","GOB 2008A CLEAN WATER CLEANUP","16Q","ALISO CREEK-LIMEKILN CREEK RESTORATION","50KYAG","AD26160000033852","SUPPLIES & OTHER SERVICES",,"6","2016-06 (DEC)","2016-02","12","DECEMBER,2015","DECEMBER","FMS","TETRA TECH, INC.","http://cityclerk.lacity.org/lacityclerkconnect/index.cfm?fa=ccon.viewrecord&contractnum=C-120705","50","GOB 2008A CLEAN WATER CLEANUP","100001158",,"CHECK","PAID","GAX501616Q500099",,,"2015-11-12T00:00:00.000","1","1","GAE50CO13120705M","ALISO CREEK-LIMEKILN CREEK RESTORATION",,,,,,,,,,"5",,,,,,,,,,,"100001158 - TETRA TECH INC"
"2981092","2016","APPROPRIATIONS TO SPECIAL PURPOSE FUND","AECOM TECHNICAL SERVICES, INC","2015-12-22T00:00:00.000","115640","CO120714","0000050695","GENERAL GOVERNMENT","GOVERNMENTAL","CAPITAL PROJECTS","GOB 2009 CLEAN WATER CLEANUP","16T","WESTCHESTER STORMWATER BMP","50FA28","AD26160000037706","SUPPLIES & OTHER SERVICES",,"6","2016-06 (DEC)","2016-02","12","DECEMBER,2015","DECEMBER","FMS","AECOM TECHNICAL SERVICES, INC.","http://cityclerk.lacity.org/lacityclerkconnect/index.cfm?fa=ccon.viewrecord&contractnum=C-120714","50","GOB 2009 CLEAN WATER CLEANUP","100032542","60674","CHECK","PAID","GAX501616T500108",,,"2015-11-10T00:00:00.000","1","3","GAE50CO13120714M","WESTCHESTER STORMWATER BMP",,,,,,,,,,"3",,,,,,,,,,,"100032542 - AECOM TECHNICAL SERVICES, INC"
"2977478","2016","APPROPRIATIONS TO SPECIAL PURPOSE FUND","CAROLLO ENGINEERS APC","2015-12-28T00:00:00.000","94739","CO120707","0000659039","GENERAL GOVERNMENT","GOVERNMENTAL","CAPITAL PROJECTS","GOB 2009 CLEAN WATER CLEANUP","16T","PENMAR WATER QLTY PHASE II","50FZAA","AD26160000038555","SUPPLIES & OTHER SERVICES",,"6","2016-06 (DEC)","2016-02","12","DECEMBER,2015","DECEMBER","FMS","CAROLLO ENGINEERS","http://cityclerk.lacity.org/lacityclerkconnect/index.cfm?fa=ccon.viewrecord&contractnum=C-120707","50","GOB 2009 CLEAN WATER CLEANUP","100024382",,"CHECK","PAID","GAX501616T500110",,,"2015-11-23T00:00:00.000","1","3","GAE50CO13120707M","PENMAR WATER QLTY PHASE II",,,,,,,,,,"1",,,,,,,,,,,"100024382 - CAROLLO ENGINEERS APC"
"2978497","2016","APPROPRIATIONS TO SPECIAL PURPOSE FUND","CAROLLO ENGINEERS APC","2015-12-28T00:00:00.000","89842","CO120707","0000659039","GENERAL GOVERNMENT","GOVERNMENTAL","CAPITAL PROJECTS","GOB 2009 CLEAN WATER CLEANUP","16T","TEMESCAL CANYON PRK PHASE II","50FD17","AD26160000038555","SUPPLIES & OTHER SERVICES",,"6","2016-06 (DEC)","2016-02","12","DECEMBER,2015","DECEMBER","FMS","CAROLLO ENGINEERS","http://cityclerk.lacity.org/lacityclerkconnect/index.cfm?fa=ccon.viewrecord&contractnum=C-120707","50","GOB 2009 CLEAN WATER CLEANUP","100024382",,"CHECK","PAID","GAX501616T500110",,,"2015-11-23T00:00:00.000","1","4","GAE50CO13120707M","TEMESCAL CANYON PRK PHASE II",,,,,,,,,,"2",,,,,,,,,,,"100024382 - CAROLLO ENGINEERS APC"
"2986786","2016","APPROPRIATIONS TO SPECIAL PURPOSE FUND","THE TRUST FOR PUBLIC LAND","2015-12-02T00:00:00.000","89027.21","CO124362","0002461342","GENERAL GOVERNMENT","GOVERNMENTAL","CAPITAL PROJECTS","GOB 2011A CLEAN WATER CLEANUP","16V","AVALON GREEN ALLEY SOUTH","50KXAB","AD26160000033581","SUPPLIES & OTHER SERVICES",,"6","2016-06 (DEC)","2016-02","12","DECEMBER,2015","DECEMBER","FMS","THE TRUST FOR PUBLIC LAND","http://cityclerk.lacity.org/lacityclerkconnect/index.cfm?fa=ccon.viewrecord&contractnum=C-124362","50","GOB 2011A CLEAN WATER CLEANUP","100038842","94104","CHECK","PAID","GAX501616V500089",,,"2015-10-30T00:00:00.000","1","1","GAE50CO16124362M","AVALON GREEN ALLEY SOUTH",,,,,,,,,,"1",,,,,,,,,,,"100038842 - THE TRUST FOR PUBLIC LAND"
"2986792","2016","APPROPRIATIONS TO SPECIAL PURPOSE FUND","CAROLLO ENGINEERS APC","2015-12-02T00:00:00.000","50564.94","CO124324","0000659039","GENERAL GOVERNMENT","GOVERNMENTAL","CAPITAL PROJECTS","GOB 2009 CLEAN WATER CLEANUP","16T","PROP O OPTIMIZATION","50KYAF","AD26160000033577","SUPPLIES & OTHER SERVICES",,"6","2016-06 (DEC)","2016-02","12","DECEMBER,2015","DECEMBER","FMS","CAROLLO ENGINEERS, INC.","http://cityclerk.lacity.org/lacityclerkconnect/index.cfm?fa=ccon.viewrecord&contractnum=C-124324","50","GOB 2009 CLEAN WATER CLEANUP","100024382",,"CHECK","PAID","GAX501616T500091",,,"2015-10-28T00:00:00.000","1","1","GAE50CO16124324MC","PROP O OPTIMIZATION",,,,,,,,,,"1",,,,,,,,,,,"100024382 - CAROLLO ENGINEERS APC"
"2986791","2016","APPROPRIATIONS TO SPECIAL PURPOSE FUND","CAROLLO ENGINEERS APC","2015-12-02T00:00:00.000","46158.21","CO124324","0000659039","GENERAL GOVERNMENT","GOVERNMENTAL","CAPITAL PROJECTS","GOB 2009 CLEAN WATER CLEANUP","16T","PROP O OPTIMIZATION","50KYAF","AD26160000033577","SUPPLIES & OTHER SERVICES",,"6","2016-06 (DEC)","2016-02","12","DECEMBER,2015","DECEMBER","FMS","CAROLLO ENGINEERS, INC.","http://cityclerk.lacity.org/lacityclerkconnect/index.cfm?fa=ccon.viewrecord&contractnum=C-124324","50","GOB 2009 CLEAN WATER CLEANUP","100024382",,"CHECK","PAID","GAX501616T500091",,,"2015-11-13T00:00:00.000","1","2","GAE50CO16124324MC","PROP O OPTIMIZATION",,,,,,,,,,"2",,,,,,,,,,,"100024382 - CAROLLO ENGINEERS APC"
"2986857","2016","APPROPRIATIONS TO SPECIAL PURPOSE FUND","TETRA TECH INC","2015-12-02T00:00:00.000","31352.05","CO120705","0000697684","GENERAL GOVERNMENT","GOVERNMENTAL","CAPITAL PROJECTS","GOB 2009 CLEAN WATER CLEANUP","16T","ALBION RIVERSIDE PARK IMPROVEMENTS","50KXAD","AD26160000033572","SUPPLIES & OTHER SERVICES",,"6","2016-06 (DEC)","2016-02","12","DECEMBER,2015","DECEMBER","FMS","TETRA TECH, INC.","http://cityclerk.lacity.org/lacityclerkconnect/index.cfm?fa=ccon.viewrecord&contractnum=C-120705","50","GOB 2009 CLEAN WATER CLEANUP","100001158",,"CHECK","PAID","GAX501616T500093",,,"2015-11-16T00:00:00.000","1","2","GAE50CO13120705M","ALBION RIVERSIDE PARK IMPROVEMENTS",,,,,,,,,,"2",,,,,,,,,,,"100001158 - TETRA TECH INC"
"2986859","2016","APPROPRIATIONS TO SPECIAL PURPOSE FUND","TETRA TECH INC","2015-12-02T00:00:00.000","27345.8","CO120705","0000697684","GENERAL GOVERNMENT","GOVERNMENTAL","CAPITAL PROJECTS","GOB 2008A CLEAN WATER CLEANUP","16Q","ALISO CREEK-LIMEKILN CREEK RESTORATION","50KYAG","AD26160000033572","SUPPLIES & OTHER SERVICES",,"6","2016-06 (DEC)","2016-02","12","DECEMBER,2015","DECEMBER","FMS","TETRA TECH, INC.","http://cityclerk.lacity.org/lacityclerkconnect/index.cfm?fa=ccon.viewrecord&contractnum=C-120705","50","GOB 2008A CLEAN WATER CLEANUP","100001158",,"CHECK","PAID","GAX501616Q500092",,,"2015-10-27T00:00:00.000","1","1","GAE50CO13120705M","ALISO CREEK-LIMEKILN CREEK RESTORATION",,,,,,,,,,"5",,,,,,,,,,,"100001158 - TETRA TECH INC"
"2977479","2016","APPROPRIATIONS TO SPECIAL PURPOSE FUND","ICF JONES & STOKES, INC.","2015-12-22T00:00:00.000","21156.26","CO123097","0000861804","GENERAL GOVERNMENT","GOVERNMENTAL","CAPITAL PROJECTS","GOB 2011A CLEAN WATER CLEANUP","16V","MACHADO LAKE ECOSYSTEM REHAB","50HWAA","AD26160000037705","SUPPLIES & OTHER SERVICES",,"6","2016-06 (DEC)","2016-02","12","DECEMBER,2015","DECEMBER","FMS","ICF JONES & STOKES, INC.","http://cityclerk.lacity.org/lacityclerkconnect/index.cfm?fa=ccon.viewrecord&contractnum=C-123097","50","GOB 2011A CLEAN WATER CLEANUP","100024616",,"CHECK","PAID","GAX501616V500105",,,"2015-11-06T00:00:00.000","1","2","GAE50CO14123097M","MACHADO LAKE ECOSYSTEM REHAB",,,,,,,,,,"2",,,,,,,,,,,"100024616 - ICF JONES & STOKES, INC."
"2986773","2016","APPROPRIATIONS TO SPECIAL PURPOSE FUND","MIKE PRLICH & SONS INC","2015-12-28T00:00:00.000","20385.22","CO121378","0000953651","GENERAL GOVERNMENT","GOVERNMENTAL","CAPITAL PROJECTS","GOB 2011A CLEAN WATER CLEANUP","16V","BROADWAY STRMWTR GREENWAY","50KXAC","AD26160000038594","IMPROVEMENTS OTHER THAN BUILDINGS",,"6","2016-06 (DEC)","2016-02","12","DECEMBER,2015","DECEMBER","FMS","MIKE PRLICH & SONS, INC.","http://cityclerk.lacity.org/lacityclerkconnect/index.cfm?fa=ccon.viewrecord&contractnum=C-121378","50","GOB 2011A CLEAN WATER CLEANUP","100002237","91706","CHECK","PAID","GAX501616V500112",,,"2015-12-18T00:00:00.000","1","1","GAE50CO16121378KO","BROADWAY STRMWTR GREENWAY",,,,,,,,,,"1",,,,,,,,,,,"100002237 - MIKE PRLICH & SONS INC"
"2986795","2016","APPROPRIATIONS TO SPECIAL PURPOSE FUND","ARCADIS U.S. INC","2015-12-02T00:00:00.000","17358.35","CO120715","0000143256","GENERAL GOVERNMENT","GOVERNMENTAL","CAPITAL PROJECTS","GOB 2008A CLEAN WATER CLEANUP","16Q","SMBLFD P3 PH2","50KWAD","AD26160000033580","SUPPLIES & OTHER SERVICES",,"6","2016-06 (DEC)","2016-02","12","DECEMBER,2015","DECEMBER","FMS","ARCADIS U.S., INC.","http://cityclerk.lacity.org/lacityclerkconnect/index.cfm?fa=ccon.viewrecord&contractnum=C-120715","50","GOB 2008A CLEAN WATER CLEANUP","100035931",,"CHECK","PAID","GAX501616Q500090",,,"2015-10-30T00:00:00.000","1","1","GAE50CO13120715M","SMBLFD P3 PH2",,,,,,,,,,"10",,,,,,,,,,,"100035931 - ARCADIS U.S. INC"
"2985838","2016","APPROPRIATIONS TO SPECIAL PURPOSE FUND","AECOM TECHNICAL SERVICES, INC","2015-12-08T00:00:00.000","12618.95","CO120714","0000050695","GENERAL GOVERNMENT","GOVERNMENTAL","CAPITAL PROJECTS","GOB 2009 CLEAN WATER CLEANUP","16T","TEMESCAL CANYON PRK STORMWATER","50FD14","AD26160000034861","SUPPLIES & OTHER SERVICES",,"6","2016-06 (DEC)","2016-02","12","DECEMBER,2015","DECEMBER","FMS","AECOM TECHNICAL SERVICES, INC.","http://cityclerk.lacity.org/lacityclerkconnect/index.cfm?fa=ccon.viewrecord&contractnum=C-120714","50","GOB 2009 CLEAN WATER CLEANUP","100032542","60674","CHECK","PAID","GAX501616T5000100",,,"2015-10-22T00:00:00.000","1","1","GAE50CO13120714M","TEMESCAL CANYON PRK STORMWATER",,,,,,,,,,"1",,,,,,,,,,,"100032542 - AECOM TECHNICAL SERVICES, INC"
"2980086","2016","APPROPRIATIONS TO SPECIAL PURPOSE FUND","ICF JONES & STOKES, INC.","2015-12-02T00:00:00.000","11656.35","CO123097","0000861804","GENERAL GOVERNMENT","GOVERNMENTAL","CAPITAL PROJECTS","GOB 2008A CLEAN WATER CLEANUP","16Q","MACHADO LAKE-PHASE I","50EA19","AD26160000033578","SUPPLIES & OTHER SERVICES",,"6","2016-06 (DEC)","2016-02","12","DECEMBER,2015","DECEMBER","FMS","ICF JONES & STOKES, INC.","http://cityclerk.lacity.org/lacityclerkconnect/index.cfm?fa=ccon.viewrecord&contractnum=C-123097","50","GOB 2008A CLEAN WATER CLEANUP","100024616",,"CHECK","PAID","GAX501616Q500095",,,"2015-10-20T00:00:00.000","1","1","GAE50CO14123097M","MACHADO LAKE-PHASE I",,,,,,,,,,"2",,,,,,,,,,,"100024616 - ICF JONES & STOKES, INC."
"2986775","2016","APPROPRIATIONS TO SPECIAL PURPOSE FUND","MIKE PRLICH & SONS INC","2015-12-08T00:00:00.000","8690.5","CO121378","0000953651","GENERAL GOVERNMENT","GOVERNMENTAL","CAPITAL PROJECTS","GOB 2011A CLEAN WATER CLEANUP","16V","BROADWAY STRMWTR GREENWAY","50KXAC","AD26160000034912","IMPROVEMENTS OTHER THAN BUILDINGS",,"6","2016-06 (DEC)","2016-02","12","DECEMBER,2015","DECEMBER","FMS","MIKE PRLICH & SONS, INC.","http://cityclerk.lacity.org/lacityclerkconnect/index.cfm?fa=ccon.viewrecord&contractnum=C-121378","50","GOB 2011A CLEAN WATER CLEANUP","100002237","91706","CHECK","PAID","GAX501616V500097",,,"2015-11-25T00:00:00.000","1","1","GAE50CO16121378KO","BROADWAY STRMWTR GREENWAY",,,,,,,,,,"1",,,,,,,,,,,"100002237 - MIKE PRLICH & SONS INC"
"2977477","2016","APPROPRIATIONS TO SPECIAL PURPOSE FUND","CAROLLO ENGINEERS APC","2015-12-28T00:00:00.000","5450.09","CO120707","0000659039","GENERAL GOVERNMENT","GOVERNMENTAL","CAPITAL PROJECTS","GOB 2009 CLEAN WATER CLEANUP","16T","PENMAR WATER QLTY PHASE II","50FZAA","AD26160000038555","SUPPLIES & OTHER SERVICES",,"6","2016-06 (DEC)","2016-02","12","DECEMBER,2015","DECEMBER","FMS","CAROLLO ENGINEERS","http://cityclerk.lacity.org/lacityclerkconnect/index.cfm?fa=ccon.viewrecord&contractnum=C-120707","50","GOB 2009 CLEAN WATER CLEANUP","100024382",,"CHECK","PAID","GAX501616T500109",,,"2015-11-23T00:00:00.000","1","1","GAE50CO13120707M","PENMAR WATER QLTY PHASE II",,,,,,,,,,"1",,,,,,,,,,,"100024382 - CAROLLO ENGINEERS APC"
"2980161","2016","APPROPRIATIONS TO SPECIAL PURPOSE FUND","CDM SMITH INC","2015-12-21T00:00:00.000","4948.19","CO120703","0002002979","GENERAL GOVERNMENT","GOVERNMENTAL","CAPITAL PROJECTS","GOB 2009 CLEAN WATER CLEANUP","16T","MACHADO LAKE-PHASE I","50FC18","AD26160000037212","SUPPLIES & OTHER SERVICES",,"6","2016-06 (DEC)","2016-02","12","DECEMBER,2015","DECEMBER","FMS","CDM SMITH INC.","http://cityclerk.lacity.org/lacityclerkconnect/index.cfm?fa=ccon.viewrecord&contractnum=C-120703","50","GOB 2009 CLEAN WATER CLEANUP","100001119",,"CHECK","PAID","GAX501616T500103",,,"2015-11-30T00:00:00.000","1","1","GAE50CO15120703M","MACHADO LAKE-PHASE I",,,,,,,,,,"1",,,,,,,,,,,"100001119 - CDM SMITH INC"
"2978496","2016","APPROPRIATIONS TO SPECIAL PURPOSE FUND","CAROLLO ENGINEERS APC","2015-12-28T00:00:00.000","4835.6","CO120707","0000659039","GENERAL GOVERNMENT","GOVERNMENTAL","CAPITAL PROJECTS","GOB 2009 CLEAN WATER CLEANUP","16T","TEMESCAL CANYON PRK PHASE II","50FD17","AD26160000038555","SUPPLIES & OTHER SERVICES",,"6","2016-06 (DEC)","2016-02","12","DECEMBER,2015","DECEMBER","FMS","CAROLLO ENGINEERS","http://cityclerk.lacity.org/lacityclerkconnect/index.cfm?fa=ccon.viewrecord&contractnum=C-120707","50","GOB 2009 CLEAN WATER CLEANUP","100024382",,"CHECK","PAID","GAX501616T500109",,,"2015-11-23T00:00:00.000","1","2","GAE50CO13120707M","TEMESCAL CANYON PRK PHASE II",,,,,,,,,,"2",,,,,,,,,,,"100024382 - CAROLLO ENGINEERS APC"
"2980085","2016","APPROPRIATIONS TO SPECIAL PURPOSE FUND","ICF JONES & STOKES, INC.","2015-12-02T00:00:00.000","3975.76","CO123097","0000861804","GENERAL GOVERNMENT","GOVERNMENTAL","CAPITAL PROJECTS","GOB 2008A CLEAN WATER CLEANUP","16Q","MACHADO LAKE-PHASE I","50EA19","AD26160000033578","SUPPLIES & OTHER SERVICES",,"6","2016-06 (DEC)","2016-02","12","DECEMBER,2015","DECEMBER","FMS","ICF JONES & STOKES, INC.","http://cityclerk.lacity.org/lacityclerkconnect/index.cfm?fa=ccon.viewrecord&contractnum=C-123097","50","GOB 2008A CLEAN WATER CLEANUP","100024616",,"CHECK","PAID","GAX501616T500094",,,"2015-11-01T00:00:00.000","1","3","GAE50CO14123097M","MACHADO LAKE-PHASE I",,,,,,,,,,"2",,,,,,,,,,,"100024616 - ICF JONES & STOKES, INC."
"2980162","2016","APPROPRIATIONS TO SPECIAL PURPOSE FUND","ICF JONES & STOKES, INC.","2015-12-02T00:00:00.000","1336.14","CO123097","0000861804","GENERAL GOVERNMENT","GOVERNMENTAL","CAPITAL PROJECTS","GOB 2009 CLEAN WATER CLEANUP","16T","MACHADO LAKE-PHASE I","50FC18","AD26160000033578","SUPPLIES & OTHER SERVICES",,"6","2016-06 (DEC)","2016-02","12","DECEMBER,2015","DECEMBER","FMS","ICF JONES & STOKES, INC.","http://cityclerk.lacity.org/lacityclerkconnect/index.cfm?fa=ccon.viewrecord&contractnum=C-123097","50","GOB 2009 CLEAN WATER CLEANUP","100024616",,"CHECK","PAID","GAX501616T500094",,,"2015-11-01T00:00:00.000","1","2","GAE50CO14123097M","MACHADO LAKE-PHASE I",,,,,,,,,,"1",,,,,,,,,,,"100024616 - ICF JONES & STOKES, INC."
"2980084","2016","APPROPRIATIONS TO SPECIAL PURPOSE FUND","ICF JONES & STOKES, INC.","2015-12-22T00:00:00.000","904.18","CO123097","0000861804","GENERAL GOVERNMENT","GOVERNMENTAL","CAPITAL PROJECTS","GOB 2008A CLEAN WATER CLEANUP","16Q","MACHADO LAKE-PHASE I","50EA19","AD26160000037705","SUPPLIES & OTHER SERVICES",,"6","2016-06 (DEC)","2016-02","12","DECEMBER,2015","DECEMBER","FMS","ICF JONES & STOKES, INC.","http://cityclerk.lacity.org/lacityclerkconnect/index.cfm?fa=ccon.viewrecord&contractnum=C-123097","50","GOB 2008A CLEAN WATER CLEANUP","100024616",,"CHECK","PAID","GAX501616Q500104",,,"2015-12-01T00:00:00.000","1","1","GAE50CO14123097M","MACHADO LAKE-PHASE I",,,,,,,,,,"1",,,,,,,,,,,"100024616 - ICF JONES & STOKES, INC."
"2902939","2016","APPROPRIATIONS TO SPECIAL PURPOSE FUND","OHL-USA INC","2015-11-13T00:00:00.000","1638924.07","CO123672","0002732354","GENERAL GOVERNMENT","GOVERNMENTAL","CAPITAL PROJECTS","GOB 2011A CLEAN WATER CLEANUP","16V","MACHADO LAKE ECOSYSTEM REHAB","50HYAC","AD26160000029806","IMPROVEMENTS OTHER THAN BUILDINGS",,"5","2016-05 (NOV)","2016-02","11","NOVEMBER,2015","NOVEMBER","FMS","OHL USA, INC.","http://cityclerk.lacity.org/lacityclerkconnect/index.cfm?fa=ccon.viewrecord&contractnum=C-123672","50","GOB 2011A CLEAN WATER CLEANUP","VC0000014741",,"CHECK","PAID","GAX501616V500085",,,"2015-11-09T00:00:00.000","1","1","GAE50CO14123672KO","MACHADO LAKE ECOSYSTEM REHAB",,,,,,,,,,"2",,,,,,,,,,,"VC0000014741 - OHL-USA INC"
"2911943","2016","APPROPRIATIONS TO SPECIAL PURPOSE FUND","MIKE PRLICH & SONS INC","2015-11-04T00:00:00.000","192972.55","CO121378","0000953651","GENERAL GOVERNMENT","GOVERNMENTAL","CAPITAL PROJECTS","GOB 2011A CLEAN WATER CLEANUP","16V","BROADWAY STRMWTR GREENWAY","50KXAC","AD26160000028015","IMPROVEMENTS OTHER THAN BUILDINGS",,"5","2016-05 (NOV)","2016-02","11","NOVEMBER,2015","NOVEMBER","FMS","MIKE PRLICH & SONS, INC.","http://cityclerk.lacity.org/lacityclerkconnect/index.cfm?fa=ccon.viewrecord&contractnum=C-121378","50","GOB 2011A CLEAN WATER CLEANUP","100002237","91706","CHECK","PAID","GAX501616V500081",,,"2015-10-29T00:00:00.000","1","1","GAE50CO16121378KO","BROADWAY STRMWTR GREENWAY",,,,,,,,,,"1",,,,,,,,,,,"100002237 - MIKE PRLICH & SONS INC"
"2902938","2016","APPROPRIATIONS TO SPECIAL PURPOSE FUND","OHL-USA INC","2015-11-12T00:00:00.000","86259.16","CO123672","0002732354","GENERAL GOVERNMENT","GOVERNMENTAL","CAPITAL PROJECTS","GOB 2011A CLEAN WATER CLEANUP","16V","MACHADO LAKE ECOSYSTEM REHAB","50HYAC","EFT26160000003454","IMPROVEMENTS OTHER THAN BUILDINGS",,"5","2016-05 (NOV)","2016-02","11","NOVEMBER,2015","NOVEMBER","FMS","OHL USA, INC.","http://cityclerk.lacity.org/lacityclerkconnect/index.cfm?fa=ccon.viewrecord&contractnum=C-123672","50","GOB 2011A CLEAN WATER CLEANUP","VC0000014741","10017","EFT","PAID","GAX501616V500086",,,"2015-11-09T00:00:00.000","1","1","GAE50CO14123672KO","MACHADO LAKE ECOSYSTEM REHAB",,,,,,,,,,"2",,,,,,,,,,,"VC0000014741 - OHL-USA INC"
"2911990","2016","APPROPRIATIONS TO SPECIAL PURPOSE FUND","TETRA TECH INC","2015-11-04T00:00:00.000","22831.8","CO120705","0000697684","GENERAL GOVERNMENT","GOVERNMENTAL","CAPITAL PROJECTS","GOB 2009 CLEAN WATER CLEANUP","16T","ALBION RIVERSIDE PARK IMPROVEMENTS","50KXAD","AD26160000028014","SUPPLIES & OTHER SERVICES",,"5","2016-05 (NOV)","2016-02","11","NOVEMBER,2015","NOVEMBER","FMS","TETRA TECH, INC.","http://cityclerk.lacity.org/lacityclerkconnect/index.cfm?fa=ccon.viewrecord&contractnum=C-120705","50","GOB 2009 CLEAN WATER CLEANUP","100001158",,"CHECK","PAID","GAX501616T500083",,,"2015-10-28T00:00:00.000","1","1","GAE50CO13120705M","ALBION RIVERSIDE PARK IMPROVEMENTS",,,,,,,,,,"2",,,,,,,,,,,"100001158 - TETRA TECH INC"
"2902991","2016","APPROPRIATIONS TO SPECIAL PURPOSE FUND","ARCADIS U.S. INC","2015-11-17T00:00:00.000","22655.84","CO120715","0000143256","GENERAL GOVERNMENT","GOVERNMENTAL","CAPITAL PROJECTS","GOB 2009 CLEAN WATER CLEANUP","16T","MACHADO LAKE ECOSYSTEM REHAB","50FC19","AD26160000030411","SUPPLIES & OTHER SERVICES",,"5","2016-05 (NOV)","2016-02","11","NOVEMBER,2015","NOVEMBER","FMS","ARCADIS U.S., INC.","http://cityclerk.lacity.org/lacityclerkconnect/index.cfm?fa=ccon.viewrecord&contractnum=C-120715","50","GOB 2009 CLEAN WATER CLEANUP","100035931",,"CHECK","PAID","GAX501616T500087",,,"2015-10-30T00:00:00.000","1","2","GAE50CO13120715M","MACHADO LAKE ECOSYSTEM REHAB",,,,,,,,,,"3",,,,,,,,,,,"100035931 - ARCADIS U.S. INC"
"2911942","2016","APPROPRIATIONS TO SPECIAL PURPOSE FUND","ARCADIS U.S. INC","2015-11-05T00:00:00.000","17718.15","CO120715","0000143256","GENERAL GOVERNMENT","GOVERNMENTAL","CAPITAL PROJECTS","GOB 2011A CLEAN WATER CLEANUP","16V","BROADWAY STRMWTR GREENWAY","50KXAC","AD26160000028294","SUPPLIES & OTHER SERVICES",,"5","2016-05 (NOV)","2016-02","11","NOVEMBER,2015","NOVEMBER","FMS","ARCADIS U.S., INC.","http://cityclerk.lacity.org/lacityclerkconnect/index.cfm?fa=ccon.viewrecord&contractnum=C-120715","50","GOB 2011A CLEAN WATER CLEANUP","100035931",,"CHECK","PAID","GAX501616V500084",,,"2015-10-30T00:00:00.000","1","1","GAE50CO13120715M","BROADWAY STRMWTR GREENWAY",,,,,,,,,,"11",,,,,,,,,,,"100035931 - ARCADIS U.S. INC"
"2911941","2016","APPROPRIATIONS TO SPECIAL PURPOSE FUND","MIKE PRLICH & SONS INC","2015-11-04T00:00:00.000","10156.45","CO121378","0000953651","GENERAL GOVERNMENT","GOVERNMENTAL","CAPITAL PROJECTS","GOB 2011A CLEAN WATER CLEANUP","16V","BROADWAY STRMWTR GREENWAY","50KXAC","AD26160000028015","IMPROVEMENTS OTHER THAN BUILDINGS",,"5","2016-05 (NOV)","2016-02","11","NOVEMBER,2015","NOVEMBER","FMS","MIKE PRLICH & SONS, INC.","http://cityclerk.lacity.org/lacityclerkconnect/index.cfm?fa=ccon.viewrecord&contractnum=C-121378","50","GOB 2011A CLEAN WATER CLEANUP","100002237","91706","CHECK","PAID","GAX501616V500082",,,"2015-11-03T00:00:00.000","1","2","GAE50CO16121378KO","BROADWAY STRMWTR GREENWAY",,,,,,,,,,"1",,,,,,,,,,,"100002237 - MIKE PRLICH & SONS INC"
"2905902","2016","APPROPRIATIONS TO SPECIAL PURPOSE FUND","ARCADIS U.S. INC","2015-11-17T00:00:00.000","5110.88","CO120715","0000143256","GENERAL GOVERNMENT","GOVERNMENTAL","CAPITAL PROJECTS","GOB 2009 CLEAN WATER CLEANUP","16T","MACHADO LAKE-PHASE I","50FC18","AD26160000030411","SUPPLIES & OTHER SERVICES",,"5","2016-05 (NOV)","2016-02","11","NOVEMBER,2015","NOVEMBER","FMS","ARCADIS U.S., INC.","http://cityclerk.lacity.org/lacityclerkconnect/index.cfm?fa=ccon.viewrecord&contractnum=C-120715","50","GOB 2009 CLEAN WATER CLEANUP","100035931",,"CHECK","PAID","GAX501616T500087",,,"2015-10-30T00:00:00.000","1","3","GAE50CO13120715M","MACHADO LAKE-PHASE I",,,,,,,,,,"5",,,,,,,,,,,"100035931 - ARCADIS U.S. INC"
"2906323","2016","APPROPRIATIONS TO SPECIAL PURPOSE FUND","ARCADIS U.S. INC","2015-11-17T00:00:00.000","3979.5","CO120715","0000143256","GENERAL GOVERNMENT","GOVERNMENTAL","CAPITAL PROJECTS","GOB 2008A CLEAN WATER CLEANUP","16Q","SMB/BC MAR VISTA RECREATION CT","50EA14","AD26160000030411","SUPPLIES & OTHER SERVICES",,"5","2016-05 (NOV)","2016-02","11","NOVEMBER,2015","NOVEMBER","FMS","ARCADIS U.S., INC.","http://cityclerk.lacity.org/lacityclerkconnect/index.cfm?fa=ccon.viewrecord&contractnum=C-120715","50","GOB 2008A CLEAN WATER CLEANUP","100035931",,"CHECK","PAID","GAX501616Q500088",,,"2015-10-30T00:00:00.000","1","1","GAE50CO13120715M","SMB/BC MAR VISTA RECREATION CT",,,,,,,,,,"4",,,,,,,,,,,"100035931 - ARCADIS U.S. INC"
"2902937","2016","APPROPRIATIONS TO SPECIAL PURPOSE FUND","ARCADIS U.S. INC","2015-11-17T00:00:00.000","3856.07","CO120715","0000143256","GENERAL GOVERNMENT","GOVERNMENTAL","CAPITAL PROJECTS","GOB 2009 CLEAN WATER CLEANUP","16T","PENMAR WATER QLTY PHASE II","50FZAA","AD26160000030411","SUPPLIES & OTHER SERVICES",,"5","2016-05 (NOV)","2016-02","11","NOVEMBER,2015","NOVEMBER","FMS","ARCADIS U.S., INC.","http://cityclerk.lacity.org/lacityclerkconnect/index.cfm?fa=ccon.viewrecord&contractnum=C-120715","50","GOB 2009 CLEAN WATER CLEANUP","100035931",,"CHECK","PAID","GAX501616T500087",,,"2015-10-30T00:00:00.000","1","4","GAE50CO13120715M","PENMAR WATER QLTY PHASE II",,,,,,,,,,"8",,,,,,,,,,,"100035931 - ARCADIS U.S. INC"
"2854200","2016","APPROPRIATIONS TO SPECIAL PURPOSE FUND","OHL-USA INC","2015-10-27T00:00:00.000","1687025.09","CO123672","0002732354","GENERAL GOVERNMENT","GOVERNMENTAL","CAPITAL PROJECTS","GOB 2011A CLEAN WATER CLEANUP","16V","MACHADO LAKE ECOSYSTEM REHAB","50HWAA","AD26160000026211","IMPROVEMENTS OTHER THAN BUILDINGS",,"4","2016-04 (OCT)","2016-02","10","OCTOBER,2015","OCTOBER","FMS","OHL USA, INC.","http://cityclerk.lacity.org/lacityclerkconnect/index.cfm?fa=ccon.viewrecord&contractnum=C-123672","50","GOB 2011A CLEAN WATER CLEANUP","VC0000014741",,"CHECK","PAID","GAX501616V500075",,,"2015-10-20T00:00:00.000","1","1","GAE50CO14123672KO","MACHADO LAKE ECOSYSTEM REHAB",,,,,,,,,,"1",,,,,,,,,,,"VC0000014741 - OHL-USA INC"
